0000 184 205 204 235 104 197 123 226
0001 190 203 210 239 090 196 119 225
0002 198 210 219 239 079 188 108 215
0003 207 206 229 239 053 169 088 195
0004 220 203 247 238 029 135 071 165
0005 225 203 262 237 025 104 061 129
0006 234 197 270 236 026 066 062 095
0007 236 201 269 237 044 028 072 067
0008 224 200 261 238 067 007 093 041
0009 215 203 253 239
0010 210 205 249 239
0011 208 202 242 239 137 019 182 050
0012 204 203 241 239 160 048 202 078
0013 212 204 240 236 179 083 219 109
0014 216 200 243 234 190 101 232 133
0015 213 202 241 235 191 118 237 154
0016 211 202 246 236 186 135 230 168
0017 204 201 238 237 174 154 217 187
0018 207 202 230 234 170 155 215 188
0019 202 203 221 234 150 160 191 191
0020 191 206 212 234 136 163 175 192
0021 187 199 208 235 126 169 163 200
0022 185 198 205 234 126 181 148 210
0023 185 197 205 233 119 186 140 217
