0000 105 201 124 235 176 202 199 239
0001 104 201 124 235 175 202 198 239
0002 106 203 125 236 174 201 198 239
0003 106 203 125 236 174 202 198 239
0004 106 204 125 236 173 202 201 239
0005 175 200 198 239 103 204 123 236
0006 099 199 124 238 174 199 198 238
0007 174 200 202 239 100 192 133 229
0008 174 203 199 239 107 182 143 216
0009 173 202 198 239 120 160 163 194
0010 172 202 198 239
0011 175 205 196 239 150 131 184 160
0012 176 205 197 238
0013 175 201 201 239
0014 174 200 198 238
0015 175 199 198 238
0016 176 204 197 238
0017 173 199 201 237
0018 176 201 198 239
0019 175 204 196 238
0020 175 204 197 239
0021 175 198 198 239
0022 176 201 197 235
0023 174 199 202 239
0024 177 204 198 236
0025 174 201 201 239
0026 172 198 200 238
0027 172 200 200 239
0028 173 199 197 239
0029 172 202 199 239
0030 176 204 198 239 120 150 174 183
0031 173 199 197 239 120 160 160 189
0032 175 201 198 239 119 169 159 201
0033 175 200 198 239 118 179 149 209
0034 176 201 199 239 110 184 136 213
0035 175 204 198 238 106 190 132 224
0036 105 194 126 230 173 202 202 237
0037 105 200 124 231 176 200 200 238
0038 176 204 198 239 101 197 123 234
0039 178 201 200 234 103 199 123 233
0040 174 200 199 238 101 196 125 237
0041 100 200 125 239 177 203 199 236
0042 176 205 198 236 102 201 122 233
0043 178 202 199 235 100 201 119 231
0044 175 202 197 237 101 197 121 234
0045 174 204 198 239 104 198 124 230
0046 175 204 197 236 104 198 123 230
0047 177 200 199 234 102 196 122 233
0048 176 202 198 237 103 199 122 230
0049 173 196 201 237 102 201 122 231
0050 175 198 202 238 102 200 122 231
