0000 095 213 128 239 203 206 238 239
0001 099 208 126 236 202 212 236 239
0002 094 208 123 239 200 212 231 239
0003 204 217 229 239 094 212 125 239
0004 083 194 121 234 206 214 233 239
0005 205 212 232 239 073 161 109 199
0006 204 211 237 239 063 113 103 153
0007 205 209 231 239 072 039 113 090
0008 084 016 133 063 207 212 240 239
0009 205 206 237 239 094 009 140 057
0010 205 207 240 239
0011 203 212 237 239
0012 206 212 234 239 099 017 144 054
0013 203 208 234 239
0014 200 208 235 239
0015 204 204 237 239
0016 205 203 239 239
0017 207 204 235 237
0018 200 207 234 239
0019 209 207 236 235
0020 205 207 240 239
0021 205 206 237 239
0022 199 208 237 239
0023 204 209 235 239 095 020 141 058
0024 206 211 234 239 091 021 142 060
0025 203 206 231 239 092 034 127 081
0026 200 206 234 239 087 054 119 096
0027 199 207 233 239 075 117 110 154
0028 204 204 232 239 076 176 109 216
0029 205 209 230 239 087 197 110 235
0030 207 212 234 239 091 206 115 238
0031 090 209 117 239 208 210 241 239
