0000 126 203 163 237 085 212 127 239
0001 124 204 162 237 092 214 127 239
0002 119 206 157 239 092 215 127 239
0003 118 207 158 239 091 214 127 239
0004 122 208 161 239 090 213 126 239
0005 126 212 162 239
0006 120 211 165 239
0007 127 208 167 239
0008 134 211 173 239 048 210 083 238
0009 025 206 066 239 138 213 168 239
0010 014 195 049 222 142 216 178 239
0011 151 216 175 239
0012 152 215 185 239
0013 156 217 179 239
0014 018 065 057 103 156 217 179 239
0015 103 098 133 132
0019 121 011 175 054 155 219 178 239
0020 143 039 211 067
0021 131 071 206 108
0022 147 124 194 177 101 101 154 138 160 216 184 239
0023 098 131 139 177 121 174 158 225
0024 096 202 129 239
0025 075 216 104 239 161 212 190 239
0026 066 209 089 239 163 211 192 239
0027 160 209 188 239 064 213 087 237
0028 160 220 183 239 065 217 094 239
0029 155 212 180 239
0030 151 218 175 239
0031 145 218 172 239
0032 136 209 170 239 076 210 106 239
0033 125 212 170 239 084 212 107 239
0034 122 205 160 239 086 215 112 239
0035 083 213 120 239
0038 114 208 143 239 085 211 116 239
