0000 108 200 152 239
0001 104 200 145 239
0002 105 194 146 239
0003 103 192 148 239
0004 100 195 143 239
0005 099 196 139 239
0006 097 195 139 239
0007 098 190 139 239
0008 097 193 140 239
0009 100 192 142 239 274 144 314 191
0010 099 191 141 239 255 155 302 200
0011 099 189 145 239 252 168 302 216
0012 248 177 294 226 101 187 152 239
0013 256 185 295 228 108 175 154 227
0014 234 180 287 226 114 166 160 222
0015 236 177 287 229 117 154 160 215
0016 236 175 286 229 120 142 169 204
0017 239 176 290 229 115 132 170 188
0018 236 175 287 229 121 125 174 185
0019 239 173 289 229 121 126 174 181
0020 126 121 178 173 224 165 273 225
0021 124 112 178 172 221 165 274 220
0022 127 118 177 172 206 142 257 184 209 171 246 205
0023 129 117 182 169 201 139 250 194
0024 134 123 190 170 195 131 248 176
0025 133 117 183 170 194 124 247 169
0026 190 125 244 169 133 113 183 170
0027 187 116 246 164 133 115 185 173
0028 190 114 246 163 134 109 184 172
0029 133 110 183 165 188 111 247 161
0030 136 103 185 160 184 107 243 159
0031 140 103 188 161 188 111 247 155
0032 133 108 185 167 182 104 239 154
0033 141 109 187 159 180 108 238 154
0034 184 114 241 158 148 112 187 156
0035 185 114 243 155 140 110 184 165
0036 137 108 184 163 185 115 244 155
0037 186 115 244 158 140 112 188 169
0038 138 109 185 163 186 115 245 159
0039 186 108 244 153 140 109 186 169
0040 140 109 185 167 186 114 244 158
0041 138 113 188 170 184 111 243 157
0042 194 109 244 156 137 107 184 167
0043 187 111 240 154 144 114 193 171
0044 137 114 185 172 185 109 224 151
0045 195 113 239 157 138 111 189 166
0046 194 111 242 160 142 115 186 167
0047 195 114 239 157 139 113 182 170
0048 134 114 182 172 182 113 237 157
0049 137 116 181 169 179 111 216 151 196 115 237 161
0050 134 120 183 176 183 113 235 160
0051 184 113 241 155 136 114 185 170
0052 136 116 185 168 185 108 234 154
0053 133 120 185 173 185 114 235 160
0054 137 115 184 173 188 117 246 158
0055 181 115 237 156 141 111 187 165
0056 138 116 185 168 180 115 237 157
0057 132 119 186 176 184 117 238 157
0058 186 112 237 155 136 115 185 170
0059 134 116 186 174 188 117 240 157
0060 184 113 243 158 134 118 184 175
0061 184 111 235 158 134 125 181 174
0062 182 110 241 158 135 119 180 175
0063 194 114 239 159 138 115 179 172
0064 194 113 240 159 134 120 181 175
0065 186 113 243 159 136 117 182 175
0066 131 137 183 186 196 122 251 171
0067 214 149 260 206 111 162 158 217
0068 101 160 151 216 225 150 267 209
0069 081 189 123 237 245 168 303 223
0070 073 196 114 239 252 183 308 235
0071 252 190 306 236
0072 254 191 302 237 082 216 109 239
0073 256 184 301 231 081 211 110 239
0074 253 187 308 236 083 204 113 239
0075 252 187 302 238
