0000 109 181 130 215 183 178 204 214
0001 109 180 130 214 184 176 205 212
0002 109 181 131 215 184 172 205 209
0003 109 181 131 215 185 172 207 209
0004 110 181 131 216 186 165 209 201
0005 109 181 131 217 189 152 212 186
0006 109 180 131 216 190 141 213 170
0007 109 180 130 216 182 117 214 149
0008 109 180 130 215 187 096 210 131
0009 174 065 205 106 109 179 130 215
0010 109 179 130 215 167 051 190 084
0011 109 182 130 217 155 055 190 086
0012 109 180 131 215 154 042 184 090
0013 109 179 130 214 159 051 184 089
0014 108 179 130 214 155 046 185 089
0015 108 180 130 215
0016 108 181 129 216
0017 109 179 129 214
0018 109 181 130 215
0019 109 180 130 214 160 053 185 090
0020 109 180 129 215 167 051 191 083
0021 108 180 129 216 179 060 203 094
0022 108 180 129 215 189 075 215 121
0023 109 181 129 215 199 111 229 141
0024 108 179 129 216 194 135 227 166
0025 109 182 130 215 197 153 222 183
0026 111 183 128 216 193 166 215 201
0027 111 183 128 215 187 174 206 209
0028 110 182 130 215 182 179 202 211
0029 111 182 129 214
0030 110 178 130 212 184 174 203 205
0031 111 179 131 215 185 171 205 204
0032 187 176 206 208 111 183 132 215
0033 111 183 132 216 185 170 206 208
0034 111 183 131 215 183 177 202 209
