0000 160 220 192 239
0001 156 219 196 239
0002 156 216 197 239
0003 153 213 196 239
0004 156 205 194 239
0005 158 184 202 239
0006 161 146 205 194
0007 159 109 209 173
0008 164 058 202 141
0009 162 047 203 138
0010 162 042 205 129
0011 165 039 207 129
0012 164 040 209 129
0013 165 039 207 128
0014 164 037 208 127
0015 167 036 211 124
0016 168 039 208 125
0017 170 040 208 124
0018 169 032 213 122
0019 172 030 211 119
0020 171 031 212 117
0021 171 030 211 119
0022 170 031 212 123
0023 172 030 211 116
0024 170 031 212 122
0025 169 027 211 123
0026 171 034 216 120
0027 170 031 209 118
0028 171 034 210 119
0029 169 047 208 129
0030 168 069 208 149
0031 157 139 195 182
0032 144 181 185 239
0033 151 206 181 239
0034 155 211 186 239
0035 154 213 186 239
