0001 156 219 188 239
0002 180 185 222 223
0003 202 156 247 196
0004 223 143 280 174
0005 232 143 292 171
0006 238 142 297 170
0007 230 142 296 172
0008 237 134 292 164
0009 239 121 282 147
0010 226 110 273 141
0011 213 109 257 140
0012 198 119 240 159
0013 186 159 227 204
0014 182 183 220 231
0015 172 196 212 239
0017 147 203 181 239
0018 141 192 180 234
0019 135 175 170 210
0020 129 158 168 192
0021 118 149 163 180
0022 109 149 156 181
0023 112 148 159 180
0024 108 151 150 179
0025 107 157 154 184 170 191 192 232
0026 112 156 157 188
0027 112 150 156 179
0028 116 156 157 189
0029 123 175 165 221
0030 132 197 171 236
0031 134 209 172 239
