0006 127 212 169 239
0007 128 195 175 239
0008 132 172 182 221
0009 133 136 190 200
0010 141 109 192 186
0011 146 093 191 169
0012 144 084 192 156
0013 150 072 193 150
0014 151 068 194 147
0015 154 068 197 147
0016 148 072 195 141
0017 155 066 196 144
0018 153 065 198 134
0019 156 061 195 144
0020 151 054 197 135
0021 153 058 202 129
0022 159 055 201 129
0023 159 054 196 125
0024 159 054 194 121
0025 158 050 198 119
0026 163 055 197 123
0027 160 055 196 125
0028 159 055 196 123
0029 159 053 198 122
0030 158 055 195 124
0031 157 052 197 117
0032 156 054 200 122
0033 156 056 200 120
0034 155 060 197 125
0035 156 052 198 125
0036 154 054 199 118
0037 154 053 198 124
0038 156 051 199 125
0039 151 052 196 125
0040 152 059 196 126
0041 150 057 193 127
0042 151 057 197 126
0043 145 057 196 127
0044 144 055 193 126
0045 145 056 193 126
0046 149 055 192 125
0047 143 061 189 129
0048 149 052 191 133
0049 150 053 191 130
0050 148 054 193 133
0051 150 056 193 130
0052 150 055 193 131
0053 152 060 196 129
0054 150 058 193 128
0055 147 058 191 127
0056 147 058 191 127
0057 146 061 193 127
0058 146 064 194 133
0059 148 059 196 138
0060 149 060 191 135
0061 149 060 192 136
0062 150 065 196 133
0063 145 063 197 132
0064 145 068 194 135
0065 147 070 195 134
0066 150 070 188 138
0067 146 069 195 130
0068 146 071 195 129
0069 147 070 193 130
0070 145 070 195 131
0071 146 069 196 133
0072 145 068 195 134
0073 146 069 195 132
0074 146 069 196 134
0075 145 071 198 131
0076 146 071 198 131
0077 144 070 194 133
0078 147 068 194 136
0079 144 072 197 129
0080 145 071 194 134
0081 146 071 196 128
0082 146 070 196 129
0083 146 069 196 130
0084 144 069 196 129
0085 146 071 198 129
0086 144 070 194 129
0087 145 067 197 129
