0000 208 166 252 210
0001 234 176 267 217
0002 252 190 300 232
0003 268 198 318 237
0004 273 203 319 237
0005 279 203 319 238
0006 282 199 318 238
0007 280 196 319 237
0008 279 194 319 237
0009 279 189 319 235
0010 262 175 315 215
0011 238 169 301 206
0012 132 200 167 239
0013 203 168 241 217 127 188 175 230
0014 133 168 169 209 191 161 231 207
0015 181 152 229 195 139 156 177 197
0016 178 144 225 185 138 142 188 182
0017 179 140 222 184 143 137 189 178
0018 178 133 222 177 146 130 186 171
0019 147 131 187 167 177 125 221 162
0020 182 120 223 162 150 130 183 168
0021 150 128 182 169 177 117 222 160
0022 143 125 183 164 176 120 217 166
0023 148 125 203 165
0024 176 119 220 164 143 122 182 166
0025 146 127 189 165 178 118 219 163
0026 150 129 182 164 181 119 222 162
0027 179 123 220 164 146 129 185 170
0028 141 126 181 168 169 126 216 169
0029 170 126 213 168 143 124 177 166
0030 165 128 211 169 143 127 174 167
0031 167 128 213 172 144 125 179 168
0032 141 131 183 172 174 129 215 173
0033 177 127 216 173 146 136 177 176
0034 169 127 216 171 144 129 176 170
0035 164 129 214 171 140 129 173 171
0036 164 133 208 167 137 132 171 173
0037 168 132 212 174 138 128 176 171
0038 170 131 213 175 141 136 175 174
0039 176 131 213 180 135 139 181 185
0040 137 171 187 215 185 145 224 192
0041 136 200 187 239 188 159 230 208
0042 207 168 254 220 124 208 181 236
0043 236 175 289 215 122 215 168 239
0044 248 185 317 219
0045 266 189 319 226 123 218 172 239
0046 267 195 317 232 123 219 172 239
0047 267 197 319 236 123 218 170 239
0048 272 199 318 236 238 186 281 228
0049 272 202 316 239
0050 272 201 319 238
0051 274 202 318 238
0052 273 193 319 238
0053 265 189 314 234
0054 240 181 284 222
0055 230 177 272 220
0056 207 156 249 204
