0000 076 172 121 218
0002 137 217 172 239
0003 135 216 171 239
0004 135 217 171 239
0005 132 218 175 239
0006 137 215 171 239
0007 133 218 175 239
0008 131 218 174 239
0009 171 162 220 235
0010 154 105 212 229
0011 160 070 211 194
0012 178 061 235 186
0013 209 081 254 173
0014 170 096 232 219
0015 153 093 212 211
0016 158 075 218 193
0017 194 082 255 198
0018 186 101 257 207 179 179 227 235
0019 165 107 226 208
0020 155 089 208 211
0021 185 073 249 197
0022 221 107 284 221
0023 230 179 283 238
0025 130 215 174 239
0029 177 153 218 207
