0015 075 190 124 229 048 217 091 239
0016 058 201 110 239 069 156 111 190
0017 069 192 113 236 057 132 100 169 112 143 184 191
0018 075 183 126 233 046 127 087 169
0019 080 170 132 218 043 126 074 165
0020 080 151 129 195 037 125 082 169
0021 036 143 067 184 082 121 121 154
0022 086 106 138 151 047 164 086 211
0023 086 112 137 157 047 170 087 213
0024 085 132 139 183 059 157 091 192
0025 085 151 136 202
0026 082 153 141 204 058 108 095 140
0027 092 146 147 190 046 097 080 132
0028 091 137 135 174 031 102 094 146
0029 092 109 138 142 035 146 059 189
0030 076 108 130 149 047 165 088 207
0031 069 118 119 162 056 156 099 191
0032 064 132 120 182 120 121 187 166
0033 069 148 121 195 059 110 092 143
0034 078 151 132 195 043 118 083 152
0035 044 133 092 174
0036 045 155 093 197 090 133 125 168
0037 080 132 130 175 052 168 106 215
0038 080 139 130 187 055 193 097 232
0039 068 153 121 198 061 202 103 236 101 197 133 232
0040 063 172 115 216 067 215 103 238
0041 062 187 113 228
0042 059 198 106 237
0043 061 213 097 239
