0000 137 214 172 239
0001 148 195 189 237
0004 082 219 108 239
0005 193 198 230 232 074 217 093 236
0006 069 219 091 239 212 164 254 195
0007 230 107 262 147
0008 221 062 260 115 107 031 150 079
0009 206 042 242 086 108 033 149 077
0010 198 031 227 064
0011 191 024 229 063
0012 198 029 229 059
0013 198 027 229 060
0014 196 024 225 055
0015 196 023 225 056
0016 194 025 230 059
0017 195 024 231 058
0018 197 023 225 056
0019 202 024 230 063
0020 203 037 233 070
0021 209 055 241 100
0022 212 096 242 138 083 220 115 237
0023 203 147 240 196 086 222 114 239
0024 194 186 231 229
0025 187 208 209 239
0026 088 215 112 238
0027 088 215 112 238
0028 091 217 115 239
