0000 057 211 092 236
0001 058 213 088 239 193 199 221 239
0002 057 212 088 239 182 192 222 234
0003 180 180 229 233 057 212 087 239 184 216 227 239
0004 183 177 231 227 052 210 092 236
0005 050 214 089 239 179 137 234 207 192 112 224 170
0006 186 086 228 172 057 213 088 239
0007 180 074 226 162 051 210 091 236
0008 180 062 227 154 048 211 091 236
0009 177 062 225 151 051 213 091 239
0010 175 059 221 147 055 212 087 239
0011 168 063 224 141 053 213 087 239
0012 177 063 225 145 052 217 088 238
0013 179 058 225 142 051 217 088 238
0014 175 059 223 144 050 214 088 239
0015 178 057 227 141 052 214 090 236
0016 169 048 227 140 052 214 090 236
0017 176 054 222 139 052 214 090 236
0018 174 060 229 132 048 215 087 239
0019 170 052 229 138 045 219 088 239
0020 175 060 226 132 045 214 084 239
0021 175 061 230 131 045 214 084 239
0022 175 061 230 131 045 214 084 239
0023 175 062 229 131 047 219 088 239
0024 176 061 230 133 053 216 088 238
0025 175 060 227 132 054 216 088 238
0026 172 053 230 139 053 216 087 238
0027 171 051 230 138 053 216 087 238
0028 179 058 231 135 047 219 088 239
0029 171 060 228 136 054 216 088 238
0030 181 070 230 153 055 216 088 238
0031 182 094 224 176 054 213 092 236
0032 177 163 221 223 053 213 091 236
0033 056 213 092 236
0034 055 216 093 237
0035 055 215 093 237
