0001 174 209 209 236
0002 191 159 228 210
0003 196 116 229 166
0004 193 106 229 154
0005 188 101 229 148
0006 185 101 228 149 060 208 081 235
0007 181 108 227 150 020 178 083 217
0008 185 108 225 151 044 165 091 213
0009 179 110 223 150
0010 184 104 223 150 060 156 104 201
0011 182 105 219 148
0012 178 104 219 148
0013 183 104 219 148 062 176 098 214
0014 182 106 222 149 072 165 103 214
0015 181 107 220 148 066 170 100 217
0016 182 112 218 152 074 168 098 217
0017 178 114 222 153
0018 172 126 211 180
0019 168 165 207 217
