0005 204 206 264 235
0006 207 166 260 223
0007 208 132 258 190
0008 208 106 256 164
0009 202 115 251 158
0010 207 092 259 152
0011 210 084 261 144
0012 215 081 263 139
0013 216 080 265 139
0014 219 079 270 142
0015 215 080 265 142
0016 218 082 265 140
0017 219 078 270 142
0018 222 087 270 142
0019 219 091 267 146
0020 218 096 268 143
0021 218 095 271 146
0022 225 099 267 148
0023 223 096 268 150
0024 222 095 272 147
0025 224 099 273 151
0026 223 094 272 146
0027 227 098 270 148
0028 231 095 279 148
0029 236 099 283 154
0030 247 113 302 165
0031 281 134 318 185
