0000 207 205 230 239 112 207 131 238
0001 207 206 230 239 108 206 131 237
0002 208 203 230 235 108 206 132 237
0003 206 200 232 237 104 207 136 238
0004 198 190 227 231 107 208 137 237
0005 179 168 218 207 118 201 148 239
0006 137 176 175 218 163 136 197 171
0007 162 133 191 170 142 102 181 137
0008 138 086 175 122 162 099 202 142
0009 170 086 204 128 138 083 167 112
0010 167 073 196 120 132 079 171 112
0011 162 075 198 119 135 078 173 109
0012 136 077 169 110 168 068 196 115
0013 133 079 166 108 167 067 195 115
0014 136 077 167 111 165 072 196 117
0015 136 079 166 108 168 069 194 116
0016 163 071 197 116 136 079 167 109
0017 136 078 168 113 167 073 197 119
0018 132 080 170 112 162 072 196 117
0019 132 080 170 112 161 073 197 118
0020 134 080 166 108 161 072 197 117
0021 130 079 171 111 168 075 196 118
0022 131 081 171 111 167 074 194 119
0023 136 079 169 113 166 072 195 119
0024 136 078 169 113 167 072 195 119
0025 136 078 169 113 164 077 193 120
0026 130 077 170 113 169 074 196 115
0027 130 077 170 113 168 074 196 116
0028 137 078 169 113 169 075 195 115
0029 137 079 168 114 166 078 192 115
0030 158 081 200 128 134 080 171 116
0031 157 110 197 147 141 087 171 123
0032 142 110 174 147 140 151 187 195
0033 160 156 195 199 122 194 152 238
0034 111 201 141 239 180 185 211 225
0035 189 199 220 234 108 203 134 238
0036 198 207 230 237 109 205 134 238
0037 203 215 229 239 110 206 138 238
0038 208 215 235 239 111 209 135 239
0039 204 211 235 237 108 208 136 238
0040 205 213 229 239 109 208 137 238
0041 202 213 230 239 117 209 140 237
0042 201 213 229 239 113 208 137 236
0043 201 213 229 239 113 209 138 236
0044 203 215 226 237 113 209 138 236
0045 201 213 229 239 113 209 138 236
0046 201 213 229 239 115 212 140 239
0047 201 213 229 239 115 212 140 239
