0000 120 179 172 223
0001 119 178 175 223
0002 122 173 174 221
0003 128 156 180 208
0004 145 110 188 167
0005 145 092 195 143
0006 155 074 197 129
0007 156 072 209 119
0008 165 071 214 126
0009 164 080 218 134
0010 167 080 220 127
0011 164 082 221 127
0012 160 083 215 129
0013 161 082 216 128
0014 162 080 216 128
0015 164 083 220 131
0016 165 079 218 131
0017 163 082 221 132
0018 163 079 225 131
0019 163 080 220 129
0020 163 080 220 130
0021 164 080 221 129
0022 164 080 222 128
0023 164 080 222 129
0024 163 079 223 129
0025 163 078 223 129
0026 162 079 223 129
0027 162 079 223 129
0028 162 087 219 130
0029 159 095 204 153
0030 145 110 195 170
0031 125 148 157 204
0032 103 175 143 227
0033 101 185 140 239
0034 108 189 147 238
0035 112 196 153 239
0036 111 197 155 239
0037 111 199 156 239
0038 111 200 156 239
0039 110 201 156 239
0040 108 200 156 239
0041 109 201 156 239
0042 109 200 156 239
0043 109 200 160 239
0044 109 200 160 239
0045 109 200 159 239
0046 109 199 160 239
0047 109 199 160 239
