0000 115 203 160 239 198 209 229 238
0001 117 202 162 238 200 209 229 237
0002 120 203 158 237 195 211 230 238
0003 120 203 158 237 197 213 233 237
0004 119 206 159 237 196 213 233 237
0005 116 201 160 239 196 213 233 237
0006 120 197 158 239 199 210 229 238
0007 115 193 148 234 199 210 229 238
0008 100 181 135 215 200 210 229 238
0009 084 156 114 197 200 210 229 238
0010 079 132 117 182 200 209 229 237
0011 074 122 109 169 192 212 230 237
0012 070 110 110 162 201 209 228 236
0013 069 109 106 157 201 209 228 236
0014 071 102 106 154 201 209 228 236
0015 070 103 105 150 201 209 228 236
0016 069 101 105 152 201 209 228 236
0017 068 100 106 156 201 208 228 237
0018 069 100 107 156 201 209 228 237
0019 069 102 106 155 201 209 228 236
0020 069 101 106 155 201 209 228 236
0021 069 100 106 155 201 209 228 236
0022 069 101 107 155 201 208 228 236
0023 069 099 106 155 201 208 228 236
0024 069 100 105 156 196 210 229 236
0025 069 099 105 155 196 210 230 236
0026 069 100 105 155 196 210 229 236
0027 069 101 105 154 196 210 229 236
0028 070 101 107 156 196 210 229 236
0029 074 109 112 156 196 210 229 236
0030 085 127 119 174 197 210 229 236
0031 094 150 133 193 201 209 227 237
0032 106 175 149 212 201 209 227 237
0033 118 184 152 231 199 214 229 238
0034 118 194 165 235 200 208 228 237
0035 118 203 163 237 201 209 229 237
0036 118 205 158 239 195 208 234 236
0037 118 205 158 239 200 208 229 236
0038 119 204 160 238 195 209 230 236
0039 116 201 165 238 201 209 229 237
0040 114 204 160 239 193 211 230 235
0041 116 202 164 238 193 211 231 235
0042 116 202 164 238 199 208 230 237
0043 116 202 164 238 199 208 230 237
0044 117 202 164 238 199 208 230 238
0045 117 202 164 238 193 211 231 235
0046 115 204 160 239 193 211 231 235
0047 115 204 160 239 195 212 234 238
0048 115 204 164 238 200 209 228 237
0049 115 204 164 238 200 209 228 237
0050 115 204 164 238 200 209 228 237
0051 115 204 164 238 200 209 228 237
