0000 107 209 140 239
0001 105 209 142 239
0002 102 209 140 238
0003 105 211 140 239
0004 103 210 141 239
0005 104 209 143 239
0006 107 209 141 239
0007 107 210 141 239
0008 105 213 134 239 044 212 084 239
0009 063 209 100 239
0010 142 221 174 239
0011 132 215 182 239
0012 120 196 173 239
0013 124 181 179 232
0014 131 140 186 184 068 213 102 239
0015 140 111 186 151
0016 146 074 192 129 062 214 100 239
0017 149 061 194 115 062 211 097 239
0018 152 048 198 104 066 212 099 239
0019 153 042 194 096 064 213 095 239
0020 155 038 199 102 062 211 096 239
0021 154 043 203 105 064 207 103 239
0022 152 043 199 104 064 208 103 239
0023 152 045 199 105 065 213 103 239
0024 161 044 207 110 065 211 096 239
0025 152 045 201 109 069 211 100 239
0026 157 042 201 108 066 212 102 239
0027 154 046 197 101 066 212 102 239
0028 152 048 197 103 064 212 097 239
0029 157 047 203 104 065 214 097 239
0030 152 044 200 098 064 214 096 239
0031 151 048 201 105 064 213 096 239
0032 064 214 096 239 147 058 189 096
0033 066 213 103 239 142 072 195 125
0034 065 211 102 239 144 087 199 137
0035 129 122 173 159 064 213 099 239
0036 118 154 165 195
0037 109 195 160 239 065 211 098 239
0038 064 212 103 239
0039 066 214 098 239
0040 070 211 099 239
