0008 031 205 074 239
0009 026 183 066 239
0010 016 152 059 214
0011 020 133 063 198
0012 015 121 062 176
0013 015 111 066 164
0014 017 106 063 167
0015 018 106 067 159
0016 024 106 070 163
0017 024 110 068 166
0018 020 108 066 165
0019 019 109 069 169
0020 019 109 072 169
0021 026 110 070 171
0022 026 111 070 169
0023 026 114 067 172
0024 026 111 064 176
0025 021 113 071 173
0026 021 113 073 175
0027 021 112 072 174
0028 021 113 073 175
0029 022 113 072 174
0030 024 115 070 176
0031 025 117 069 178
0032 026 117 074 176
0033 026 116 075 177
0034 025 116 074 178
0035 023 118 066 187
0036 025 125 067 186
0037 025 145 069 211
0038 026 187 070 239
