0000 240 196 278 238 148 205 183 239
0001 238 199 278 238 146 203 187 239
0002 239 196 282 239 145 194 179 239
0003 239 196 282 239 142 205 182 239
0004 239 193 280 239 140 195 181 235
0005 239 195 280 239
0006 243 192 279 237 121 159 169 203
0007 242 187 281 232 117 138 162 185
0008 244 183 284 231 108 123 166 173
0009 105 117 154 163 243 174 288 220
0010 251 166 287 209 103 109 151 156
0011 249 154 291 200 105 114 148 159
0012 100 106 142 156 246 132 291 180
0013 252 108 299 156 097 107 140 157
0014 253 090 305 138 100 107 144 156
0015 253 070 306 117 105 104 154 163
0016 249 064 300 108 102 107 155 161 104 146 154 189
0017 240 061 305 102 105 109 153 159
0018 241 062 294 104 107 111 154 159
0019 224 065 290 114 113 119 163 163
0020 215 090 266 133 109 118 157 163
0021 199 107 256 152
0022 181 114 251 158 118 130 165 166
0023 170 114 250 158 120 130 165 168
0024 168 108 219 157 117 130 165 167
0025 161 104 218 154 123 127 172 167
0026 156 095 215 147 122 119 172 163
0027 159 088 219 146 123 115 168 167
0028 155 082 212 133 117 113 173 163 205 118 250 163
0029 157 082 218 132 120 112 171 163
0030 148 085 221 127 124 111 168 161
0031 149 085 219 134 124 120 173 157
0032 152 092 216 138 124 106 176 159
0033 154 094 215 144 119 106 169 158
0034 152 098 221 146 121 100 172 156
0035 149 099 216 145 117 106 169 158
0036 153 098 227 146 122 105 181 158
0037 153 093 219 145 125 106 179 157
0038 152 099 218 146 126 102 178 160
0039 159 093 218 141 124 115 171 161
0040 181 097 234 145
0041 193 114 243 170 116 154 153 194
0042 215 150 260 203 121 168 153 216
0043 227 174 277 225 128 183 160 227
0044 239 189 279 237 134 191 169 236
0045 238 193 277 238 140 199 181 239
0046 235 194 281 235 145 210 180 239
0047 239 194 278 234 139 205 180 239
0048 236 195 283 235 143 209 178 239
0049 239 198 281 239 142 205 184 239
0050 239 197 280 239 140 208 183 239
0051 141 205 186 239 237 199 276 239
0052 142 207 179 239 239 198 277 238
0053 238 196 280 236 141 209 178 239
0054 240 202 279 238 141 203 181 239
