0006 190 176 228 224
0007 180 117 229 174
0008 186 083 238 138
0009 189 067 241 117
0010 190 064 236 126
0011 173 059 237 121
0012 171 065 236 121
0013 194 060 237 110
0014 197 065 239 124
0015 180 071 240 134
0016 179 065 235 135
0017 191 073 240 130
0018 182 083 236 150
0019 181 084 236 151
0020 188 082 237 137
0021 193 083 240 136
0022 188 080 236 144
0023 183 082 237 141
0024 191 071 237 135
0025 194 079 262 126
0026 184 077 235 151
0027 181 084 232 151
0028 173 106 234 176
0029 181 137 224 211
0030 192 206 229 239
