0015 135 218 172 238
0016 159 198 219 238
0017 173 180 241 228
0018 170 150 250 212
0019 176 139 251 195
0020 182 128 260 183
0021 182 111 258 169
0022 188 098 260 160 146 119 178 169
0023 185 095 261 151 148 119 179 167
0024 186 093 261 145 145 114 180 169
0025 191 087 262 146 148 115 178 162
0026 185 089 262 141 148 117 180 166
0027 188 080 265 140
0028 186 086 264 137
0029 187 080 265 140
0030 189 079 266 139
0031 189 081 265 140
0032 189 086 263 142
0033 185 098 263 155
0034 178 117 252 177
0035 169 144 242 202
0036 157 187 226 235
