0006 151 068 191 144
0007 143 042 191 109
0008 145 028 192 096
0009 145 021 190 094
0010 148 021 195 086
0011 147 018 192 088
0012 148 021 191 091
0013 149 017 197 093
0014 154 022 196 093
0015 158 025 198 098
0016 164 026 211 097
0017 167 033 217 097
0018 162 046 215 105
0019 165 061 215 116
0020 172 071 220 128
0021 177 070 216 146
0022 172 084 207 153
0023 160 087 205 154
0024 145 087 196 160
0025 137 096 192 156
0026 127 094 181 151
0027 122 090 178 150
0028 119 081 164 141
0029 121 078 164 139
0030 122 082 164 140
0031 120 082 163 148
0032 119 085 163 143
0033 123 079 163 153
0034 119 079 165 140
0035 124 075 163 146
0036 125 085 167 141
0037 129 098 171 156
0038 139 127 183 171
0039 173 169 213 216
0040 187 199 227 239
0041 187 198 226 236
