0010 141 195 183 235
0011 139 169 180 211
0012 134 148 173 194
0013 135 134 168 177
0014 133 124 167 171
0015 136 128 170 170
0016 141 133 178 176
0017 144 139 180 181
0018 149 142 192 193
0019 144 142 194 192
0020 144 132 195 185
0021 142 123 187 176
0022 138 108 178 166
0023 134 101 174 156
0024 134 095 166 148
0025 131 088 162 137
0026 131 089 159 132
0027 130 085 159 127
0028 127 087 164 127
0029 131 088 173 127
0030 139 097 182 135
0031 149 100 191 138
0032 156 107 197 141
0033 167 116 210 152
0034 170 118 206 158
0035 172 117 210 167
0036 162 113 209 167
0037 161 109 206 163
0038 161 100 199 154
0039 155 090 193 141
0040 153 087 188 139
0041 145 080 180 131
0042 143 079 174 127
0043 135 087 173 142
0044 137 089 175 134
0045 141 101 182 140
0046 143 109 191 150
0047 153 118 197 158
0048 160 118 202 157
0049 169 123 213 165
0050 172 120 213 165
0051 175 121 216 173
0052 171 120 217 172
0053 172 117 219 172
0054 176 109 214 161
0055 174 105 212 161
0056 171 103 209 162
0057 169 099 205 156
0058 163 106 200 156
0059 160 112 197 156
0060 157 124 196 164
0061 156 132 200 173
0062 160 148 205 188
0063 165 162 207 203
0064 161 186 205 225
0065 165 218 206 239
