0006 170 169 212 224
0007 155 109 204 158
0008 139 052 193 115
0009 136 056 196 114
0010 131 063 194 110
0011 149 084 215 120
0012 161 079 224 116
0013 172 041 218 097
0014 182 045 226 119
0015 184 065 231 123
0016 188 080 216 126
0017 196 091 247 129
0018 198 074 268 120
0019 212 065 270 126
0020 220 078 269 137
0021 224 089 271 146
0022 225 084 271 149
0023 221 084 264 149
0024 211 079 256 130
0025 187 076 244 120
0026 183 064 234 115
0027 175 057 227 110
0028 168 063 223 117
0029 175 061 227 117
0030 177 063 227 119
0031 174 067 225 123
0032 175 064 229 126
0033 175 072 226 127
0034 175 071 229 125
0035 176 069 228 124
0036 175 067 225 124
0037 178 072 230 123
0038 173 072 230 124
0039 176 098 222 156
0040 193 167 231 227
0041 179 217 208 239
