0005 224 202 274 238
0006 247 170 296 222
0007 252 155 305 209
0008 256 138 309 192
0009 238 122 298 186
0010 245 121 298 191
0011 251 147 291 220 220 114 266 157
0012 247 153 294 228 216 116 262 175
0013 244 170 295 232
0014 253 174 301 233
0015 252 175 298 236
0016 252 177 301 237
0017 248 173 297 231
0018 248 172 296 230
0019 248 170 300 233
0020 248 169 300 232
0021 249 172 294 232
0022 249 171 294 231
0023 251 167 297 234
0024 252 166 297 232
0025 244 158 301 215
0026 236 148 299 210
0027 250 152 300 220
0028 248 143 302 210
0029 245 141 301 206
0030 245 140 298 204
0031 245 135 299 203
0032 244 137 296 195
0033 239 134 288 206
0034 230 146 283 214
0035 206 189 261 238
0036 200 200 242 238
0037 192 204 234 239
