0000 156 218 189 238
0001 156 218 187 239
0002 154 217 191 239
0003 163 220 193 239
0004 183 211 222 239
0005 204 197 241 239
0006 218 176 255 231
0007 222 156 265 209 173 107 219 146
0008 226 141 262 198
0009 226 124 264 183 173 097 218 133
0010 223 106 266 160 175 093 212 132
0011 224 102 264 157
0012 224 104 261 150
0013 215 102 253 160
0014 216 110 255 164
0015 219 111 252 163
0016 217 107 253 161
0017 214 106 249 160
0018 218 115 252 169
0019 215 112 255 168
0020 215 113 254 167
0021 217 113 250 166
0022 212 112 250 169
0023 217 111 252 167
0024 221 115 250 167
0025 218 117 255 173
0026 216 117 255 175
0027 214 120 252 179
0028 206 137 243 188
0029 191 168 232 214 168 110 211 152
0030 167 196 210 234 168 118 208 162
0031 161 209 194 236
