0002 143 215 183 239
0003 170 196 216 239
0004 207 166 259 203
0005 218 141 286 176
0006 230 124 297 157
0007 232 116 292 146
0008 231 118 298 148
0009 231 117 290 148
0010 231 125 297 152
0011 232 125 297 153
0012 232 116 292 147
0013 229 102 283 146
0014 216 097 263 144
0015 213 113 262 152
0016 210 130 259 175
0017 204 146 254 197
0018 189 169 235 230
0019 180 181 221 238
0020 168 193 202 238
0021 157 193 192 238
0022 152 182 191 227
0023 149 164 190 199
0024 141 155 184 188
0025 142 132 180 165
0026 133 121 173 153
0027 131 124 171 155
0028 131 126 169 159
0029 133 128 168 161
0030 131 127 172 158
0031 130 128 175 164
0032 130 139 175 182
0033 137 172 176 234
0034 140 213 171 239
