0016 200 220 227 239
0017 209 198 229 231
0018 209 174 236 206
0019 211 127 235 164
0020 220 092 244 122
0021 239 060 265 088
0022 252 046 277 079 204 081 251 128
0023 249 049 283 076
0024 250 055 289 084
0025 252 058 291 087
0026 256 058 293 086
0027 250 057 295 090
0028 251 058 293 090
0029 258 059 288 084
0030 259 059 288 083
0031 259 058 289 083
0032 254 057 290 087
0033 254 058 290 088
0034 254 057 290 087
0035 261 060 290 086
0036 255 056 294 087
0037 255 056 294 088
0038 255 058 291 086
0039 253 054 294 090
0040 251 054 292 089
0041 256 060 287 093
0042 250 062 286 098
0043 247 079 276 118
0044 246 109 274 144
0045 235 165 276 194 203 154 229 185
0046 226 196 257 230
0047 212 218 239 239
0052 197 223 219 239
0053 198 223 219 239
