0000 095 210 132 237
0001 089 210 125 237 221 214 252 239
0002 215 205 255 238 073 193 113 237
0003 225 186 264 219 045 178 103 214 250 201 293 230
0004 233 172 279 211 044 161 104 199
0005 235 159 289 195 059 145 112 182
0006 061 142 113 178 229 156 282 190
0007 087 144 125 184 202 164 258 200
0008 092 144 139 189 180 163 243 198
0009 069 142 128 183 202 168 271 205
0010 183 167 251 202 097 150 138 187
0011 176 167 243 195 091 149 133 191
0012 066 147 126 185 201 166 275 200
0013 088 152 138 193 183 165 252 198
0014 099 156 142 199 176 167 232 205
0015 077 162 130 212 202 174 257 224
0016 194 177 242 221 100 166 147 215
0017 097 165 143 218 187 178 238 221
0018 080 167 132 219 205 180 256 230
0019 203 184 256 237 083 173 131 228
0020 203 190 249 237 078 175 126 225
0021 203 192 252 238 080 176 132 230
0022 204 192 254 239 085 172 130 228
0023 208 194 254 239 098 177 130 225
0024 098 183 129 225 215 200 253 239
0025 104 187 135 234 212 208 253 239
0026 102 200 141 239 213 219 248 238
0027 103 207 138 239
0028 103 212 141 238
0029 107 207 144 238
0030 107 209 145 238
0031 105 204 140 239
0032 106 208 143 239
0033 105 203 138 239
