0003 102 215 132 236
0004 080 211 120 237
0005 042 205 072 235 081 206 105 234 044 188 105 232
0006 032 159 101 198
0007 022 150 097 185
0008 016 139 096 175
0009 018 137 093 179
0010 017 133 095 174
0011 017 133 094 172
0012 018 132 095 171
0013 018 135 096 174
0014 019 135 097 174
0015 020 136 097 175
0016 019 132 095 173
0017 019 133 094 174
0018 019 133 096 174
0019 023 137 097 179
0020 034 140 098 185
0021 068 153 115 203
0022 080 172 131 234 085 207 113 236
0023 107 189 151 239
0024 113 196 155 239
