0000 208 207 227 236 128 206 150 239
0001 203 207 230 238 128 206 150 239
0002 203 207 231 238 128 205 149 238
0003 203 206 232 238 128 207 149 239
0004 205 206 233 238 125 207 145 239
0005 205 207 233 239 116 207 138 239
0006 099 197 128 235 207 206 230 239
0007 207 206 230 238 093 185 132 217
0008 209 208 233 239 078 142 118 179
0009 210 207 234 239 088 105 121 146
0010 103 084 133 132 211 207 234 239
0011 211 207 233 239 118 072 145 117
0012 210 208 232 239 123 080 153 119
0013 209 208 230 238 122 081 155 120
0014 120 083 155 122 206 206 233 238
0015 116 080 155 116 209 206 230 238
0016 209 207 231 239 109 074 137 120
0017 210 208 232 239 084 081 117 130
0018 079 086 109 134 210 204 234 239
0019 210 208 234 239 086 083 113 129
0020 211 208 235 239 095 075 125 126
0021 211 208 235 239 110 068 140 117
0022 211 204 233 239 123 071 151 113
0023 211 207 230 235 125 079 157 111
0024 207 208 230 239 126 079 159 115
0025 204 208 232 238 122 080 155 122
0026 204 208 232 238 119 080 148 128
0027 117 087 149 130 210 209 234 239
0028 208 208 232 239 116 104 150 146
0029 209 206 229 238 125 145 147 176
0030 209 206 229 238 123 171 145 206
0031 209 206 229 238 127 187 150 228
0032 205 206 233 238 129 202 149 238
0033 207 206 228 236 129 207 150 239
0034 208 208 228 238 131 208 151 239
0035 208 208 228 238 132 205 150 235
0036 207 209 227 235 130 209 153 239
0037 207 208 230 238 130 207 153 239
0038 207 208 230 238 132 207 152 239
0039 207 208 230 238 131 207 152 239
