0000 117 194 139 225
0001 127 197 148 234
0002 131 198 151 232
0003 129 200 149 233
0004 131 201 151 234
0005 129 199 150 234 221 189 246 215
0006 128 200 150 234 227 149 267 188
0007 127 198 151 231 256 147 292 178
0008 125 196 147 230 277 139 316 165
0009 124 195 145 228 278 136 316 161
0010 124 193 148 224 268 156 291 180
0011 122 194 144 228
0012 120 195 142 232
0013 123 196 144 229 256 153 295 188
0014 118 195 139 229
0015 117 196 141 229 279 109 317 130
0016 284 098 319 121 122 196 142 229
0017 272 108 314 130 120 197 143 229
0018 121 195 144 231 261 135 303 170
0019 122 196 144 232 236 171 259 201
0020 121 195 143 230
0021 118 199 141 231 229 149 267 187
0022 118 200 140 230 266 137 301 171
0023 117 199 139 230 268 117 309 145
0024 280 093 319 119 117 198 140 231
0025 278 090 319 113 120 201 141 230
0026 278 098 318 120 119 195 141 230
0027 121 196 144 231 263 130 301 159
0028 121 197 143 232
0029 122 198 143 232 224 188 260 219
0030 121 199 143 233 206 194 225 227
0031 122 199 144 233
0032 123 203 144 236
0033 124 201 145 234 194 194 212 227
