0002 126 214 165 239
0003 144 192 180 235
0004 139 177 181 216
0005 153 132 187 196
0006 151 103 189 183
0007 155 079 195 166
0008 149 075 189 156
0009 149 071 187 145
0010 150 063 190 146
0011 148 067 192 147
0012 150 064 190 144
0013 151 061 194 147
0014 153 062 194 147
0015 150 067 192 144
0016 153 061 193 146
0017 154 065 196 146
0018 153 062 193 149
0019 153 063 193 150
0020 153 064 192 150
0021 154 066 196 148
0022 154 066 196 148
0023 153 067 193 153
0024 151 078 189 162
0025 149 117 190 184
0026 140 174 175 224
0027 125 210 167 239
