0000 197 205 235 239 115 215 156 239
0001 196 206 234 239 112 222 156 239
0002 197 207 234 239 111 218 153 239
0003 194 210 235 239 109 217 148 239
0004 195 206 237 239 101 210 136 239
0005 192 205 243 239 063 182 094 223
0006 196 209 237 239 039 131 085 188
0007 026 095 076 160 198 206 236 239
0008 030 066 072 141 197 207 234 239
0009 036 054 079 132 196 206 233 239
0010 038 054 082 131 194 208 232 239
0011 038 054 082 133 196 205 237 239
0012 038 056 077 134 197 206 236 239
0013 037 054 079 133 195 208 237 239
0014 038 048 079 132 195 209 237 239
0015 038 054 079 131 195 208 237 239
0016 039 054 079 131 197 206 235 239
0017 039 052 079 132 196 206 234 239
0018 039 053 078 130 196 206 235 239
0019 039 052 078 130 195 209 238 239
0020 038 052 079 131 191 211 240 239
0021 038 054 079 130 192 211 240 239
0022 041 069 081 137 191 212 240 239
0023 195 210 237 239 060 102 096 154
0024 195 208 236 239 092 157 134 199
0025 105 181 160 231 195 208 235 239
0026 114 194 166 239 191 207 240 239
0027 120 210 162 239 192 209 242 239
0028 121 211 167 239 191 208 238 239
0029 197 208 234 239 123 214 168 239
0030 191 210 239 239 119 211 163 239
0031 197 206 235 239 120 212 166 239
0032 120 212 167 239 196 205 234 239
