0000 083 192 107 225 173 173 199 205
0001 079 183 114 227 169 172 207 209
0002 075 182 109 225
0003 079 190 100 224 175 159 208 191
0004 167 154 201 183 075 192 096 226
0005 155 151 178 184 069 191 093 232
0006 062 194 084 234 137 166 158 207
0007 065 181 091 222 132 164 156 205
0008 067 167 100 213
0009 116 164 140 211 079 179 103 219
0010 092 189 129 235 068 201 096 236
0011 058 189 088 236 088 190 121 239
0012 054 173 091 225 084 175 116 229
0013 045 148 083 198 088 153 129 200
0014 093 148 134 193 052 138 087 184
0015 099 147 142 184 064 134 099 179
0016 108 143 146 181 068 131 106 173
0017 073 139 100 170 124 138 153 175
0018 132 134 157 171 078 140 105 173
0019 075 144 100 175 122 130 158 172
0020 114 134 147 176 079 139 106 169
0021 104 137 144 172 074 130 109 168
0022 071 140 131 179
0023 063 120 104 156 084 131 134 163
0024 063 114 096 146 095 125 137 154
0025 099 130 146 157 062 117 102 150
0026 106 133 144 157 067 121 101 151
0027 109 136 158 165 062 129 099 160
0028 130 135 165 167 075 154 100 183
0029 071 168 092 198 148 143 170 170
0030 069 187 090 223 171 145 208 177
0031 175 156 209 186 070 190 093 224
0032 184 159 220 193 073 192 093 226
0033 180 163 219 198 074 191 092 227
0034 181 163 212 199 071 190 092 227
0035 070 194 090 228 171 159 213 196
0036 180 168 209 201 066 192 085 230
0037 062 194 090 230 174 164 213 204
0038 176 170 204 200 066 199 086 229
0039 176 169 203 201 066 198 085 230
0040 068 200 085 229 173 171 212 208
0041 067 194 087 227 175 168 204 206
