0000 058 180 120 234
0002 165 214 199 239
0003 108 200 170 239
0004 104 150 156 202
0005 103 110 149 166
0006 111 079 156 141
0007 118 047 159 129
0008 124 036 162 120
0009 088 071 136 125
0010 088 079 139 136
0011 143 077 184 133
0012 153 079 193 144
0013 115 118 163 169
0014 085 152 143 202
0015 091 163 148 215
0016 107 151 163 202 060 218 103 239
0017 066 160 117 207 126 117 169 161
0018 130 100 171 143 057 115 107 159
0019 053 104 096 158 111 105 148 149
0020 030 168 093 224
0021 019 193 062 239
0022 021 199 065 239
0023 020 197 065 239
0024 031 207 062 239
0025 044 208 079 239
0026 050 210 093 239 108 218 168 239
0027 062 215 098 239 111 217 172 239
0028 124 203 183 239 062 211 107 239
