0000 166 224 191 239
0001 164 219 195 239 064 222 085 239
0002 169 220 193 239 064 219 086 239
0003 037 212 064 236 184 220 208 239
0004 204 182 238 223 023 175 060 202
0005 189 127 231 163 031 108 067 150
0006 043 092 093 136 164 098 208 141
0007 065 088 118 128 129 090 172 133
0008 075 086 125 129 120 088 154 136
0009 082 088 120 132 113 090 154 136
0010 091 092 147 131
0011 097 089 151 134
0012 108 089 154 135
0013 098 085 152 132
0014 097 085 152 133
0015 100 083 154 134
0016 109 086 157 136
0017 110 086 156 135
0018 108 088 155 134
0019 108 087 155 134
0020 094 088 155 130
0021 111 086 159 139 084 090 124 135
0022 074 092 121 140 120 100 165 146
0023 127 119 174 165 066 105 116 157
0024 065 152 103 183 145 173 182 209
0025 159 212 194 239 059 177 097 220
0026 064 214 092 238 168 220 194 239
0027 070 218 093 239
0028 164 219 192 239
0029 166 217 193 239
0030 166 218 193 239
0031 165 219 192 239
