0000 251 210 281 239
0001 247 206 283 239 140 207 170 238
0002 244 186 279 234 132 183 169 236
0003 123 146 172 192 232 133 274 188
0004 227 106 266 149 125 115 170 166
0005 132 078 176 130 216 066 272 119
0006 133 063 183 113 208 051 269 109
0007 123 046 188 109 215 052 266 104
0008 124 038 180 103 198 030 254 094
0009 122 030 182 103 212 024 253 089
0010 114 024 172 098 212 020 260 088
0011 214 018 268 089 118 019 170 093
0012 111 022 167 092 224 017 272 091
0013 107 011 165 095 229 017 280 085
0014 099 016 160 089 234 016 287 084
0015 101 015 152 093 235 015 295 094
0016 094 015 149 085 238 016 297 095
0017 088 018 145 087 246 013 301 095
0018 085 024 141 092 247 023 307 103
0019 083 028 135 093 253 021 305 108
0020 082 034 133 099 255 034 303 115
0021 258 060 301 121 094 051 134 108
0022 258 073 297 129 102 062 138 122
0023 257 100 298 153 109 086 148 142
0024 114 098 151 151 243 114 301 167
0025 244 146 287 193 121 114 158 173
0026 240 174 278 217
0027 234 180 281 228
0029 237 198 276 237
0030 232 196 275 236 147 199 181 236
0031 231 201 278 239 151 210 186 239
0032 231 201 278 239 148 208 188 239
0033 233 201 275 239 146 208 190 237
0034 235 203 274 239 152 212 186 239
0035 237 198 275 239 153 213 189 237
