0003 197 202 232 238
0004 195 184 225 218
0005 189 172 227 205
0006 188 166 233 195
0007 190 149 230 178
0008 200 131 242 165
0009 204 121 246 162
0010 201 136 240 171
0011 193 161 243 190
0012 197 166 249 199
0013 201 165 245 191
0014 196 161 247 188
0015 193 155 244 183
0016 193 165 233 192
0017 200 178 240 223
0018 200 180 245 222
0019 204 176 239 212
0020 193 169 242 199
0021 189 170 231 200
0022 194 183 236 223
0023 194 181 238 223
0024 199 182 231 210
0025 196 170 240 199
0026 193 170 242 198
0027 192 176 234 214
0028 195 186 239 228
0029 200 185 239 221
0030 198 175 237 211
0031 197 175 239 203
0032 190 176 230 214
0033 201 205 231 239
