0004 032 202 094 239
0005 245 184 304 239 042 146 094 201
0006 235 125 282 179 051 098 105 156
0007 206 085 270 143 062 076 114 130
0008 195 066 251 121 069 057 118 110
0009 196 049 245 115 066 055 121 112
0010 182 047 240 111 072 045 125 108
0011 181 047 237 110 075 044 124 104
0012 178 041 237 112 074 044 124 102
0013 178 041 236 110 079 043 121 103
0014 177 033 240 110 075 042 120 090
0015 181 039 234 107 069 042 123 105
0016 178 037 233 108 067 043 124 110
0017 178 040 229 103 073 045 123 107
0018 178 042 232 104 066 041 120 113
0019 176 038 227 096 068 044 113 119
0020 175 039 232 099 079 036 123 088
0021 175 038 231 096 066 037 113 118
0022 177 032 234 110 068 050 120 111
0023 179 040 231 106 063 054 120 109
0024 193 060 248 117 059 055 112 115
0025 021 128 071 189 237 130 283 182
0026 237 214 277 239
