0019 127 204 165 239
0020 130 171 167 235
0021 126 137 165 217
0022 122 118 167 201
0023 122 112 166 190
0024 113 100 158 190
0025 113 098 160 176
0026 109 098 159 168
0027 112 094 153 175
0028 111 085 154 168
0029 108 086 152 166
0030 104 080 148 163
0031 103 076 147 158
0032 104 077 154 164
0033 104 076 149 160
0034 104 073 150 162
0035 105 076 149 160
0036 107 082 155 154
0037 108 080 156 154
0038 108 080 150 163
0039 106 076 150 158
0040 105 078 154 161
0041 113 085 155 165
0042 115 091 160 172
0043 124 162 168 212
0044 128 221 191 239
