0000 143 213 180 239
0001 139 214 175 239
0002 151 213 184 239
0003 154 196 197 239
0004 167 171 206 221
0005 172 145 221 198
0006 178 124 226 182
0007 174 113 223 173
0008 174 113 225 167
0009 177 120 229 169
0010 176 122 231 167
0011 173 114 225 168
0012 174 108 224 168
0013 172 114 225 164
0014 176 119 231 164
0015 177 115 229 162
0016 177 099 230 171
0017 177 104 229 165
0018 178 117 232 161
0019 177 110 227 162
0020 173 110 230 164
0021 174 126 227 170
0022 168 133 214 184
0023 156 160 197 204
0024 154 180 185 231
0025 145 201 179 239
0026 138 213 182 239
