0003 103 186 158 230
0004 146 109 215 189
0005 179 077 240 164
0006 202 088 262 144
0007 196 086 268 149
0008 204 083 271 150
0009 204 092 272 148
0010 205 083 272 153
0011 204 084 278 149
0012 204 089 276 143
0013 208 084 270 144
0014 202 081 277 151
0015 209 086 276 145
0016 209 087 274 141
0017 203 081 274 144
0018 203 090 268 144
0019 206 085 268 144
0020 198 075 269 144
0021 195 082 269 145
0022 200 084 258 142
0023 196 074 249 114
0024 158 085 213 163
0025 112 145 161 195
0026 076 190 116 230
