0000 223 201 262 239 126 214 166 239
0001 223 201 262 239 124 217 173 239
0002 223 198 263 239 122 217 174 239
0003 224 200 263 239 124 217 173 239
0004 223 199 266 239 126 214 171 239
0005 221 198 264 239 126 214 170 239
0006 223 199 266 238
0007 221 198 268 239
0008 222 189 267 237 126 214 172 239
0009 234 168 269 212 127 214 169 239
0010 237 140 278 189 123 214 169 239
0011 240 120 282 181 127 213 176 239
0012 241 088 280 157 123 214 176 239
0013 231 062 270 142 121 210 172 239
0014 221 052 263 125 126 214 177 239
0015 220 044 262 111 122 215 175 239
0016 212 040 255 111 123 215 175 239
0017 206 044 254 108 127 214 171 239
0018 202 037 248 104 126 215 171 239
0019 208 037 246 103 126 215 171 239
0020 205 035 248 104 126 214 177 239
0021 201 036 249 106 126 214 171 239
0022 204 037 249 106 125 214 178 239
0023 200 039 248 107 125 214 177 239
0024 205 037 250 112 121 219 176 239
0025 205 039 250 107 128 215 176 239
0026 204 037 251 112 125 214 177 239
0027 199 041 249 109 122 219 177 239
0028 206 037 248 109 123 219 177 239
0029 206 040 253 107 123 219 177 239
0030 207 036 249 109 126 214 177 239
0031 207 039 249 107 127 214 177 239
0032 208 037 250 109 127 208 173 239
0033 212 041 257 115 125 217 175 239
0034 215 054 260 123 125 217 175 239
0035 228 072 266 142 125 217 176 239
0036 231 114 274 169 125 215 171 239
0037 237 144 276 197 122 217 176 239
0038 238 177 269 220 122 217 176 239
0039 229 205 265 239 124 216 175 239
0040 227 205 259 239 124 211 173 239
0041 224 203 262 239 122 217 177 239
