0000 051 209 106 236
0001 052 208 106 236
0002 052 208 106 236
0003 051 208 105 236
0004 051 208 105 236
0005 051 208 105 236 168 216 213 236
0006 164 203 221 239 049 211 108 237
0007 167 181 225 234 050 211 108 237
0008 172 151 224 210 049 211 108 236
0009 179 133 220 198 049 211 108 236
0010 184 113 233 178 049 210 109 237
0011 181 095 226 159 049 210 110 237
0012 187 089 225 146 049 211 107 236
0013 184 088 225 148 053 209 107 239
0014 178 087 217 150 049 211 106 236
0015 177 087 219 147 049 211 106 236
0016 177 086 219 146 049 211 106 236
0017 177 086 219 150 050 211 107 236
0018 174 087 215 149 050 211 106 236
0019 176 087 219 149 050 211 106 236
0020 175 088 218 145 050 211 106 236
0021 172 087 216 144 050 211 106 236
0022 050 211 106 236 169 084 213 146
0023 176 092 225 151 052 208 106 236
0024 167 090 224 153 053 206 104 236
0025 167 089 223 153 053 207 104 237
0026 167 090 225 154 053 207 104 237
0027 166 090 225 157 053 207 104 237
0028 171 094 222 162 053 207 104 237
0029 171 092 220 156 053 207 104 237
0030 170 092 220 158 053 207 104 237
0031 170 092 220 159 053 207 104 237
0032 166 095 227 161 052 208 105 237
0033 172 099 227 163 052 208 105 236
0034 053 211 102 239 168 114 213 178
0035 159 171 210 238 056 211 100 239
0036 051 206 101 237
0037 055 214 099 238
0038 056 211 101 239
0039 056 211 102 239
0040 053 209 106 236
