0008 085 197 118 239
0009 081 202 118 239 135 218 178 239
0010 136 198 192 238
0011 145 191 201 239
0012 153 152 214 206
0013 155 126 228 191
0014 174 107 224 179
0015 167 093 232 161
0016 170 086 232 152
0017 175 081 240 148
0018 173 074 235 149
0019 177 070 232 142
0020 174 069 230 144
0021 175 067 227 139
0022 177 059 225 139
0023 176 059 224 138
0024 167 064 221 137
0025 171 064 220 144
0026 172 065 220 143
0027 168 064 221 138
0028 175 059 221 141
0029 167 064 220 140
0030 172 072 216 157
0031 175 067 220 148
0032 176 072 222 155
0033 173 088 224 167
0034 169 114 217 205
0035 158 147 213 232
0036 152 206 195 239
0037 080 209 115 239
0041 082 205 116 239
0043 085 203 120 239
