0000 221 189 253 234 138 187 157 222
0001 221 189 254 230 123 182 152 219
0002 222 190 251 234 111 183 135 220
0003 222 188 254 234 078 166 112 201
0004 225 190 252 229 054 146 091 175
0005 222 187 253 234 032 106 074 135
0006 226 190 255 234 017 059 062 089
0007 223 191 254 233 014 031 062 066
0008 223 191 255 232 016 019 068 057
0009 227 189 258 234 015 031 067 072
0010 226 191 258 234 018 056 069 089
0011 227 193 256 235 025 095 076 130
0012 226 187 257 231 035 120 084 157
0013 227 187 258 234 037 120 084 157
0014 228 189 262 235 024 097 074 132
0015 232 190 261 231 019 069 075 104
0016 229 193 260 234 015 041 066 078
0017 228 190 261 235 015 023 066 062
0018 020 015 069 056 228 192 256 231
0019 223 191 255 232 015 023 065 061
0020 225 189 259 230 017 055 068 087
0021 223 183 257 229 030 109 079 144
0022 226 189 256 232 045 132 088 171
0023 224 187 256 231 057 148 095 187
0024 225 188 255 234 065 151 103 191
0025 226 188 255 232 069 153 102 191
0026 226 187 254 234 065 152 102 189
0027 226 191 255 235 071 150 107 187
0028 226 189 255 234 076 155 110 189
0029 228 189 253 230 096 170 119 203
0030 227 188 253 229 120 183 141 221
0031 221 186 253 230 132 187 151 220
0032 224 188 253 234 140 186 159 221
0033 220 184 254 229 140 183 158 218
0034 221 185 254 230 140 184 159 220
0035 220 184 254 229 141 187 159 221
0036 226 187 252 228 138 183 157 220
