0001 109 219 167 239
0002 105 206 151 239
0003 131 203 177 239
0004 141 180 188 238
0005 140 156 196 212
0006 138 134 207 179
0007 138 114 218 148
0008 144 094 216 129
0009 134 082 221 125
0010 140 066 214 113
0011 143 063 209 113
0012 142 058 212 112
0013 141 068 199 111
0014 143 065 202 115
0015 144 061 207 114
0016 146 063 200 109
0017 141 058 207 110
0018 142 056 211 110
0019 142 052 211 107
0020 144 056 206 106
0021 148 055 210 106
0022 150 062 203 112
0023 143 061 205 110
0024 147 064 206 114
0025 142 083 208 128
0026 139 104 200 143
0027 132 153 184 191
0028 130 178 180 222
0029 126 195 173 239
0030 123 217 179 239
0031 123 220 181 239
