0000 172 204 202 239 091 194 112 231
0001 172 203 203 239 092 194 112 230
0002 091 195 112 230 176 208 198 239
0003 175 206 198 236 092 196 115 229
0004 174 208 197 239 092 194 115 229
0005 170 201 203 237 091 195 112 231
0006 166 188 200 226 089 193 112 230
0007 088 195 110 230 146 169 183 200
0008 086 192 110 229 124 164 165 200
0009 087 190 110 227 113 152 155 185
0010 088 188 110 223 108 139 145 176
0011 103 124 142 164 086 188 110 222
0012 100 115 132 163 086 190 109 221
0013 102 111 133 155 084 185 107 218
0014 107 103 139 153 082 188 104 221
0015 114 092 146 152 081 185 108 223
0016 086 186 108 221 120 099 162 156
0017 081 188 105 222 135 086 169 144
0018 081 187 105 222 146 086 195 139
0019 086 189 109 226 165 093 221 149
0020 176 094 246 144 082 187 105 222
0021 194 094 262 141 085 189 109 223
0022 086 190 109 226 198 100 268 146
0023 209 101 277 151 086 191 109 226
0024 206 101 282 149 085 189 108 224
0025 214 106 287 154 085 194 108 227
0026 211 107 287 154 085 194 109 226
0027 210 108 282 151 085 189 109 227
0028 199 106 246 153 085 195 108 229
0029 181 116 219 160 084 192 110 228
0030 086 190 111 226 161 138 191 165
0031 086 194 110 229 128 148 181 180
0032 082 192 111 233 109 147 156 180
0033 086 195 109 229 103 142 146 173
0034 083 135 130 164 084 194 108 227
0035 084 123 129 160 083 188 109 225
0036 089 112 127 155 086 189 109 224
0037 100 111 132 154 080 184 115 224
0038 085 190 108 225 104 102 143 153
0039 082 189 107 223 113 106 157 153
0040 083 194 105 227 126 098 164 148
0041 083 194 106 227 133 092 182 149
0042 081 192 105 227 146 100 199 154
0043 081 194 105 227 158 099 221 153
0044 169 105 235 152 082 195 106 226
0045 173 107 248 152 081 189 105 225
0046 182 108 263 152 086 191 109 226
0047 188 107 270 154 080 190 104 227
0048 194 112 277 157 085 194 108 232
0049 216 111 289 163 085 193 109 228
0050 213 114 290 160 083 192 108 230
0051 219 114 292 161 082 190 107 225
0052 084 194 108 230 222 114 290 164
0053 210 119 281 163 085 191 109 227
0054 201 127 255 171 086 193 111 228
0055 200 143 238 182 081 185 115 225
0056 085 195 109 229 195 179 228 214
0057 185 191 220 229 085 196 108 231
0058 181 211 213 239 083 193 112 232
0059 181 207 205 236 085 195 109 230
0060 181 208 207 238 086 194 110 229
0061 182 211 208 239 086 193 110 228
0062 180 205 206 239 087 194 112 230
0063 179 209 200 237 088 195 111 226
0064 179 209 205 239 089 194 110 230
0065 179 206 205 239 089 194 113 230
0066 179 208 204 239 090 198 112 229
0067 179 203 205 238 088 198 110 231
0068 179 208 204 239 086 194 110 232
