0000 193 203 216 237 113 204 134 237
0001 188 204 219 239 114 205 134 238
0002 192 203 216 239 113 205 133 237
0003 191 203 216 239 113 204 133 237
0004 191 205 215 239 110 202 135 236
0005 192 199 216 239 110 197 137 236
0006 189 202 220 239 104 190 132 225
0007 190 203 220 239 096 179 126 217
0008 191 199 222 239 090 164 114 204
0009 191 203 221 239 087 159 119 200
0010 193 201 219 238 090 151 116 191
0011 191 202 219 238 088 141 114 184
0012 192 200 218 237 096 141 130 183
0013 193 201 218 236 102 146 136 184
0014 192 201 217 237 103 148 137 180
0015 191 201 215 237 096 152 131 186
0016 187 199 215 236 081 154 116 192
0017 191 197 217 236 066 161 097 193
0018 193 194 216 235 038 165 077 195
0019 191 198 215 236 026 158 069 197
0020 198 201 219 231 019 153 057 190
0021 014 143 051 178 191 200 220 237
0022 013 140 050 176 191 197 223 232
0023 198 201 220 233 014 133 051 172
0024 192 198 220 235 018 131 050 172
0025 194 194 220 235 019 132 050 172
0026 192 197 219 235 022 134 054 176
0027 196 199 219 232 024 141 058 184
0028 192 194 219 234 032 153 067 201
0029 192 200 216 239 061 169 096 223
0030 193 199 218 237 072 180 094 226
0031 190 200 216 237 088 191 114 233
0032 191 199 214 237 098 204 121 238
0033 191 203 212 239 105 207 125 239
0034 188 199 212 239 109 205 129 238
0035 189 205 213 236 112 204 132 237
0036 186 203 215 239 113 202 132 234
0037 184 202 210 239 112 203 129 235
0038 188 204 211 237 110 199 135 237
0039 190 201 213 237 103 195 136 235
