0000 086 159 144 220 054 209 094 239
0001 095 139 146 199 058 218 088 239
0002 099 119 142 177 055 221 086 239
0003 095 101 142 155
0004 092 088 134 147
0005 101 072 143 147
0006 102 080 140 131 052 220 083 239
0007 106 064 146 135
0008 127 088 171 147
0009 147 130 201 180 051 222 091 239
0010 151 162 227 214 053 217 095 239
0011 161 186 229 239 054 215 097 239
0012 161 195 222 239 053 210 096 239
0013 056 211 097 239 161 201 218 239
0014 061 209 101 239
0015 063 210 103 238 158 213 192 239
0016 063 210 104 239
0017 068 208 113 239
0018 065 208 106 239
0019 070 210 108 239
0020 068 211 110 239
0021 067 212 110 239
0022 067 205 108 239
