0000 059 194 102 235
0001 061 194 098 234
0002 058 195 101 235
0003 058 196 098 234
0004 060 194 098 236
0005 058 196 092 238 136 213 182 239
0006 059 194 100 236 117 194 162 235
0007 060 192 097 234 125 142 165 196
0008 061 196 098 237 132 098 169 165
0009 054 192 097 237 140 081 175 148
0010 052 195 095 237 140 065 178 144
0011 143 057 181 137 057 200 092 239
0012 057 197 093 239 143 061 178 135
0013 143 055 180 137 057 196 093 236
0014 140 054 178 135 057 194 093 238
0015 140 054 178 134 054 195 096 236
0016 139 053 176 132 057 196 091 236
0017 145 050 182 132 056 197 091 232
0018 140 051 177 133 058 197 092 235
0019 143 051 182 136 055 196 096 236
0020 139 048 177 133 059 197 089 238
0021 143 052 183 132 057 197 090 235
0022 140 053 174 134 061 197 095 234
0023 058 197 093 239 140 054 177 134
0024 144 056 177 134 058 197 092 239
0025 136 064 175 142 056 195 093 235
0026 056 190 093 235 133 128 169 169
0027 058 192 100 231 120 168 170 210
0028 058 196 093 234 120 204 171 239
0029 063 196 095 233
0030 055 195 094 231
0031 061 198 096 233
0032 060 193 102 235
0033 059 195 100 233
