0001 014 212 049 239
0002 029 180 079 232 135 199 179 239
0003 062 128 128 180 137 154 182 200
0004 102 115 175 161
0005 128 093 176 149
0006 125 081 178 134
0007 123 064 175 114
0008 116 059 171 101
0009 121 051 173 098
0010 125 047 175 097
0011 123 048 172 098
0012 123 048 176 102
0013 119 057 176 109
0014 115 064 177 109
0015 126 045 178 106
0016 122 053 172 105
0017 119 055 170 101
0018 121 046 176 105
0019 122 053 190 104
0020 123 058 173 108
0021 116 049 186 105
0022 113 044 181 100
0023 123 053 175 103
0024 115 047 189 103
0025 120 050 176 101
0026 120 059 173 110
0027 133 076 181 123
0028 145 118 197 171
0029 084 156 146 201 154 151 202 204
0030 146 196 195 239 053 200 102 239
0031 016 214 048 239
