0009 102 214 164 239
0010 101 144 150 185
0011 125 079 174 134
0012 127 052 179 110
0013 133 043 176 100
0014 129 036 172 105
0015 130 038 171 099
0016 129 042 176 101
0017 129 041 178 098
0018 134 043 177 106
0019 124 045 170 104
0020 124 042 169 101
0021 121 042 170 102
0022 134 048 174 106
0023 126 042 174 103
0024 125 045 172 104
0025 122 046 167 099
0026 129 044 169 107
0027 124 047 171 109
0028 120 053 169 113
0029 124 053 168 111
0030 128 059 170 128
0031 119 088 171 144
0032 120 132 165 179
0033 107 179 163 224
0034 110 216 167 239
0036 135 220 180 239
