0000 172 211 199 239 107 213 129 239
0001 106 212 126 239 172 213 199 239
0002 105 212 129 239 168 214 200 239
0003 108 211 128 239 170 212 197 239
0004 108 207 127 238 170 215 198 239
0005 174 217 197 239 105 213 123 239
0006 181 216 205 239 087 210 105 239
0007 194 210 216 239 056 190 088 225
0008 197 178 230 216 040 154 070 185
0009 202 132 244 163 030 117 070 147
0010 210 101 247 148 025 091 069 130
0011 220 058 247 097 035 057 073 099
0012 207 030 238 068 056 038 078 075
0013 203 036 227 068 075 039 098 071
0014 196 046 222 077 090 053 114 078
0015 194 057 219 091 091 060 125 091
0016 090 066 129 101 188 066 215 099
0017 188 070 213 101 100 068 134 094
0018 089 065 128 100 189 067 214 098
0019 191 061 216 089 081 056 117 094
0020 201 054 221 086 079 052 099 091
0021 221 044 243 083 039 055 075 105
0022 233 067 259 104 022 086 062 126
0023 221 114 261 152 021 125 061 156
0024 020 164 060 194 208 162 252 196
0025 049 194 079 231 205 202 232 237
0026 069 206 092 236 197 219 222 235
0027 086 207 107 239 187 214 206 239
0028 175 214 199 239
0029 175 212 196 239 108 203 126 236
0030 111 206 127 235 169 211 197 239
0031 108 207 127 239 171 209 199 239
0032 109 204 127 236 172 212 199 239
0033 110 206 129 238 174 213 196 239
0034 110 203 129 237 172 213 198 239
0035 110 204 128 237 172 213 198 239
0036 109 208 129 237 172 210 195 239
0037 108 208 128 236 172 210 197 239
0038 108 206 129 238 172 210 197 239
0039 109 206 128 238 171 213 200 239
0040 112 206 130 239 172 212 200 239
0041 110 205 128 237 170 210 198 239
