0000 207 208 235 239 123 209 143 239
0001 206 207 234 239 121 205 139 238
0002 206 211 229 239 120 216 139 239
0003 205 210 229 239 113 208 136 239
0004 206 207 234 239 096 191 131 228
0005 207 212 230 239 084 148 120 177
0006 204 206 229 239 087 078 113 123
0007 204 208 228 239 081 055 115 099
0008 077 023 111 070 204 208 232 239
0009 081 022 108 057 203 209 228 239
0010 086 029 112 072 204 207 228 239
0011 087 046 116 087 204 210 231 239
0012 093 067 125 108 205 208 228 239
0013 091 075 125 119 207 211 232 239
0014 208 209 231 239 091 073 125 115
0015 204 208 235 239 093 058 121 099
0016 205 209 235 239 086 033 122 071
0017 208 212 231 239 086 022 114 062
0018 088 025 115 061 204 212 233 239
0019 201 209 231 239 089 035 115 074
0020 204 208 229 239 098 060 127 101
0021 100 082 126 120 199 211 228 239
0022 204 211 232 239 101 095 126 135
0023 206 207 232 239 106 098 131 140
0024 204 210 229 239 101 099 129 138
0025 205 209 232 239 102 112 134 153
0026 204 212 231 239 101 140 134 170
0027 200 213 231 239 101 159 136 198
0028 199 212 228 239 108 182 142 231
0029 204 209 229 239 112 202 140 238
0030 203 204 229 239 118 213 142 239
0031 120 212 138 239 205 209 232 239
0032 202 209 228 239 122 208 144 239
0033 205 208 228 239 124 212 144 239
0034 201 207 226 239 123 211 144 239
0035 202 209 227 239 124 205 143 237
0036 124 210 143 239 203 208 230 239
0037 205 208 230 237 123 209 143 239
