0000 195 205 235 236
0001 195 205 235 236
0002 194 205 236 236
0003 194 205 235 236
0004 195 206 236 237 121 213 159 239
0005 111 200 149 237 196 207 236 236
0006 195 206 234 238 082 174 115 222
0007 195 208 236 237 042 126 094 184
0008 034 102 086 161 195 206 237 237
0009 031 088 087 145 194 207 236 237
0010 028 086 084 139 194 207 236 237
0011 032 083 086 145 195 207 235 236
0012 028 081 085 142 196 207 235 236
0013 028 085 084 144 196 207 235 236
0014 028 082 086 141 195 207 235 236
0015 028 083 086 145 196 207 235 236
0016 029 084 087 145 196 207 235 236
0017 033 084 088 143 195 207 235 236
0018 033 085 089 143 195 205 235 237
0019 032 085 088 144 195 205 235 236
0020 033 086 088 144 195 205 235 236
0021 033 081 088 143 195 205 235 236
0022 028 086 088 143 196 206 235 236
0023 033 081 088 143 195 207 236 236
0024 033 081 087 144 194 205 234 238
0025 033 082 087 144 194 205 234 238
0026 033 082 087 144 194 205 234 238
0027 033 087 089 146 195 206 237 237
0028 033 087 091 145 195 206 237 237
0029 045 102 093 157 194 205 234 238
0030 194 205 235 239 083 145 117 197
0031 108 181 155 229 195 207 237 236
0032 197 207 237 236 122 208 175 238
0033 197 207 235 238 120 222 162 239
0034 197 207 237 236
0035 195 206 236 236
0036 194 205 237 238
0037 195 206 233 238
0038 195 206 233 238
0039 194 205 237 238
0040 194 204 237 238
