0000 186 207 210 239 106 207 133 239
0001 105 210 132 239 200 196 230 236
0002 099 210 128 239 222 182 248 225
0003 102 209 131 239 239 162 268 200
0004 254 145 277 185 097 210 128 239
0005 098 213 123 239 257 124 288 167
0006 099 211 124 239 262 114 290 151
0007 097 211 125 239 263 110 292 144
0008 092 211 121 239 258 106 292 139
0009 092 211 121 239 260 111 294 146
0010 258 123 287 163 093 213 122 239
0011 093 213 121 239 253 143 280 186
0012 232 163 264 212 093 212 120 239
0013 092 212 119 239 209 185 239 229
0014 190 204 219 237 097 209 120 235
0015 094 213 119 239
0016 097 211 123 239
0017 097 210 124 239
0018 098 209 125 239
