0000 132 187 155 218 200 178 221 209
0001 202 181 221 212 135 187 155 218
0002 200 178 221 210 135 188 155 217
0003 200 179 221 212 135 187 156 218
0004 200 181 221 214
0005 199 180 221 213
0006 199 181 221 214 134 182 155 213
0007 132 185 152 216 198 182 219 214
0008 197 181 218 213 126 180 148 216
0009 198 180 218 211
0010 200 181 218 209 082 171 118 210
0011 202 180 222 211 052 153 096 186
0012 202 182 222 215
0013 202 183 224 212 027 125 072 154
0014 202 183 224 212 027 109 073 139
0015 202 183 222 215 018 102 068 131
0016 019 100 065 128 202 181 223 210
0017 202 182 222 212 019 098 064 125
0018 021 096 063 125 203 181 223 211
0019 202 182 222 212 019 093 063 125
0020 203 182 224 214 017 092 066 127
0021 201 182 223 214 019 094 064 123
0022 202 183 223 215 021 097 062 121
0023 024 092 065 123 202 183 223 216
0024 020 090 066 120 203 182 223 214
0025 017 090 066 125 203 183 223 213
0026 023 093 065 123 205 183 225 211
0027 020 094 064 124 202 182 222 212
0028 202 181 222 214 027 098 066 127
0029 202 182 223 210 035 105 081 134
0030 062 121 109 156 205 187 223 215
0031 204 185 224 215
0032 199 186 219 215 120 176 140 213
0033 131 188 152 219 199 183 220 215
0034 137 185 158 217 201 183 222 213
0035 135 185 156 217 204 185 222 214
0036 135 183 159 217 205 186 223 215
0037 134 187 157 217 205 186 222 216
