0004 139 205 200 237
0005 151 188 205 236
0006 156 165 213 211
0007 163 132 213 179
0008 164 114 216 167
0009 160 098 215 154
0010 169 079 219 141
0011 167 066 220 124
0012 171 056 220 122
0013 169 056 221 118
0014 169 056 221 118
0015 167 056 215 122
0016 168 053 219 124
0017 168 053 219 124
0018 168 053 219 124
0019 168 053 219 124
0020 168 053 219 124
0021 168 053 219 124
0022 166 059 220 122
0023 168 051 220 125
0024 167 065 219 125
0025 161 080 217 143
0026 156 091 214 153
0027 146 119 203 165
0028 134 153 198 202
0029 121 176 191 231
0030 120 202 185 237
