0000 189 207 209 237 113 205 132 236
0001 116 208 135 237 188 207 213 237
0002 188 207 213 237 115 204 135 237
0003 189 204 211 237 116 205 136 234
0004 113 208 133 237 199 199 222 235
0005 112 207 132 237 216 193 253 222
0006 226 185 268 213 113 205 131 235
0007 110 206 128 236 243 172 287 197
0008 251 143 292 171 106 201 125 234
0009 252 131 293 157 103 201 120 237
0010 251 127 294 154 093 203 118 234
0011 070 195 102 229 255 128 296 156
0012 044 178 086 208 254 131 294 157
0013 023 140 068 173 256 129 297 157
0014 017 092 061 134 261 131 296 154
0015 025 059 065 104 251 126 301 154
0016 033 045 072 095 252 126 297 151
0017 053 038 082 083 249 125 297 153
0018 059 040 083 080 249 126 299 155
0019 062 030 087 074 252 125 296 154
0020 067 026 089 067 251 125 296 154
0021 075 019 102 066 249 126 298 155
0022 248 126 297 154 099 017 124 063
0023 249 124 294 151 122 041 153 075
0024 251 127 295 152 127 062 172 095
0025 251 129 295 156 128 063 169 094
0026 252 130 294 153 115 058 155 091
0027 250 132 297 158 098 032 124 078
0028 077 035 106 086 253 132 297 157
0029 063 047 090 085 251 131 299 158
0030 253 130 297 157 068 049 095 092
0031 253 129 296 156 081 041 108 089
0032 254 130 299 156 107 028 132 068
0033 250 131 295 156 137 057 172 089
0034 147 058 193 096 245 131 292 159
0035 247 132 294 157 147 059 178 095
0036 246 131 294 157
0037 248 130 294 157 113 062 153 099 125 043 154 082
0038 090 034 114 079 244 125 294 153
0039 075 046 100 091 244 119 286 145
0040 074 050 101 098 236 118 283 147
0041 075 070 101 114 221 117 269 146
0042 077 089 107 134 208 129 249 157
0043 196 139 233 170 084 122 112 157
0044 185 155 216 196 093 151 120 181
0045 097 169 117 203 185 161 210 202
0046 186 183 209 223 105 189 122 227
0047 188 196 210 232 111 202 129 236
0048 191 202 213 230 113 203 133 236
0049 192 202 212 231 114 203 132 230
0050 189 202 210 232 114 203 133 230
0051 187 203 210 235 114 202 133 232
0052 186 202 207 233 112 202 131 235
0053 186 202 207 233 115 204 132 237
0054 186 202 207 233 114 204 132 236
0055 186 202 207 234 113 204 132 235
0056 186 202 207 234 113 205 132 236
0057 187 202 208 234 111 205 134 235
0058 111 204 133 239 185 202 207 231
0059 114 202 133 231 185 202 207 231
0060 115 203 133 235 188 202 210 237
0061 189 203 208 235 116 202 134 231
0062 116 206 135 237 188 198 208 232
