0017 133 214 165 239
0018 132 199 166 239
0019 127 185 175 236
0020 130 166 170 230
0021 125 157 168 213
0022 129 136 170 206
0023 129 130 170 198
0024 127 107 170 180
0025 119 094 170 174
0026 127 091 169 172
0027 131 087 174 164
0028 133 080 175 161
0029 126 080 169 160
0030 132 069 172 161
0031 131 077 171 157
0032 129 077 170 157
0033 130 072 170 158
0034 128 074 171 157
0035 130 070 170 160
0036 129 070 170 160
0037 130 070 170 159
0038 129 070 170 158
0039 129 069 170 157
0040 129 068 169 157
0041 129 066 169 157
0042 129 066 169 157
0043 130 068 170 157
0044 127 069 170 162
0045 134 075 174 160
0046 128 139 178 204
0047 132 198 178 238
