0000 193 215 216 239
0001 126 186 151 227 187 198 206 233
0002 142 154 168 195 182 152 202 186
0003 196 124 224 151
0004 236 110 284 134 040 101 084 127
0005 000 085 038 115 275 101 310 126
0006 000 088 033 112 280 098 314 122
0007 002 090 032 111 275 097 310 117
0008 000 085 035 111 275 097 308 119
0009 000 087 033 111 276 096 311 117
0010 278 093 312 114 000 085 040 111
0011 279 093 306 115 000 086 032 109
0012 000 084 040 110 272 088 307 113
0013 280 104 311 124 007 101 037 124
0014 277 139 306 166 007 157 044 180
0015 272 168 298 197 006 173 053 202
0016 272 170 298 194
0017 266 160 306 189 002 168 050 199
0018 274 168 299 190
0019 272 165 299 190 003 168 044 196
0020 273 161 302 185
0021 270 168 297 191
0022 046 202 070 234 260 190 281 216
0023 219 206 243 239
0024 190 213 218 236
0025 198 217 216 239
0026 200 214 224 239 100 215 118 234
0027 097 221 117 239 200 208 230 236
0028 197 215 229 237 105 215 126 239
0029 202 215 221 239 109 218 129 239
0030 200 211 223 239 108 218 130 239
0031 103 219 124 239 201 212 222 239
0032 202 213 223 239 101 219 122 239
0033 202 214 223 239
0034 202 218 222 239
