0000 194 206 224 239 111 198 135 239
0001 195 206 219 239 114 204 135 234
0002 192 204 223 239 116 204 136 236
0003 195 204 220 239 113 211 137 237
0004 196 206 225 239 102 208 129 239
0005 204 193 235 236 089 184 124 223
0006 085 149 113 178 215 156 249 185
0007 214 126 252 161 056 122 097 153
0008 213 084 244 129 065 074 097 121
0009 209 049 242 094 077 043 107 097
0010 205 036 241 088 086 038 113 092
0011 202 036 239 086 086 034 116 092
0012 206 034 237 087 092 038 120 090
0013 093 040 119 089 209 034 240 086
0014 090 041 125 091 207 038 237 084
0015 093 037 120 091 206 036 238 085
0016 092 037 119 091 206 036 238 087
0017 094 039 120 089 207 038 237 082
0018 093 038 121 089 206 036 236 086
0019 093 039 120 086 207 038 235 085
0020 085 034 124 089 201 035 239 085
0021 085 048 123 098 206 041 238 091
0022 211 072 242 115 075 089 109 128
0023 208 120 240 154 086 143 112 172
0024 200 159 236 197 093 176 115 220
0025 196 182 230 224 105 202 126 239
0026 190 191 225 234 108 201 134 238
0027 189 201 221 239 119 206 138 239
0028 194 202 222 239 120 204 139 237
