0001 082 222 121 239
0002 172 210 216 239 081 217 125 239
0003 172 168 216 220 087 196 134 239
0004 150 079 207 127 088 083 129 172
0005 153 019 209 084 102 017 142 087
0006 156 028 209 093 094 027 133 087
0007 179 062 222 131 088 052 126 115
0008 179 137 228 195 085 082 130 145
0009 188 178 247 226 085 113 133 184
0010 180 154 232 208 076 129 117 196
0011 062 114 113 177 179 106 223 167
0012 173 031 214 102 053 073 107 130
0013 046 059 089 107 157 029 197 062
0014 163 056 236 092 152 053 192 082 053 082 100 125
0015 147 079 215 120 076 112 116 152
0016 142 118 195 158 088 124 128 170
0017 102 125 144 173
0018 098 115 148 163
0019 076 091 139 137
0020 052 076 133 121
0021 051 084 094 133 085 077 135 144
0022 035 105 081 158 078 100 143 155
0023 033 137 077 190 063 125 126 175
0024 028 146 075 199
0025 028 140 070 191
0026 030 135 073 181
0027 035 127 088 175
0028 041 118 093 169
0029 073 110 137 169
0030 104 117 156 172
0031 090 187 137 233 137 173 181 222
0032 159 206 202 239 087 205 133 239
0033 086 212 130 239
