0004 171 208 200 239
0005 172 211 211 239
0006 184 190 228 239
0007 190 160 234 234
0008 201 135 242 215
0009 208 117 253 196
0010 214 095 260 172
0011 216 080 259 162
0012 219 068 260 150
0013 212 064 263 140
0014 211 057 253 134
0015 216 056 257 139
0016 211 062 255 137
0017 212 065 256 143
0018 209 063 256 142
0019 216 063 256 143
0020 209 065 255 141
0021 215 066 256 144
0022 213 067 258 142
0023 212 065 255 141
0024 211 065 255 144
0025 208 064 254 142
0026 209 065 254 141
0027 196 083 240 166
0028 189 127 228 202
0029 167 180 217 239
0030 148 208 195 239
