0000 120 193 141 229 195 198 215 228
0001 118 193 140 230 195 195 215 224
0002 120 190 141 224 195 194 214 225
0003 191 169 212 200 123 176 143 203
0004 188 138 214 167 120 146 141 184
0005 190 114 216 146
0006 197 107 224 139
0007 206 105 235 140 105 114 130 143
0008 221 100 264 140 072 115 108 142
0009 029 105 053 128 266 093 315 125
0010 278 082 319 118 016 102 042 125
0011 006 092 035 115 273 071 319 102
0012 009 084 034 113 274 063 319 097
0013 008 096 033 117
0014 011 114 037 138
0015 026 149 050 175
0016 048 171 073 196 267 160 307 191 219 124 270 165
0017 058 179 093 209 263 168 304 202
0018 062 182 089 211 253 165 298 198
0019 054 176 082 201 272 164 310 196
0020 039 163 069 186 279 151 317 179
0021 029 149 066 172 279 137 315 159 220 119 267 154
0022 031 130 056 151 280 115 318 144
0023 274 106 319 135 029 120 061 146
0024 031 112 067 140 267 104 306 129
0025 222 108 272 143 057 118 094 147
0026 074 120 109 150 213 119 258 148
0027 104 138 128 170 204 133 227 163
0028 197 140 222 171 120 153 142 183
0029 190 159 215 190 130 163 147 194
0030 130 179 151 212 188 187 212 221
0031 134 191 156 222 187 194 212 231
0032 131 198 153 229 189 201 209 230
0033 131 198 152 229 188 196 211 233
0034 132 198 154 231 190 196 212 231
0035 188 199 212 234 132 197 151 229
0036 130 199 149 231 191 199 212 234
0037 189 198 212 232 128 199 147 233
