0000 185 213 208 239
0001 186 220 205 239
0002 221 194 244 234 058 206 082 239
0003 020 110 043 141 244 114 281 144 021 114 083 150 205 119 272 155
0004 043 031 069 066 231 048 256 080 199 085 238 114
0005 071 002 104 039 198 014 221 047 195 053 220 099
0006 082 005 108 037 188 015 209 045
0007 082 009 109 041 187 012 211 047
0008 085 010 113 040 190 011 212 046
0009 086 009 113 039 190 012 213 048
0010 084 008 109 040 190 012 214 048
0011 083 008 109 039 193 012 215 048
0012 080 010 108 039 191 014 215 049
0013 082 009 109 039 191 014 215 048
0014 081 010 108 041 192 015 217 048
0015 080 009 108 040 192 015 215 048
0016 081 009 108 040 192 014 215 047
0017 080 010 108 043 191 014 215 047
0018 079 010 107 043 192 016 215 042
0019 079 010 107 043 192 016 215 042
0020 079 010 108 043 192 016 216 042
0021 079 008 107 042 192 017 216 043
0022 081 014 109 041 192 014 217 046
0023 079 014 107 041 191 013 217 046
0024 078 011 111 046 194 013 216 048
0025 071 022 102 061 205 020 230 059
0026 034 089 073 137 224 068 250 104
0027 052 191 077 229 231 135 270 170
0028 210 203 232 234
0029 183 209 208 239 215 166 240 204
0030 184 210 206 239
0031 185 209 215 237
0032 197 209 221 239
0033 200 211 221 235
0034 195 212 220 239
0035 195 210 215 234
0036 189 209 219 238
0037 194 209 218 239
0038 193 210 217 239
0039 192 210 217 239
0040 192 210 217 239
0041 191 215 212 239
0042 191 215 212 239
0043 192 210 217 239
0044 191 210 220 239
0045 188 211 220 238
0046 190 209 220 238
