0000 159 199 202 234 099 213 138 239
0001 164 199 203 235 099 213 138 239
0002 164 199 203 235 099 213 138 239
0003 163 199 205 235 099 213 139 239
0004 169 199 209 235 099 213 139 239
0005 171 199 209 236 099 213 139 239
0006 190 203 227 236 099 213 138 239
0007 098 212 139 239 219 193 272 231
0008 235 169 300 206 099 212 139 239
0009 252 128 305 179 098 213 139 239
0010 254 098 301 154 098 212 139 239
0011 250 077 288 143 098 212 139 239
0012 240 059 274 121 099 213 139 239
0013 230 054 267 111 099 213 139 239
0014 222 047 257 107 099 213 139 239
0015 212 047 247 107 099 213 140 239
0016 204 046 248 104 099 213 140 239
0017 210 048 245 107 099 213 140 239
0018 212 049 245 105 099 213 140 239
0019 211 047 246 107 099 213 140 239
0020 210 048 249 104 099 213 140 239
0021 212 047 248 106 099 213 140 239
0022 216 048 249 105 099 213 140 239
0023 225 051 259 114 099 213 140 239
0024 238 064 270 135 099 213 139 239
0025 237 095 274 162 099 213 139 239
0026 099 213 139 239 233 132 280 180
0027 223 154 277 198 099 213 139 239
0028 212 176 265 215 099 213 139 239
0029 204 192 240 234 099 213 139 239
0030 182 197 214 234 099 213 139 239
0031 158 199 194 225 100 212 139 239
0032 155 201 196 234 104 213 134 239
0033 155 203 199 235 104 213 134 239
0034 155 203 199 236 104 213 135 239
