0011 112 208 168 239 053 219 086 235
0012 096 205 139 238 057 211 088 238
0013 053 198 092 236 088 184 129 236
0014 060 182 094 229 079 172 119 227
0015 058 172 094 222 077 157 125 216
0016 054 156 095 210 076 141 119 195
0017 077 134 114 189 049 148 088 199
0018 078 124 115 182 053 143 089 190
0019 076 122 117 180 051 139 087 181
0020 073 115 118 171 051 136 084 178
0021 069 116 113 172 046 120 085 173
0022 071 112 113 171 045 124 076 175
0023 070 113 115 173 047 112 083 174
0024 068 112 111 173 047 112 082 182
0025 073 114 112 175 047 118 082 183
0026 072 113 111 184 047 119 083 185
0027 072 111 111 179 046 120 084 182
0028 071 112 113 179 047 121 086 185
0029 070 112 112 178 047 120 087 185
0030 070 112 112 179 046 121 086 185
0031 076 111 115 180 046 118 085 182
0032 076 112 115 180 045 118 084 181
0033 076 112 115 180 044 120 084 180
0034 076 111 113 182 047 116 084 188
0035 070 113 116 182 045 121 083 189
0036 068 115 111 178 045 113 080 184
0037 071 113 110 174 045 113 081 184
0038 068 114 109 183 045 112 080 186
0039 072 113 111 182 046 120 079 188
0040 073 114 111 181 043 112 082 182
0041 073 112 111 182 043 117 085 190
0042 073 112 111 183 045 113 079 187
0043 066 115 109 184 049 111 081 188
0044 048 114 083 189 069 114 115 185
0045 073 123 115 190 047 131 080 194
0046 052 158 085 213 086 157 136 209 145 123 185 159
0047 049 192 087 239 116 205 159 238
0048 048 214 082 238 145 212 183 238
0049 042 218 078 239 157 210 192 237
0050 052 220 077 239
0051 101 087 145 135
