0000 118 178 138 216 187 175 209 211
0001 119 178 139 210 187 175 209 211
0002 121 177 141 215 187 177 208 211
0003 122 177 140 211 187 173 207 206
0004 119 178 138 210 189 171 211 209
0005 118 179 139 214 194 165 218 202
0006 118 179 139 215 203 151 227 183
0007 118 180 137 215 200 144 227 182
0008 185 138 226 178 118 181 139 216
0009 118 180 138 215 185 139 217 177
0010 118 177 138 213 158 136 213 169
0011 119 177 138 213 151 141 194 170
0012 118 178 138 212 149 141 187 175
0013 118 178 137 212
0014 118 178 137 212 179 127 215 162
0015 205 132 259 160 116 179 136 214
0016 210 126 271 164 115 179 135 215
0017 225 133 283 166 115 180 135 214
0018 229 131 280 171 115 179 136 215
0019 228 131 280 172 116 178 137 214
0020 229 133 280 173 116 177 138 213
0021 229 133 279 172 117 178 138 212
0022 229 133 282 171 116 178 138 212
0023 229 131 281 171 116 179 137 213
0024 227 135 274 170 117 179 137 213
0025 117 178 137 212 218 142 248 168
0026 117 178 137 212 204 149 228 180
0027 118 179 137 212 197 150 222 184
0028 118 178 138 213 194 156 215 196
0029 118 179 136 211 188 171 207 208
0030 119 179 137 210 187 172 210 210
0031 121 180 139 213 187 172 209 210
