0000 134 214 176 239
0001 134 216 178 239
0002 139 212 179 239
0008 119 221 170 239
0009 123 205 162 239
0010 129 153 168 184
0011 134 072 178 137
0012 137 042 180 113
0013 136 028 175 107
0014 130 032 177 101
0015 136 024 181 103
0016 131 029 177 103
0017 136 028 182 101
0018 132 026 178 103
0019 132 029 178 105
0020 131 030 179 106
0021 130 037 175 108
0022 126 080 176 131
0023 113 140 153 173
0024 101 181 158 233 062 218 088 239
0025 028 194 074 237 106 217 151 239 129 203 175 237
0026 134 215 172 239 007 180 037 216
0027 133 214 178 239
0028 133 215 178 239
0029 133 216 177 239
0030 133 215 178 239
0031 135 213 176 239
0032 141 214 174 239
0033 142 213 175 239
0034 142 213 176 239
