0000 095 207 123 239 198 210 225 239
0001 096 210 125 239 197 214 228 239
0002 201 212 226 239 097 210 127 239
0003 201 211 225 239 097 210 127 239
0004 202 212 227 239 092 206 124 239
0005 092 206 124 239 200 210 228 239
0006 196 211 229 239 092 206 124 239
0007 201 208 229 239 097 209 127 239
0008 095 209 122 239 200 188 240 233
0009 092 209 123 239 198 164 238 202
0010 097 206 126 239 209 130 249 160
0011 095 209 123 237 210 086 247 131
0012 201 048 242 111 091 211 122 239
0013 195 040 232 098 096 207 126 239
0014 188 032 229 097 093 206 123 239
0015 189 032 228 097 092 206 123 239
0016 190 033 229 098 092 210 121 239
0017 192 034 229 094 096 209 123 239
0018 195 030 234 096 090 209 124 239
0019 192 035 230 103 097 211 122 239
0020 195 034 235 095 095 209 125 239
0021 194 031 235 099 096 202 126 239
0022 195 033 235 096 101 196 140 230
0023 199 037 237 096 111 174 154 209
0024 193 032 236 098 115 154 158 186
0025 191 036 231 098 118 128 164 161
0026 193 032 234 095 120 095 164 144
0027 195 034 234 096 104 074 154 129
0028 194 034 236 097 082 069 133 130
0029 198 035 236 094 039 086 086 143
0030 198 037 239 094 024 126 057 172
0031 199 038 242 101 034 174 073 209
0032 200 037 235 103 063 200 104 234
0033 198 037 235 102 092 200 131 235
0034 199 039 240 097 113 188 152 226
0035 200 036 238 096 137 157 175 191
0036 197 036 236 097 131 128 168 176
0037 197 039 234 101 118 085 162 148
0038 199 037 240 100 089 084 131 145
0039 198 037 235 102 063 107 114 159
0040 199 040 241 101 050 147 092 182
0041 200 037 243 101 051 176 090 211
0042 201 038 242 102 072 196 112 234
0043 201 039 241 100 100 198 139 232
0044 199 038 242 103 112 196 155 227
0045 197 036 235 106 135 169 179 198
0046 195 037 236 104 136 116 176 161
0047 196 037 235 101 113 086 165 141
0048 197 040 235 099 079 088 130 146
0049 199 037 240 101 052 107 091 158
0050 197 037 237 105 036 136 075 177
0051 200 038 240 102 050 166 086 203
0052 201 039 240 101 067 180 106 216
0053 198 041 241 100 093 184 131 217
0054 198 042 241 099 112 180 151 210
0055 197 042 236 107 111 173 150 205
0056 202 046 239 106 097 170 153 206
0057 206 061 240 119 099 170 141 202
0058 098 178 135 213 203 093 240 141
0059 094 187 131 223 205 117 242 157
0060 096 200 129 239 201 153 242 185
0061 093 202 128 239 198 177 238 217
0062 205 198 237 239 096 207 123 236
0063 093 204 126 239 201 209 239 239
0064 097 206 126 239 204 213 235 239
0065 202 208 230 239 099 207 124 238
0066 199 206 235 239 099 206 124 238
0067 196 206 230 239 094 206 121 239
0068 200 210 228 239 099 207 124 238
0069 198 213 233 239 098 206 123 236
