0000 052 212 107 236
0001 053 211 109 237
0002 050 209 103 238
0003 041 201 101 238
0004 050 195 105 237 161 214 208 238
0005 055 188 109 238 151 203 202 239
0006 070 179 116 239 147 184 198 237
0007 145 171 189 238 074 167 119 238
0008 143 163 186 236 077 166 129 235
0009 086 159 134 227 141 152 180 230
0010 137 148 180 227 091 156 136 225
0011 137 146 178 227 093 153 139 230
0012 137 145 177 223 093 152 134 223
0013 091 146 140 219 137 145 179 217
0014 137 139 177 215 093 141 136 215
0015 132 139 182 212 102 138 142 213
0016 137 140 177 218 094 141 140 216
0017 135 140 179 217 097 136 139 217
0018 136 140 179 220 096 137 140 217
0019 097 139 141 215 137 137 180 214
0020 136 136 180 214 094 142 148 217
0021 096 134 144 211 141 134 181 214
0022 132 143 187 216 102 138 144 215
0023 138 137 182 217 098 139 144 212
0024 137 139 181 217 102 133 144 214
0025 139 136 179 213 101 133 144 214
0026 143 138 184 217 101 134 144 216
0027 143 136 185 220 100 134 143 218
0028 142 134 179 219 102 136 143 221
0029 100 143 143 215 142 138 181 222
0030 142 139 181 223 099 134 144 223
0031 137 140 181 224 100 139 142 218
0032 100 136 141 224 140 137 181 226
0033 138 138 180 222 100 142 141 218
0034 142 139 181 226 096 133 141 220
0035 098 140 141 222 142 136 179 224
0036 137 140 178 222 097 133 140 218
0037 137 140 178 222 097 132 140 220
0038 137 140 178 224 097 133 141 224
0039 137 137 178 226 096 136 142 223
0040 137 136 178 228 096 136 141 223
0041 141 135 179 225 095 138 141 223
0042 096 139 142 222 137 137 179 225
0043 097 140 142 221 136 135 179 226
0044 141 134 179 225 096 141 142 224
0045 096 140 142 220 136 136 179 225
0046 138 146 179 230 094 143 139 225
0047 138 154 183 229 079 158 134 231
0048 068 172 122 238 140 187 191 239
0049 063 187 116 239 143 202 195 239
0050 055 193 108 239 146 211 208 239
0051 058 202 106 239
0052 060 205 107 237
0053 059 205 106 238
0054 057 206 106 239
0055 056 209 105 239
0056 057 207 103 239
0057 057 208 103 239
0058 057 209 103 239
0059 057 211 103 239
