0000 148 189 165 215 209 186 226 213
0001 145 185 164 217 208 185 226 213
0002 209 186 226 213 144 182 162 217
0003 209 185 226 211 145 173 164 204
0004 209 183 226 211
0005 210 184 226 211 139 129 163 158
0006 210 185 227 210 132 115 158 144
0007 129 103 157 136 212 187 229 213
0008 130 104 159 133 209 178 227 208
0009 130 106 159 135 209 179 228 211
0010 126 101 154 132 209 178 226 208
0011 125 104 153 136 211 182 228 211
0012 127 107 159 137 210 182 228 212
0013 126 106 154 137 208 182 226 211
0014 127 103 155 137 209 182 226 210
0015 132 095 169 131 209 183 226 211
0016 135 083 165 121 208 182 226 211
0017 208 183 226 211 138 083 171 106
0018 138 083 169 115 209 182 227 210
0019 136 085 171 125 209 183 226 212
0020 135 098 171 136 207 183 226 212
0021 206 182 224 210
0022 208 183 225 213
0023 208 185 225 214 144 178 163 208
0024 146 186 165 211 209 185 225 214
0025 204 183 223 210 145 187 163 213
0026 140 186 160 211 208 186 226 215
0027 141 189 161 214 208 186 225 214
0028 143 186 162 215 207 184 224 210
0029 207 183 225 210 143 189 162 212
0030 142 191 161 214 208 186 225 214
0031 140 190 158 214 207 183 225 209
0032 144 189 161 216 208 185 225 215
0033 140 188 158 214 206 183 224 210
