0002 050 219 090 239
0003 046 212 084 238
0004 039 203 089 239 125 216 165 239
0005 036 175 091 227 128 202 164 235
0006 115 179 157 239 039 135 096 178
0007 092 158 148 209 051 108 114 146
0008 088 118 136 169 064 089 125 126
0009 094 104 138 162 073 082 137 110
0010 089 134 130 183 076 072 138 100
0011 083 119 132 169 080 071 141 103
0012 087 099 129 163 078 077 135 103
0013 094 113 130 172 076 074 139 100
0014 085 126 129 174 075 074 138 100
0015 086 116 127 168 077 077 134 104
0016 091 103 132 169 079 079 133 110
0017 072 077 137 108 091 117 130 177
0018 096 152 136 202 070 098 123 136
0019 062 134 109 182 106 176 142 225
0020 048 180 099 235 111 200 147 236
0021 050 203 096 239 100 218 143 239
0022 057 218 098 239 102 216 138 239
0023 060 218 103 239 101 218 143 239
0024 059 218 105 239 099 219 142 239
0025 099 219 144 239 057 221 096 239
0026 100 219 143 239 058 222 095 239
0027 101 219 143 239 057 219 096 239
0028 103 217 137 239 060 223 094 239
