0003 190 178 228 227
0004 189 101 229 174
0005 186 082 228 148
0006 183 078 226 143
0007 177 079 222 141
0008 177 082 222 143
0009 183 082 231 151
0010 192 091 244 149
0011 190 083 234 150
0012 191 094 238 155
0013 189 116 237 174
0014 192 157 239 206
0015 187 192 229 235 122 218 165 238
0016 190 208 221 237 121 215 164 239
0017 189 209 221 236 125 217 167 238
0018 129 216 168 238 191 212 217 239
0019 125 216 164 239 187 214 225 239
0020 191 212 222 237 131 220 162 239
0021 127 220 168 239
0022 132 217 165 239
0023 127 220 164 239
0024 126 219 162 239
