0019 189 201 251 239
0020 187 173 253 221
0021 185 160 255 209
0022 185 142 252 193
0023 191 130 258 180
0024 187 125 257 181
0025 201 128 268 181
0026 209 127 282 180
0027 209 127 282 176
0028 209 120 281 170
0029 216 117 276 172
0030 206 121 277 171
0031 205 121 277 173
0032 204 121 274 173
0033 203 123 273 173
0034 202 117 275 170
0035 200 118 271 171
0036 209 119 267 174
0037 204 116 265 175
0038 202 115 264 174
0039 202 116 262 173
0040 202 116 263 172
0041 202 116 263 173
0042 202 118 263 173
0043 199 123 264 176
0044 193 124 248 180
0045 175 140 225 201
0046 157 189 207 235
