0000 144 216 185 237
0001 151 187 204 234
0002 160 140 220 204
0003 164 102 215 169
0004 171 076 216 155
0005 173 054 213 133
0006 174 049 215 128
0007 169 042 210 120
0008 170 042 210 116
0009 165 034 204 104
0010 166 034 207 108
0011 167 035 207 108
0012 167 036 209 112
0013 168 038 207 112
0014 168 040 207 114
0015 168 037 208 113
0016 168 037 208 113
0017 168 038 208 112
0018 168 039 208 112
0019 169 039 207 113
0020 170 047 210 118
0021 166 067 206 125
0022 169 083 208 137
0023 164 111 208 166
0024 160 139 208 193
0025 145 183 188 235
0026 136 201 178 239
