0002 078 200 120 239
0003 161 201 209 236 088 169 116 217
0004 149 165 194 208 092 144 121 196
0005 134 121 181 164 092 124 131 179
0006 122 112 172 162 091 116 133 169
0007 096 110 137 160 120 124 157 168
0008 133 136 168 178 094 107 130 163
0009 132 121 172 164 093 109 132 158
0010 098 118 130 163 117 122 161 161
0011 114 099 153 143 090 119 133 169
0012 122 098 155 141 093 125 123 169
0013 094 118 145 159
0014 120 137 159 188 093 112 125 158
0015 092 107 127 159 124 140 163 182
0016 092 118 151 164
0017 107 112 151 151
0018 111 107 154 149 098 134 128 173
0019 096 121 153 168
0020 095 119 130 168 122 142 161 195
0021 093 118 123 167 119 135 161 189
0022 108 126 153 171
0023 096 116 156 162 092 130 127 181
0024 094 109 149 162
0025 094 124 153 168
0026 093 125 129 168 111 131 159 175
0027 134 134 181 173 099 103 125 156
0028 139 128 185 161 095 115 139 152
0029 147 128 190 168 099 119 138 158
0030 141 137 190 182 099 125 140 174
0031 140 153 190 198 098 142 143 198
0032 147 158 193 199 091 149 140 191
0033 144 137 195 176 090 136 138 177
0034 146 106 201 136 091 111 141 152
0035 147 092 197 117 088 096 135 134
0036 091 099 141 134 144 096 201 124
0037 147 119 194 160 096 113 139 157
0038 136 141 196 193 097 132 143 189
0039 140 162 193 214 101 149 147 215
0040 101 164 148 226 147 178 197 236
0041 112 167 149 227 153 181 203 233
0042 105 155 150 206 156 158 213 205
0043 108 135 153 174 160 133 213 169
0044 171 101 221 135 090 094 146 145
0045 169 086 216 123 092 091 145 132
0046 166 092 209 126 093 101 138 137
0047 095 114 143 166 163 111 211 159
0048 158 146 205 196 103 134 145 201
0049 155 173 205 216 110 158 151 216
0050 103 162 150 210 160 169 212 210
0051 107 146 155 187 178 157 232 191
0052 178 120 240 154 097 126 144 162
0053 180 116 240 153 099 122 145 158
0054 179 128 241 163 097 137 141 164
0055 094 167 139 225 182 164 237 209
0056 092 191 142 239 188 190 231 237
0057 186 198 219 239 097 210 138 237
0058 185 199 218 239
