0000 114 202 141 239
0001 115 204 138 238 205 176 228 213
0002 119 192 142 233
0003 212 098 258 140 118 194 141 234
0004 213 067 245 110 121 195 145 233
0005 207 050 238 094 120 193 142 233
0006 193 037 234 091 123 194 149 236
0007 191 034 231 086 123 193 150 235
0008 191 036 229 076 126 199 146 234
0009 192 035 232 076 124 195 150 236
0010 190 035 234 082 124 194 148 236
0011 191 035 230 075 123 195 148 237
0012 189 039 220 078 123 194 149 235
0013 186 041 226 082 123 193 149 234
0014 185 037 228 083 123 193 148 233
0015 126 195 149 233 184 038 229 080
0016 182 042 230 083 124 195 149 236
0017 186 038 230 080 123 193 149 235
0018 187 041 227 076 125 191 149 231
0019 187 042 229 085 124 195 149 236
0020 185 042 226 083 125 194 150 235
0021 185 041 226 081 126 194 154 234
0022 188 040 228 082 127 197 156 235
0023 189 040 229 081 127 197 156 235
0024 196 045 226 078 128 199 153 235
0025 125 195 151 237 202 072 230 110
0026 126 204 150 235
0027 128 200 152 236 207 188 233 227
0028 128 201 151 237
0029 125 199 147 237
