0003 112 205 151 239
0004 113 197 155 238
0005 117 191 158 236
0006 120 188 170 236
0007 117 183 173 233
0008 133 181 184 228
0009 132 176 185 226
0010 136 172 194 218
0011 151 158 209 202
0012 154 149 215 192
0013 170 129 224 170
0014 176 117 231 156
0015 186 103 239 144
0016 181 092 240 133
0017 184 083 242 122
0018 188 072 251 114
0019 191 066 249 109
0020 190 065 247 106
0021 188 068 252 109
0022 193 073 250 112
0023 189 071 252 109
0024 193 074 250 115
0025 193 074 250 112
0026 187 074 245 112
0027 190 074 246 111
0028 187 069 246 109
0029 193 066 248 108
0030 184 065 241 108
0031 169 070 231 112
0032 159 078 216 120
0033 147 097 193 137
0034 136 132 181 172
0035 127 168 164 217
0036 116 180 157 232
0037 116 202 151 239
