0000 104 195 124 231 186 194 211 234
0001 184 198 207 233 097 194 128 235
0002 110 186 148 226 171 184 206 224
0003 123 162 164 193 157 159 192 189
0005 179 070 206 104
0006 087 043 122 083 209 045 235 090
0007 235 022 260 065 063 018 084 061
0008 261 022 298 061 007 013 042 056
0009 269 048 303 080 008 063 047 095
0010 268 071 304 097
0011 267 072 305 097
0012 266 067 307 094
0013 277 072 305 095
0014 270 068 306 093
0015 011 056 055 092 260 042 300 067
0016 245 011 274 032 013 006 071 040
0017 243 007 283 034 012 006 069 041
0018 247 009 288 040 016 009 057 036
0019 245 010 284 039 009 012 054 040
0020 008 012 053 040 248 008 288 039
0021 009 013 053 040 249 007 290 036
0022 253 009 289 037 013 015 057 046
0023 254 010 287 037 010 012 049 042
0024 247 009 285 041 012 011 055 041
0025 220 016 245 052
0026 181 047 204 086
0027 144 083 186 114
0028 155 112 193 147 125 116 166 147
0029 164 159 199 192 117 166 158 200
0030 172 174 207 208 116 190 152 227
0031 105 208 126 239 184 194 206 223
0032 098 200 129 236 185 194 207 230
0033 182 193 204 228 106 199 129 234
