0000 163 216 184 239
0001 181 131 215 159 057 217 084 239
0002 126 075 187 103
0003 116 075 173 100
0004 114 076 166 104
0005 113 076 167 103
0006 113 076 168 103 061 221 087 239
0007 113 070 170 099 065 225 088 239
0008 112 075 168 100
0009 112 070 169 099
0010 114 075 167 101 066 223 088 239
0011 114 074 168 101
0012 112 074 165 100
0013 112 074 168 099
0014 112 073 168 099 063 218 087 239
0015 115 075 169 100
0016 113 074 166 101
0017 114 074 166 101
0018 114 075 166 102
0019 113 074 168 099
0020 114 075 167 102
0021 115 073 168 099
0022 114 075 169 100
0023 137 096 179 120
0024 167 170 190 212
0025 164 216 186 239
