0006 245 209 290 235
0007 232 159 283 202
0008 216 114 262 174
0009 203 092 250 146
0010 204 076 241 138
0011 201 076 237 130
0012 198 073 248 129
0013 198 075 251 129
0014 199 079 252 131
0015 199 077 249 129
0016 199 078 237 130
0017 202 077 232 127
0018 193 068 231 119
0019 187 070 235 124
0020 187 069 232 119
0021 186 074 234 126
0022 190 068 231 123
0023 191 068 230 123
0024 196 065 233 120
0025 203 067 239 125
0026 200 068 244 128
0027 202 072 245 132
0028 201 073 245 131
0029 199 072 245 132
0030 201 069 246 130
0031 204 066 240 125
0032 196 074 234 129
0033 192 073 239 127
0034 193 078 239 134
0035 195 078 241 132
0036 197 077 239 134
0037 208 076 241 135
0038 213 101 253 166
0039 225 119 262 190
0040 251 209 282 239
