0000 060 150 110 200 150 144 194 202
0001 060 149 103 197 158 144 201 203
0002 059 152 108 203 160 146 203 206
0003 060 150 106 199 154 144 198 203
0004 056 151 109 202 155 145 199 205
0005 057 147 104 200 156 142 200 202
0006 055 151 103 201 154 144 200 203
0007 056 153 107 200 154 142 197 200
0008 060 148 110 201
0009 055 150 105 201
0010 057 149 107 200 108 086 184 124
0011 054 145 105 202 122 079 179 117
0012 060 152 111 204 148 071 198 111
0013 056 150 111 201 150 072 201 113
0014 057 150 109 202 138 073 189 114
0015 058 152 108 202 113 070 182 115
0016 058 148 106 199 124 058 183 106
0017 059 152 110 204 143 065 190 118
0018 060 150 108 201 154 065 206 108
0019 061 152 109 201 164 070 216 116
0020 055 150 108 204 141 064 194 117 166 075 230 128
0021 057 148 107 205 125 062 189 111
0022 060 152 106 203 129 065 193 110
0023 058 152 106 204 145 065 196 115
0024 054 146 109 201 155 067 202 108
0025 059 146 105 199 175 064 224 113
0026 055 149 108 200 176 060 227 112
0027 058 148 108 201 177 059 229 111
0028 055 148 108 200 176 059 229 114
0029 060 149 109 204 173 060 221 111
0030 055 149 107 200 169 083 213 128
0031 057 148 109 204 161 100 206 143
0032 056 151 106 204 162 116 205 161
0033 057 147 106 203 156 128 207 184
0034 054 151 107 204 158 136 205 199
0035 057 152 108 203 150 140 194 205
0036 058 151 106 201 154 142 191 205
0037 055 151 109 204 160 138 203 202
0038 060 152 108 202 157 141 201 203
0039 060 151 107 202 158 144 204 204
0040 054 148 104 202 157 141 200 207
0041 058 150 107 200 156 141 200 203
0042 056 150 107 200 157 141 203 199
0043 056 147 107 199 158 142 202 201
0044 057 152 106 205 156 144 201 205
0045 061 146 102 200 156 142 202 202
