0003 142 213 195 239
0004 147 187 202 239
0005 149 167 206 214
0006 133 155 196 193
0007 108 137 174 172
0008 079 128 147 162
0009 056 120 132 150
0010 049 119 091 144
0011 053 114 128 144
0012 051 117 126 146
0013 053 116 126 145 085 108 156 157
0014 062 116 141 148
0015 098 122 151 151
0016 125 120 190 153
0017 168 120 227 157
0018 195 116 260 153
0019 206 116 272 154
0020 218 116 287 154
0021 227 117 293 153
0022 224 113 292 153
0023 218 114 281 153
0024 205 124 265 159
0025 173 126 229 160
0026 155 124 212 156
0027 124 118 188 152
0028 105 115 157 146
0029 090 113 144 143
0030 081 109 146 140
0031 070 109 137 136
0032 074 109 136 137
0033 066 101 133 134
0034 067 102 139 134
0035 075 108 141 142 107 103 167 154
0036 093 110 155 146
0037 110 112 173 144
0038 149 116 210 159
0039 169 121 226 155
0040 177 126 233 161
0041 174 129 235 166
0042 176 136 233 176
0043 177 152 227 200
0044 176 189 224 239
0045 178 220 219 239
