0000 184 206 203 239 098 207 117 239
0001 178 199 207 238 100 206 121 236
0002 100 209 117 239 159 182 195 225
0003 099 206 119 239 133 131 184 160
0004 100 208 119 239 130 094 170 121
0005 102 206 120 238 130 086 165 111
0006 100 205 120 237 129 083 164 110
0007 100 200 121 235 128 082 166 108
0008 099 200 120 236 130 080 164 105
0009 131 080 165 105 098 202 123 238
0010 099 206 119 238 129 078 175 107
0011 103 203 123 239 130 079 170 103
0012 099 200 118 234 133 094 172 121
0013 099 200 118 235 137 116 176 141
0014 100 201 119 234 155 162 183 193
0015 173 195 202 235 100 202 119 236
0016 182 208 201 239 101 203 119 236
0017 100 200 119 235 179 203 196 236
