0004 109 206 167 239 036 207 088 239
0005 117 203 159 239 061 208 104 239
0006 076 168 125 222 122 169 170 232
0007 088 144 132 205 136 139 175 214
0008 141 116 182 200 092 130 142 184
0009 142 110 185 175 096 110 143 166
0010 144 097 184 164 107 095 151 157
0011 144 087 184 155 107 086 149 146
0012 103 086 146 141 144 080 187 143
0013 144 075 184 140 109 084 150 139
0014 144 071 185 135 104 081 148 134
0015 145 068 183 132 109 076 149 132
0016 146 066 184 135 102 076 148 129
0017 145 067 183 134 107 072 145 130
0018 145 065 182 136 103 075 145 131
0019 144 067 184 136 108 074 152 133
0020 145 066 184 136 107 071 148 129
0021 144 068 183 137 108 076 153 134
0022 144 067 183 137 106 075 152 133
0023 140 069 179 131 107 073 149 135
0024 142 067 183 136 106 073 143 134
0025 143 071 184 135 107 072 143 133
0026 142 067 183 140 105 072 144 132
0027 142 068 185 135 105 073 143 131
0028 101 074 145 135 142 070 183 138
0029 095 083 139 143 140 078 182 141
0030 085 097 128 151 134 095 179 154
0031 068 112 118 166 131 110 180 169
0032 130 133 185 195 052 135 100 192
0033 041 158 092 231 129 155 172 225
0034 118 183 170 239 028 189 080 239
0035 112 200 156 239 020 210 063 239
0036 109 209 157 239
0037 112 218 161 239
