0000 051 205 102 239
0001 043 200 094 237
0002 159 199 214 237
0003 049 201 097 236
0004 169 202 213 239 050 201 099 239
0005 166 196 213 239 043 201 095 237
0006 043 201 096 239 157 154 206 208
0007 044 206 100 239 115 082 164 133
0008 099 056 151 106 046 201 099 239
0009 050 201 098 236 118 076 163 127
0010 050 202 105 239 103 075 171 129
0011 041 200 094 239 094 057 146 105
0012 099 057 160 131 054 202 105 239
0013 095 083 170 153 050 201 101 239
0014 045 200 097 239 086 142 167 204
0015 121 186 175 238 044 200 093 239
0016 124 203 177 239 048 201 095 237
0017 050 201 099 238 127 214 172 239
0018 045 200 098 239 123 208 172 239
