0000 162 214 184 239 062 215 087 239
0001 162 215 184 239 064 214 097 239
0002 163 215 184 239 065 214 091 239
0003 069 218 092 239 179 211 205 239
0004 067 216 096 239 197 154 237 184
0005 186 106 218 131 066 217 094 239
0006 163 097 206 131 072 215 097 239
0007 159 098 203 128 064 215 091 239
0008 156 097 198 129 058 215 092 239
0009 159 095 202 129 066 215 092 239
0010 155 093 198 125 060 213 094 239
0011 155 095 198 127 065 212 092 239
0012 156 095 199 127 062 214 090 239
0013 157 091 198 127 060 213 095 239
0014 158 092 198 125 058 214 094 239
0015 153 090 198 125 058 213 094 239
0016 157 091 196 126 058 213 093 239
0017 156 088 195 125 059 213 092 239
0018 157 088 193 121 059 215 089 239
0019 156 087 194 123 058 213 092 239
0020 155 087 196 122 062 212 091 239
0021 153 086 197 121 062 216 090 239
0022 156 087 195 123 058 213 093 239
0023 156 086 192 125 062 212 091 239
0024 153 082 192 120 063 220 089 239
0025 155 095 192 136 059 214 092 239
0026 061 215 094 239 164 182 188 220
0027 063 217 089 239 160 216 183 239
0028 066 221 090 239
0029 062 219 089 239 161 218 187 238
0030 062 215 097 239 161 216 184 239
0031 064 217 097 239 161 224 182 239
0032 064 217 090 239 160 220 184 239
