0000 162 202 205 239 091 210 139 239
0001 167 203 203 239 090 210 137 239
0002 165 196 204 239 092 210 138 239
0003 179 171 216 206 092 210 137 239
0004 186 136 227 175 092 210 137 239
0005 196 102 239 144 095 212 139 239
0006 206 090 245 135 093 210 137 239
0007 217 065 255 121 092 210 136 239
0008 222 061 257 117 098 214 135 239
0009 222 059 263 126 096 214 139 239
0010 222 061 262 125 093 211 138 239
0011 223 065 261 129
0012 224 067 263 137 094 205 140 239
0013 224 068 262 129
0014 229 072 265 131 093 211 137 239
0015 227 065 265 136 097 213 137 239
0016 227 068 263 138 095 215 144 239
0017 229 065 264 136 096 214 144 239
0018 226 067 260 135 094 210 142 239
0019 225 064 264 132 091 208 140 239
0020 225 068 261 126 096 210 138 239
0021 215 077 255 131 088 209 141 239
0022 208 090 246 136 096 212 139 239
0023 191 136 225 178 095 212 137 239
0024 184 157 222 198 097 213 141 239
0025 177 195 213 239 095 214 141 239
0026 174 210 211 239
0027 170 208 209 239 091 207 136 239
0028 172 208 211 239 093 208 141 239
0029 174 207 210 239 093 207 140 239
0030 173 209 210 238 093 208 140 239
0031 172 210 209 239 096 211 139 239
0032 169 209 211 239 097 211 139 239
0033 172 208 211 238 097 213 138 239
0034 174 205 213 239 094 211 139 239
0035 173 210 213 239 094 211 139 239
0036 171 213 215 239 092 211 139 239
0037 174 206 209 238 097 214 141 239
0038 170 210 215 238 094 210 136 239
0039 175 210 213 239 093 209 137 239
0040 174 208 212 239 093 209 137 239
0041 175 210 210 239 098 211 133 239
