0010 129 210 180 239
0011 139 170 183 226
0012 145 115 184 175
0013 152 083 197 150
0014 155 063 198 133
0015 156 056 199 129
0016 157 060 199 126
0017 167 055 206 126
0018 167 055 207 124
0019 169 051 208 119
0020 165 051 205 126
0021 164 056 208 116
0022 165 055 207 119
0023 164 054 204 120
0024 167 053 201 113
0025 168 052 201 114
0026 169 056 206 120
0027 164 055 205 120
0028 163 054 206 116
0029 164 050 204 118
0030 168 053 207 124
0031 169 055 206 123
0032 162 053 207 117
0033 169 057 207 121
0034 163 058 206 121
0035 163 066 206 131
0036 160 092 202 156
0037 151 151 186 224
0038 140 203 176 237
