0000 126 168 159 197 202 218 229 239
0001 128 168 153 199 200 210 235 239
0002 198 211 235 239 127 168 153 199
0003 202 214 228 239 130 171 156 198
0004 205 209 230 239 129 168 153 192
0005 202 209 228 239
0006 202 209 229 239 126 168 160 196
0007 204 217 226 239 127 170 153 198
0008 203 211 230 239 127 169 160 197
0009 203 217 231 239 123 164 157 196
0010 203 219 231 239 128 169 152 193
0011 204 219 229 239 121 165 156 198
0012 202 217 229 239 122 168 155 198
0013 203 215 230 239 121 165 156 197
0014 204 217 229 239 125 170 147 198
0015 202 220 227 239 126 171 152 197
0016 201 211 226 239 127 171 153 197
0017 204 218 230 239 127 171 151 198
0018 201 215 226 239 126 172 151 198
0019 203 215 230 239 127 168 159 195
0020 205 221 229 239 126 168 159 196
0021 127 170 159 196 200 218 235 239
0022 230 207 253 237 122 165 155 195
0023 126 168 159 197
0024 127 168 159 198 277 162 318 192
0025 127 167 158 199 272 128 315 156
0026 125 174 148 200
0027 122 169 146 199
0028 121 170 146 201 284 082 317 106
0029 118 168 153 201
0030 118 167 153 201
0031 124 172 150 199
0032 121 170 147 199
0033 122 169 147 198 275 079 315 111
0034 121 170 146 199
0035 122 167 146 193
0036 121 169 147 200
0037 121 169 147 200
0038 121 169 147 201 273 081 315 110
0039 121 170 148 201 275 079 315 111
0040 124 172 151 199 273 080 314 109
0041 125 172 153 200
0042 124 173 151 201
0043 124 165 159 200
0044 120 169 155 201
0045 126 172 150 201
0046 120 169 155 202
0047 125 168 159 202
0048 125 173 152 202
0049 123 171 151 200
0050 125 174 152 201
0051 124 173 151 203 281 072 316 103
0052 284 068 317 098 124 173 151 203
0053 280 066 317 096 121 170 146 199
0054 121 169 146 202 278 067 316 098
0055 121 170 148 202 280 066 316 098
0056 120 169 147 203 283 068 316 095
0057 121 171 145 202
0058 124 175 149 201
0059 274 106 314 132 117 169 154 201
0060 119 166 144 197 255 141 302 172
0061 122 170 147 201 242 179 276 225
0062 125 170 151 197 226 200 249 238
0063 200 217 231 239 123 170 147 197
0064 198 214 220 239 124 169 147 197
0065 203 209 227 239 125 170 151 197
0066 207 208 229 236 126 170 151 197
0067 203 209 232 239 125 170 147 200
