0000 197 211 225 239 084 168 116 210
0001 194 213 223 239 079 142 114 181
0002 193 205 228 239 074 117 111 156
0003 195 204 227 239 067 084 104 137
0004 194 204 226 239 071 065 107 121
0005 189 213 223 239 078 062 112 119
0006 193 208 229 239 077 056 111 113
0007 191 209 225 239 078 056 107 116
0008 076 055 106 114 195 207 224 239
0009 077 055 106 115 194 212 224 239
0010 195 212 224 239 077 056 105 113
0011 077 059 106 115 193 213 224 239
0012 193 214 223 239 076 055 106 113
0013 197 213 224 239 077 059 106 116
0014 196 212 223 239 077 060 106 115
0015 194 209 224 239 077 055 106 112
0016 194 212 223 239 077 059 106 114
0017 195 206 226 239 078 056 105 111
0018 194 212 224 239 077 055 106 113
0019 194 211 223 239 075 061 106 119
0020 190 207 225 239 071 072 103 125
0021 194 213 223 239 063 115 102 152
0022 198 213 226 239 073 149 102 188
0023 197 208 223 239 074 180 108 227
0024 195 212 223 239 090 207 113 238
0025 192 212 229 239 100 211 127 239
0026 195 209 224 239 106 211 129 239
0027 196 210 224 239 104 212 134 239
0028 200 210 225 239 104 213 133 239
0029 199 209 227 239 106 208 132 239
0030 196 212 224 239 105 208 131 239
0031 193 207 226 239 101 210 132 239
