0002 146 171 193 232 130 137 173 173
0003 141 085 184 169 174 102 211 166
0005 139 157 196 225 144 138 198 172
0006 130 154 179 216 147 135 196 174
0007 131 096 207 150
0008 120 004 175 073
0009 127 008 169 072
0010 137 129 195 195
0011 111 171 176 235
0012 120 121 167 171
0013 124 049 195 110 149 072 222 175
0014 154 013 194 103 123 015 167 075
0015 118 074 189 128 113 041 168 075
0016 114 185 161 239
0017 109 182 166 239
0018 118 136 167 194
0019 121 065 198 150
0020 141 068 179 145
0021 129 146 174 209
0022 121 187 181 239 171 166 210 238
0023 133 182 186 239 177 192 215 239 105 175 172 215
0024 126 190 183 239
