0000 195 211 220 239
0001 190 207 219 239
0002 196 215 219 239
0003 190 209 221 239
0004 188 214 220 239
0005 189 209 220 239
0006 195 213 219 239
0007 188 207 221 239
0008 189 208 220 239
0009 189 209 222 239
0010 194 212 218 239
0011 194 206 223 239
0012 208 189 235 225 125 125 149 152
0013 215 164 256 202 118 124 150 155
0014 213 137 262 168
0015 214 092 252 149
0016 196 072 236 103
0017 172 067 222 101
0018 158 076 218 111
0019 151 079 212 110
0020 153 079 213 114
0021 154 081 214 114
0022 149 083 211 116
0023 154 079 213 113 116 125 151 157
0024 150 083 211 113
0025 150 082 209 116
0026 148 091 208 119
0027 159 117 202 146
0028 165 155 205 197
0029 186 188 215 237
