0000 093 214 138 239 041 215 081 239
0001 092 219 137 239 041 218 084 239
0002 092 219 138 239 039 215 083 239
0003 091 219 135 239 038 216 082 239
0004 091 215 135 239 040 218 085 239
0005 090 222 131 239
0006 095 214 140 239 036 211 079 239
0007 098 215 153 239 038 215 083 239
0008 111 206 163 239 037 212 077 239
0009 161 170 198 231 034 212 081 239
0010 189 148 225 215 034 210 081 239
0011 208 132 251 196
0012 213 109 264 172
0013 221 097 267 171 038 216 086 239
0014 221 091 270 165
0015 224 091 272 161 038 217 079 239
0016 222 095 271 162 039 221 080 239
0017 225 090 274 165
0018 212 088 268 152 039 218 078 239
0019 220 089 272 152 039 219 079 239
0020 207 090 269 149 041 216 084 239
0021 185 103 234 161 041 217 083 239
0022 163 116 209 173 042 217 083 239
0023 121 145 172 200 040 216 084 239
0024 096 171 147 217
0025 094 193 143 239 037 217 077 239
0026 088 209 130 239 038 216 080 239
0027 088 210 130 239
0028 087 214 131 239
0029 086 213 132 239
