0000 120 205 142 234
0001 213 200 246 235 123 203 149 238
0002 213 201 246 235 131 203 155 237
0003 210 199 235 234 157 191 181 235
0004 206 193 229 233 169 187 190 234
0005 174 177 194 230 203 185 225 229
0006 175 174 200 225 198 180 220 227
0007 199 177 222 225 177 169 200 222
0008 177 172 202 224 196 178 222 223
0009 180 173 201 221 199 176 223 223
0010 182 173 207 220 200 171 223 217
0011 179 168 210 213 203 173 225 215
0012 177 169 202 218 204 176 228 221
0013 214 192 244 237 164 181 189 231
0014 218 199 242 234 154 189 177 231
0015 223 203 251 237 139 198 162 236
0016 124 199 147 237
0017 125 198 142 232
0018 122 197 143 232
0019 123 199 144 235
