0004 165 191 199 238
0005 168 170 203 220
0006 162 132 215 192
0007 173 109 221 164
0008 177 085 217 136
0009 177 069 222 127
0010 179 060 223 114 163 124 198 180
0011 180 049 221 112
0012 178 045 217 105 164 126 196 176
0013 180 047 219 106
0014 178 045 217 106
0015 180 045 221 107
0016 181 044 222 107
0017 181 052 224 108
0018 178 048 222 104
0019 179 044 218 105
0020 178 047 220 103
0021 178 047 219 102
0022 176 044 216 106
0023 176 045 214 104
0024 175 044 216 102 166 123 198 169
0025 175 045 212 105 166 125 197 165
0026 174 049 213 104 166 123 198 168
0027 174 050 213 104 164 121 195 168
0028 174 047 212 103
0029 177 052 217 106
0030 173 049 213 103
0031 173 049 213 103
0032 175 049 214 103
0033 175 051 212 107
0034 175 048 212 108
0035 176 048 213 107
0036 176 049 213 108 166 125 197 170
0037 177 050 216 103
0038 178 051 212 101
0039 176 051 220 105
0040 177 051 221 104
0041 179 052 219 109
0042 179 051 218 110
0043 178 049 219 111
0044 177 050 219 106
0045 177 052 217 109
0046 177 050 217 106
0047 177 051 217 107
0048 178 049 215 110 164 123 200 174
0049 178 049 215 110 166 124 197 167
0050 177 052 213 103
0051 177 050 213 103
0052 177 051 213 103
0053 177 050 217 106
0054 177 050 217 106
0055 177 051 217 106
0056 177 050 218 108
0057 177 052 217 109
0058 177 052 217 108
0059 177 050 218 108
0060 178 053 213 106
0061 178 052 217 108
0062 177 055 218 109
0063 178 057 219 114
0064 178 057 218 113 086 036 141 101
0065 178 057 217 112 084 033 138 089
0066 177 055 218 110 085 048 134 108
0067 178 053 218 109
0068 178 052 218 107
0069 177 050 218 108
0070 177 050 217 106
0071 177 052 214 108
0072 176 051 214 110
0073 177 051 216 111
0074 179 050 217 106
0075 179 049 216 104
0076 179 050 217 108
0077 177 047 215 107
0078 177 047 217 107
0079 177 047 216 107
0080 177 051 213 107
0081 176 048 216 108
0082 176 051 213 108 160 120 201 169
0083 176 049 212 110
0084 173 050 212 104 166 124 197 165
0085 177 050 211 110 166 125 197 166
0086 174 050 215 105 165 124 195 167
0087 174 050 214 105 165 124 195 167
0088 173 049 214 104
0089 172 048 214 106
0090 174 052 211 110
0091 172 051 214 107
0092 172 049 209 108
0093 175 046 212 108
0094 172 047 212 105
0095 173 051 211 109
0096 172 048 210 105 160 122 202 167
0097 173 048 208 105
0098 173 048 208 107
0099 173 048 210 110
0100 172 048 209 110
0101 173 049 209 110
0102 173 050 211 105
0103 172 050 211 105
0104 173 051 212 107
0105 173 050 212 107
0106 173 051 211 110
0107 173 053 212 110
0108 174 053 211 109
0109 174 054 210 107
0110 174 054 210 108
0111 173 052 210 108
0112 173 051 210 107
0113 173 054 211 105
0114 173 053 211 105
0115 173 052 210 108
0116 173 052 210 108
0117 173 051 211 108
0118 174 053 210 107
0119 173 053 210 107
0120 173 052 210 107 159 125 200 172
0121 173 051 211 110
0122 172 053 212 109
0123 170 051 214 105
0124 172 051 209 110
0125 172 050 212 107
0126 171 051 215 106
0127 171 051 215 105
0128 176 051 211 109
0129 176 051 211 109
0130 175 051 212 103
0131 171 055 214 107
0132 172 062 215 114
0133 175 071 211 130
0134 173 108 214 165
0135 172 172 207 223
