0005 088 208 151 239
0006 077 188 134 239
0007 073 162 140 224
0008 092 136 146 191
0009 082 146 143 216
0010 085 144 146 194
0011 080 138 144 194
0012 096 118 150 168
0013 110 117 155 171
0014 105 142 151 215
0015 090 149 157 212
0016 099 139 153 213
0017 118 129 168 186
0018 120 150 176 192
0019 107 160 158 238
0020 090 162 157 214
0021 114 124 161 190
0022 114 120 163 181
0023 109 137 162 195
0024 097 162 161 219
0025 080 148 160 200
0026 086 130 162 188
0027 111 133 157 188
0028 091 150 142 217
0029 082 143 156 199
0030 103 136 161 193
0031 102 150 170 202
0032 095 178 162 234
0033 090 203 159 239
