0000 135 219 176 238
0002 136 217 177 239
0003 134 217 177 239
0004 134 218 175 239
0005 123 219 176 239
0006 100 215 167 239
0007 103 182 161 226
0008 095 149 150 185
0009 113 121 163 163
0010 118 106 170 156
0011 118 098 174 151
0012 120 083 171 143
0013 117 071 165 129
0014 123 061 174 131
0015 122 064 183 141
0016 121 054 177 143
0017 117 055 172 137
0018 120 062 178 146
0019 116 063 182 147
0020 117 057 173 146
0021 115 057 175 142
0022 120 064 174 147
0023 118 070 180 151
0024 115 080 179 168
0025 126 121 166 193
0026 108 184 159 224
0027 100 208 151 239
0028 118 221 170 239
0029 124 220 166 239
