0000 241 206 285 239 146 209 184 239
0001 238 205 286 239 147 215 182 239
0002 237 199 288 239 148 210 188 239
0003 238 205 290 239 144 211 183 239
0004 239 201 286 239 135 200 171 239
0005 237 202 288 239 119 164 154 204
0006 235 202 286 239 099 123 139 167
0007 237 204 285 239 084 070 119 121
0008 236 200 288 235 082 041 119 101
0009 081 013 127 065 239 203 284 239
0010 239 201 284 239 083 007 132 060
0011 086 006 137 047 239 201 285 239
0012 238 203 287 239 087 004 133 051
0013 241 205 285 239 084 011 122 056
0014 235 201 289 239 072 008 114 058
0015 237 204 284 239 063 011 098 057
0016 240 206 285 239 057 014 094 075
0017 237 201 288 239 058 026 094 080
0018 238 204 289 239 064 051 104 095
0019 241 202 283 239 075 069 110 112
0020 239 201 282 239 083 074 123 120
0021 241 204 283 239 086 075 124 118
0022 239 199 283 239 084 069 123 117
0023 242 200 283 239 083 068 122 114
0024 236 200 282 239 082 066 120 113
0025 242 204 281 239 088 073 124 123
0026 240 207 284 239 090 087 130 128
0027 241 203 284 239 109 129 147 176
0028 239 199 289 239 118 164 154 206
0029 239 204 284 239 132 186 169 235
0030 236 199 286 239 143 204 178 239
0031 236 200 284 239 141 206 181 239
0032 239 204 286 239 146 207 185 239
0033 241 204 281 239 145 209 179 239
0034 240 205 282 239 148 220 182 239
0035 243 206 283 239 139 204 179 237
0036 238 204 283 239 144 208 181 239
0037 237 205 285 239 143 210 183 239
