0000 053 213 096 238
0001 042 196 098 239
0002 055 182 099 226
0003 060 149 100 192
0004 053 117 093 195
0005 049 118 095 188
0006 055 118 094 188
0007 042 117 094 184 131 197 189 239
0008 043 113 097 183 133 165 194 212
0009 041 111 085 190 113 148 189 192
0010 040 114 094 184 095 140 167 185
0011 083 143 162 183 034 112 085 177
0012 085 144 154 200 036 111 082 179
0013 074 146 150 194 035 106 081 179
0014 076 151 143 187 041 108 075 177
0015 081 145 140 191 050 147 106 181
0016 043 145 094 193 073 148 145 198 037 112 070 162
0017 041 147 119 200 037 118 073 154
0018 039 155 094 195
0019 021 150 090 189 037 117 073 158
0020 026 147 106 195
0021 013 137 094 214
0022 026 158 092 221
0023 041 145 116 223
0024 074 173 143 238 046 148 097 200
0025 049 177 114 231 091 207 151 239
0026 110 214 154 239 055 201 106 239
0027 114 214 159 239
0028 108 219 155 239 056 215 098 239
