0000 093 215 136 239
0001 091 219 134 239
0002 092 220 134 239 053 222 085 239
0003 094 220 135 239 052 222 083 239
0004 094 212 136 239 045 219 085 239
0005 099 205 141 238 050 208 087 239
0006 048 190 087 239 099 182 145 227
0007 098 143 145 182 055 175 107 213
0008 096 120 141 159 063 165 116 200
0009 093 102 138 140 068 152 122 182
0010 098 087 139 129 073 143 127 174
0011 100 082 137 132 074 140 130 170
0012 106 087 142 141 071 137 126 169
0013 104 088 134 146 076 134 129 171
0014 074 128 130 169 097 089 130 140
0015 097 088 129 142 080 132 128 166
0016 093 090 132 141 073 136 128 170
0017 074 137 128 171 099 087 129 140
0018 099 093 127 143 073 137 134 171
0019 074 134 129 171 097 091 127 138
0020 075 135 129 170 098 095 130 147
0021 078 136 130 173 100 097 130 145
0022 096 097 131 146 077 138 126 175
0023 093 108 136 150 073 141 124 196
0024 070 164 115 213 099 125 141 168
0025 058 192 104 236 102 160 148 211
0026 050 210 098 239 113 196 147 234
0027 054 220 099 239 109 213 147 238
0028 106 220 144 239
0029 102 216 145 235 054 224 093 239
0030 105 218 145 239
0031 105 218 146 239
