0003 074 189 126 238
0004 082 157 151 217
0005 089 122 157 197
0006 092 102 153 182
0007 088 091 163 158
0008 088 058 167 132
0009 092 053 166 123
0010 103 039 160 124
0011 096 055 170 118
0012 097 059 164 123
0013 102 058 168 127
0014 096 064 166 126
0015 094 065 166 127
0016 098 047 165 135
0017 093 060 164 123
0018 091 056 165 130
0019 091 059 163 121
0020 090 063 163 122
0021 091 064 162 123
0022 090 055 165 129
0023 097 062 160 134
0024 093 073 159 158
0025 083 115 160 175
0026 076 136 156 205
0027 085 159 151 226
0028 080 193 140 237
0029 083 214 140 238
