0000 051 214 088 237 085 216 115 239
0001 079 217 115 238 051 211 088 239
0002 057 210 092 239
0003 073 206 114 235
0004 083 193 129 239
0005 092 183 144 233
0006 100 181 149 233
0007 100 180 150 235 146 209 187 237
0008 095 178 146 235 146 211 188 239
0009 088 176 148 236 143 200 192 239
0010 146 160 192 225 093 152 142 206
0011 133 094 192 143 097 077 140 126
0012 104 028 143 091 130 042 182 093
0013 108 014 148 073 147 024 187 083
0014 143 017 187 076 108 011 143 076
0015 143 022 187 077 110 012 151 069
0016 144 019 187 076 107 016 149 074
0017 110 014 148 068 143 019 190 076
0018 110 016 149 070 145 021 188 076
0019 111 019 150 071 144 021 186 075
0020 110 019 151 073 144 021 185 077
0021 108 015 150 068 143 021 185 077
0022 145 028 186 081 106 023 148 074
0023 094 066 144 115 142 068 186 112
0024 143 108 190 163 082 118 133 173
0025 151 170 197 235 080 174 125 237
0026 146 211 194 239 079 212 122 239
0027 150 216 202 239 082 214 124 239
0028 147 215 201 239 082 213 121 239
