0000 119 216 154 239
0001 117 218 148 239
0002 117 218 148 239
0003 118 217 148 239
0004 118 218 148 239
0005 117 216 154 239
0006 118 207 157 237
0007 124 198 154 239
0008 122 190 152 237
0009 117 179 156 214 040 195 068 230
0010 117 171 146 202 053 177 079 213
0011 108 164 150 197 062 163 085 201
0012 102 158 148 195 064 154 097 193
0013 064 146 100 190 103 150 147 189
0014 072 138 101 182 106 142 142 182
0015 107 140 134 180 074 135 108 177
0016 074 134 110 178 109 139 138 179
0017 078 134 106 182 107 136 143 178
0018 106 136 145 176 079 135 106 181
0019 106 135 144 177 077 137 104 182
0020 105 135 144 176 078 137 103 181
0021 105 136 144 178 078 137 103 181
0022 101 137 138 177 078 136 104 182
0023 102 138 142 180 078 137 103 180
0024 102 135 141 181 080 136 103 182
0025 100 138 139 183 080 137 107 183
0026 100 135 138 181 078 138 106 184
0027 103 136 141 181 080 138 105 182
0028 103 136 142 180 080 138 105 183
0029 080 134 106 184 103 135 141 180
0030 080 135 106 186 103 136 141 180
0031 080 136 106 186 103 136 141 180
0032 102 137 141 181 081 136 106 188
0033 079 137 106 188 104 137 140 181
0034 074 137 108 187 104 136 139 182
0035 069 137 104 186 099 140 138 184
0036 103 140 143 187 073 144 100 190
0037 104 145 144 196 064 150 095 199
0038 108 150 144 202 044 167 086 213
0039 106 160 149 212 026 183 063 233
0040 112 167 148 219 014 197 051 238
0041 111 180 154 232
0042 117 191 157 237
0043 119 203 157 239
0044 123 215 149 237
0045 122 215 152 239
0046 121 214 152 239
0047 122 217 149 236
0048 117 218 148 239
0049 117 218 148 239
0050 117 219 148 239
0051 117 219 148 239
