0000 126 190 145 220 212 187 235 223
0001 126 189 148 224 212 191 233 222
0002 127 187 149 222 217 190 238 224
0003 129 186 151 220 211 189 233 223
0004 131 185 153 220 210 187 233 221
0005 203 178 227 214 134 177 155 212
0006 147 164 172 196 182 163 215 194
0007 156 149 184 178
0008 160 130 201 158 169 098 211 128
0009 173 085 218 112 161 108 205 132
0010 175 101 217 127 164 083 205 103
0011 165 072 212 101 167 103 210 127
0012 168 090 207 115
0013 158 061 201 088
0014 160 067 207 092 198 089 248 119 167 094 208 118
0015 166 065 207 090
0017 162 072 220 102 194 076 248 111
0018 167 059 207 081 165 094 202 125 192 085 252 124
0019 161 065 211 101
0020 168 081 208 112 160 063 202 083
0021 158 062 214 098 197 073 245 110
0022 165 061 200 085
0023 163 070 204 106
0024 168 063 209 087
0025 161 062 204 087 184 085 248 117
0026 160 072 209 103
0027 165 093 191 123 169 066 210 092
0028 167 080 209 114
0029 173 111 218 139 155 086 200 114
0030 179 135 215 165 160 103 191 129
0031 148 129 190 157 182 150 220 186
0032 148 155 185 189 197 174 221 207
0033 148 176 172 204 197 185 220 211
0034 143 185 165 220
0035 213 188 234 219 135 181 158 220
0036 134 183 156 219 215 190 235 223
0037 218 190 239 225 129 186 150 218
0038 129 188 151 221 215 184 237 223
0039 211 188 235 220 128 187 150 221
0040 211 188 233 224 129 188 152 221
0041 128 184 151 220 211 188 233 223
0042 130 184 152 220 211 187 233 223
0043 130 184 153 221 210 186 233 223
0044 130 183 151 218 211 188 233 221
0045 131 185 152 218 211 188 233 224
0046 130 187 151 219 210 190 232 221
0047 129 187 150 219 210 188 232 222
0048 210 184 233 221 131 187 152 221
0049 210 186 234 223 131 187 151 222
0050 212 188 234 222 133 186 156 222
0051 134 187 154 217 209 186 231 217
0052 133 186 155 222 208 186 231 221
0053 209 186 232 218 130 187 151 220
0054 209 188 231 222 130 188 152 221
0055 208 188 231 224 130 188 152 221
0056 131 187 150 220 208 186 232 218
0057 209 187 233 224 130 187 154 221
0058 210 188 233 222 130 187 152 221
0059 208 189 230 221 131 188 151 222
0060 131 188 153 222 208 189 232 225
0061 131 188 152 222 209 188 232 224
0062 131 187 151 221 210 187 232 222
0063 131 187 153 222 210 187 232 221
