0009 200 196 249 239
0010 171 172 230 223
0011 148 159 209 200
0012 136 148 203 185
0013 130 142 199 180
0014 128 143 196 181
0015 132 140 200 179
0016 130 141 193 181
0017 122 141 190 179
0018 125 139 189 180
0019 121 143 188 181
0020 125 140 193 180
0021 123 144 188 186 055 215 092 239
0022 045 198 090 239 130 141 187 188
0023 128 142 188 189 039 182 085 227
0024 047 170 097 213 127 142 186 191
0025 059 150 109 201 126 143 182 192
0026 121 147 177 191 072 145 123 197
0027 126 143 181 192 081 137 127 194
0028 130 143 182 190 092 133 129 188
0029 124 145 181 193 090 133 130 191
0030 082 135 128 186 131 144 183 194
0031 125 145 181 195 074 137 125 179
0032 124 146 182 195 071 144 114 184
0033 124 144 182 192 072 153 116 195
0034 125 143 183 190 072 136 118 186
0035 124 144 183 191 073 128 117 181
0036 129 143 186 193 070 124 111 167
0037 125 142 182 192 066 130 109 170
0038 125 143 181 195 066 132 110 173
0039 126 144 181 195 066 138 110 177 058 218 078 239
0040 120 144 177 190 064 146 121 184
0041 124 144 181 194 068 144 119 186
0042 119 145 178 188 071 139 119 190
0043 123 142 181 187 069 137 117 187
0044 121 138 175 182 064 132 112 183
0045 126 138 180 182 054 132 101 177
0046 119 140 182 179 054 132 097 182
0047 121 139 184 180 054 133 099 185 056 207 075 237
0048 124 138 183 183 054 141 102 190
0049 125 134 181 179 053 151 103 188
0050 129 138 182 181 055 154 105 196
0051 120 138 184 179 061 156 112 197
0052 125 137 182 179 063 151 113 200
0053 125 136 183 179 058 149 108 206
0054 058 144 108 196 124 135 183 178
0055 125 135 184 177 057 137 103 189
0056 126 134 184 177 054 135 095 184
0057 121 133 183 173 050 139 104 190
0058 121 132 182 173 051 139 105 191
0059 052 143 107 193 126 134 183 177
0060 049 149 112 196 125 135 181 177
0061 051 157 114 205 121 132 181 174
0062 125 130 178 172 058 163 120 208
0063 124 135 182 177 059 163 118 209
0064 124 134 183 176 061 156 110 209
0065 121 133 188 175 056 151 104 209
0066 120 133 185 174 051 151 109 207
0067 119 131 186 173 052 153 113 210
0068 053 155 115 209 123 130 181 170
0069 123 129 182 169 057 160 124 211
0070 121 130 181 171 056 164 137 213
0071 121 130 183 171 060 171 150 218
0072 125 127 188 167 069 169 144 219
0073 119 130 185 168 063 169 142 220
0074 120 128 187 167 076 168 136 218
0075 071 161 136 214 118 127 185 166
0076 068 161 137 215 124 124 185 163
0077 070 162 141 219 122 126 187 165
0078 074 169 153 224 123 126 187 165
0079 080 174 168 226 126 122 182 161
0080 125 121 183 161 072 171 158 223
0081 126 125 189 163 083 177 173 227
0082 125 130 188 165 089 178 166 228
0083 129 130 192 167 097 179 174 228
0084 131 132 196 172 095 182 159 233
0085 138 137 191 176 094 193 154 239
0086 141 141 195 184 088 208 143 239
0087 140 157 194 198 067 222 119 239
0088 147 169 199 220
