0000 112 198 136 233 179 205 197 237
0001 115 201 134 234 181 205 198 237
0002 180 205 197 237 114 206 137 236
0003 114 204 137 238
0004 113 204 136 238 180 201 199 234
0005 113 202 136 236
0006 111 202 137 235 182 201 200 235
0007 108 202 129 234 182 197 210 236
0008 101 191 127 233 196 194 223 232
0009 081 186 116 224 209 172 251 214
0010 243 137 282 175 072 155 104 195
0011 241 097 283 132
0012 243 062 269 094 050 083 104 137
0013 235 047 277 083 049 053 084 105 140 055 174 098
0014 036 030 070 074 235 038 274 071
0015 032 020 067 063 232 043 260 067
0016 026 017 067 061 228 044 253 068
0017 028 022 066 062 224 034 264 071
0018 029 027 062 063 236 043 261 065
0019 019 026 062 065 231 040 268 074
0020 024 028 065 067 233 040 272 074
0021 025 027 064 070 232 045 273 075
0022 034 024 075 068 245 055 276 074
0023 239 051 283 071 061 025 102 069
0024 213 021 261 062
0025 195 008 220 042
0026 171 006 194 045
0027 159 019 184 050 131 013 159 062
0028 128 018 161 078 151 027 189 068
0029 128 020 160 083 152 027 190 071
0030 128 018 161 078 159 024 185 067
0031 130 018 160 069 150 027 190 068
0032 127 023 153 073 149 027 189 068
0033 127 030 155 070
0034 174 061 204 106
0035 196 096 221 139
0036 202 144 241 170
0038 234 144 274 169 070 119 107 162
0039 047 135 095 176 240 146 285 176
0040 043 154 090 204
0041 061 189 097 226 135 052 181 104 219 175 257 212
0042 096 196 129 236
0043 185 199 203 233 108 201 133 235
