0000 150 207 191 237 258 212 290 238
0001 147 207 186 237 260 212 294 237
0002 248 197 291 239 134 192 170 239
0003 240 190 287 237 122 184 168 237
0004 203 156 249 201 112 156 157 202
0005 110 130 152 179 176 139 234 175
0006 108 116 151 161 154 128 222 164
0007 102 104 150 144 139 119 211 153
0008 099 095 146 130 136 115 200 147
0009 099 091 143 124 135 110 192 144
0010 097 088 145 124 142 113 195 146 133 110 164 137
0011 096 091 140 128 129 114 199 150
0012 093 098 137 146 132 128 195 164
0013 099 105 144 161 130 137 201 174
0014 104 116 141 185 146 145 205 189
0015 158 148 211 193 112 128 150 197 148 163 181 203
0016 160 149 216 188 115 132 148 198
0017 158 142 222 191 123 135 157 189
0018 158 131 225 172 124 128 161 168
0019 169 123 234 159 125 123 164 156
0020 133 107 164 145 168 114 232 157
0021 135 098 167 137 169 112 230 147
0022 136 098 166 139 175 119 238 152
0023 137 097 172 157 181 124 234 162
0024 138 108 177 178 182 139 240 182
0025 141 121 178 193 190 145 242 199
0026 152 132 191 192 199 150 252 201
0027 203 143 261 196 157 135 199 186
0028 161 131 201 186 215 135 268 181
0029 160 119 197 160 217 126 274 163
0030 163 106 209 141 222 111 274 156
0031 222 102 267 151 160 096 213 133
0032 157 092 216 130 220 113 275 153
0033 223 128 279 172 166 107 212 143
0034 172 114 214 176 228 141 274 195
0035 175 122 216 204 239 146 285 212
0036 177 130 222 210 246 142 294 209
0037 183 133 229 203 253 145 305 196
0038 190 130 238 187 265 139 318 176
0039 185 126 242 165 270 140 318 173
0040 184 125 241 164 269 138 317 170
0041 178 122 240 161 269 141 316 177
0042 181 120 225 163 262 151 307 190
0043 177 125 223 167 258 157 303 202
0044 165 157 215 196 258 188 302 238
0045 154 179 191 227 257 209 299 239
0046 143 190 179 237 260 209 296 238
0047 143 195 172 237 261 219 290 239
0048 143 208 179 235 258 210 294 239
0049 144 206 178 236 259 218 296 239
0050 144 207 179 237 259 217 296 239
