0000 120 208 144 239 193 206 213 235
0001 120 208 143 239 193 206 213 235
0002 189 202 212 238 121 208 142 235
0003 187 202 211 239 114 205 139 236
0004 111 205 137 239 184 201 209 238
0005 108 201 134 239 177 194 204 231
0006 107 186 132 227 168 173 203 209
0007 156 146 185 182 108 164 132 195
0008 115 106 147 142 138 087 176 115
0009 120 060 174 110
0010 122 046 172 097
0011 128 040 172 084
0012 122 031 169 076
0013 122 034 170 079
0014 121 036 171 080
0015 121 032 171 077
0016 122 035 171 080
0017 123 034 171 079
0018 126 035 175 079
0019 127 034 175 079
0020 127 034 177 078
0021 127 034 176 078
0022 127 035 176 078
0023 127 034 176 079
0024 126 033 173 079
0025 124 032 170 077
0026 120 036 171 084
0027 121 051 171 098
0028 119 084 163 124
0029 152 105 184 141 107 127 148 156
0030 163 155 192 182 102 156 140 202
0031 105 179 133 220 173 172 202 209
0032 104 196 129 235 185 192 209 228
0033 105 200 129 239 189 203 212 232
0034 192 202 214 235 109 203 129 235
0035 193 202 214 236 111 205 132 236
0036 192 202 213 236 113 203 132 235
