0004 166 214 192 239
0005 165 194 199 237
0006 173 140 210 193
0007 211 077 245 124
0008 230 049 261 091
0009 206 024 236 062
0010 159 029 211 077
0011 151 033 204 074
0012 149 034 205 074 098 064 140 101
0013 150 035 205 075
0014 154 036 205 078
0015 152 037 202 080
0016 152 041 203 088
0017 147 065 199 102
0018 137 103 192 145
0019 128 135 175 181
0020 116 170 169 218
0021 117 191 161 234
0022 118 189 162 233
0023 116 192 162 234
0024 119 194 160 233
0025 121 189 162 234
0026 118 189 160 233
0027 115 192 162 233
0028 119 192 160 236
0029 113 188 163 235
0030 125 198 164 238
0031 132 212 172 237
0032 130 215 169 237
0033 129 218 163 235
0034 115 204 157 238
0035 110 192 153 234
0036 114 184 163 228
0037 120 187 161 231
