0000 139 212 170 238
0001 136 211 173 238
0002 137 210 173 238
0003 138 208 174 238
0004 143 199 168 230
0005 144 186 171 218
0006 148 170 171 208
0007 146 153 172 194
0008 142 131 172 183
0009 147 107 176 166
0010 140 101 184 158
0011 144 092 179 154
0012 143 091 179 155
0013 144 092 178 148
0014 144 091 179 151
0015 142 092 177 153
0016 142 091 178 155
0017 143 091 179 155
0018 143 093 179 155
0019 142 095 178 153
0020 142 091 178 155
0021 142 094 179 156
0022 147 093 179 153
0023 141 099 182 154
0024 147 102 178 163
0025 150 108 178 168
0026 146 126 172 176
0027 150 155 174 193
0028 145 174 171 205
0029 138 190 173 222
0030 145 203 172 233
0031 137 209 171 230
0032 140 208 169 234
0033 140 209 175 236
0034 140 210 176 236
0035 144 209 174 236
0036 147 209 173 233
0037 147 208 173 235
0038 147 209 173 236
0039 147 209 173 235
0040 147 208 174 235
0041 147 208 173 235
0042 147 208 174 235
