0000 165 208 195 239 106 204 132 239
0001 164 209 195 239 106 208 130 239
0002 163 212 193 239 108 206 127 239
0003 163 211 191 239 106 211 125 239
0004 164 210 191 239 102 216 121 239
0005 085 203 114 238 167 208 195 239
0006 072 195 108 233 170 208 199 239
0007 176 197 210 231 056 182 092 210
0008 181 159 220 195 050 142 092 172
0009 195 102 225 143 032 082 070 118
0010 198 062 233 102 054 053 076 088
0011 197 054 231 094 070 048 092 085
0012 197 066 223 102 081 060 118 099
0013 196 070 221 108 083 069 121 112
0014 195 073 218 106
0015 195 073 217 108 094 079 120 113
0016 191 074 215 106 093 079 130 114
0017 192 072 216 104 094 078 121 112
0018 193 071 215 103 091 072 127 109
0019 194 067 217 095 089 064 110 096
0020 199 066 225 095
0021 206 067 234 108
0022 204 099 241 139 040 109 083 146
0023 191 152 228 180 048 158 086 185
0024 058 189 095 226 191 189 225 226
0025 087 212 107 239 185 212 211 239
0026 183 214 210 239
0027 172 211 203 239 104 206 122 237
0028 170 216 196 239 105 203 123 236
0029 107 205 125 235 169 211 196 239
0030 105 205 129 237 169 215 196 239
0031 104 206 128 238 167 214 196 239
0032 106 207 126 235 165 215 194 239
0033 104 206 128 239 164 216 193 239
0034 107 206 125 235 167 216 192 239
0035 106 206 125 235 166 215 192 239
0036 107 208 126 238 165 218 193 239
0037 104 206 129 238 167 209 198 239
0038 104 206 128 238 165 216 194 239
0039 104 206 129 238 166 215 194 239
0040 106 208 126 238 168 215 197 239
