0000 210 210 250 239 079 213 110 239
0001 211 210 252 239 072 210 110 239
0002 079 214 110 239 211 210 252 239
0003 219 211 258 239 073 210 110 239
0004 233 204 274 239 077 210 112 239
0005 244 183 290 221 078 214 114 239
0006 251 141 298 195 073 214 110 239
0007 251 107 293 169 074 213 111 239
0008 244 076 284 149 074 212 115 239
0009 237 067 277 144 075 218 115 239
0010 234 054 272 135 074 212 111 239
0011 233 052 269 120 077 213 114 239
0012 227 046 265 122 077 216 113 239
0013 220 046 260 124 077 216 113 239
0014 215 048 260 119 077 216 113 239
0015 218 040 258 122 073 214 111 239
0016 218 044 259 122 078 217 111 239
0017 218 042 260 121 078 217 111 239
0018 224 039 262 123 079 214 110 239
0019 225 038 262 123 078 215 110 239
0020 225 039 262 123 078 215 110 239
0021 226 040 267 122 078 216 110 239
0022 226 038 263 123 078 216 109 239
0023 226 039 263 123 078 215 110 239
0024 226 040 265 113 078 216 110 239
0025 226 039 265 115 073 213 110 239
0026 229 039 268 118 078 217 110 239
0027 236 053 274 131 078 217 110 239
0028 240 087 281 149 078 218 110 239
0029 240 139 282 186 078 217 110 239
0030 234 178 273 222 074 211 111 239
0031 221 207 259 239 074 211 110 239
0032 213 207 253 238 074 212 111 239
