0000 055 205 076 239 174 172 200 199
0001 054 201 079 239 175 174 201 198
0002 053 200 078 238 176 158 213 185
0003 056 194 079 228 161 143 197 173
0004 060 181 085 213 144 147 175 179
0005 068 169 099 201 118 156 156 188
0006 075 161 100 191 107 164 140 189
0007 077 153 114 186 101 162 140 194
0008 073 159 113 188 098 165 138 197
0009 073 156 110 185 099 160 140 193
0010 138 152 172 183 053 148 090 177
0011 021 145 064 175 173 149 204 178
0012 015 151 052 177 183 148 219 177
0013 015 152 055 182 180 146 217 179
0014 019 167 058 198 179 160 212 193
0015 033 183 066 220 174 169 210 197
0016 050 199 071 232 168 167 192 195
0017 053 201 079 239 156 162 177 192
