0012 037 220 095 239
0013 164 197 207 239
0014 143 182 191 233 062 203 142 239
0015 134 160 185 216 066 193 136 234
0016 128 148 178 204 078 174 135 223
0017 072 150 145 204 135 143 178 194
0018 070 147 134 198 119 133 172 189
0019 068 134 124 191 126 135 172 185
0020 061 140 117 195 125 137 170 187
0021 056 135 110 191 122 134 162 186
0022 112 128 158 183 055 132 108 190
0023 108 124 153 178 047 133 100 191
0024 104 123 155 179 046 126 095 189
0025 101 128 154 182 043 128 098 197
0026 040 125 091 203 096 123 146 177
0027 099 127 152 182 041 122 090 202
0028 093 123 147 178 040 124 092 198
0029 093 124 145 178 040 130 085 193
0030 099 123 150 179 039 130 085 193
0031 042 121 089 196 098 123 149 177
0032 041 128 086 199 094 123 144 177
0033 097 128 148 182 036 129 091 195
0034 042 125 088 192 098 124 148 179
0035 098 125 148 178 044 125 092 189
0036 049 119 093 196 097 123 146 180
0037 101 127 151 184 046 130 098 192
0038 045 144 101 201 115 142 164 196
0039 135 159 182 231 049 169 100 220
0040 024 215 093 239
