0013 174 198 228 239
0014 182 151 231 214
0015 186 136 230 208
0016 186 100 233 183
0017 182 079 230 171
0018 182 067 226 153
0019 175 057 223 147
0020 167 046 216 146
0021 157 042 206 139
0022 160 039 205 139
0023 157 035 201 133
0024 151 037 203 139
0025 158 043 204 141
0026 156 044 205 140
0027 157 045 206 141
0028 162 048 211 146
0029 161 049 210 145
0030 161 048 210 145
0031 160 046 210 143
0032 162 040 211 139
0033 162 044 211 137
0034 165 044 213 139
0035 174 059 217 153
0036 180 080 227 169
0037 189 114 237 200
0038 190 136 241 216
0039 190 170 244 239
0040 190 207 241 239
