0000 097 219 120 239 189 220 209 239
0001 095 214 117 237 185 223 207 239
0002 095 219 118 239 189 221 209 239
0003 096 219 120 239 180 214 204 239
0004 096 219 120 239
0005 096 220 119 239
0006 095 211 120 239
0007 099 218 121 239 182 211 203 239
0008 096 215 117 238
0009 098 217 122 239 181 212 204 239
0010 098 217 121 239 188 218 207 239
0011 217 210 241 239 095 219 118 239
0012 096 217 117 239 254 171 289 202
0013 088 220 112 239 272 112 309 134
0014 273 081 305 102 033 160 072 193
0015 275 066 305 090
0016 266 067 306 095
0017 267 073 305 097 107 011 143 038
0018 267 077 307 101 111 091 158 119 062 076 131 114
0019 268 080 306 104 037 104 076 135
0020 265 078 306 100 006 028 024 056
0021 266 070 303 095
0022 264 067 305 091
0023 272 064 306 089 122 058 179 087 094 060 133 097
0024 273 071 308 096 113 125 158 162
0025 272 074 309 103 046 108 082 139
0026 274 078 308 103 007 056 030 083
0027 270 077 309 102
0028 269 069 308 095
0029 265 073 307 096 127 030 187 060
0030 271 075 307 101 130 073 189 100 082 072 140 111
0031 121 092 172 111 270 077 309 101
0032 269 075 310 102 102 071 163 101
0033 273 093 310 114 092 093 140 120
0034 266 141 306 166 086 164 125 200
0035 087 208 117 239 247 184 279 217
0036 218 211 240 239 092 215 113 239
0037 191 219 212 239
0038 183 218 204 239
0039 092 217 118 239 186 217 210 239
0040 187 216 212 239 096 212 125 239
0041 097 216 122 239 185 221 207 239
0042 098 216 120 239 184 221 207 239
