0000 067 208 110 239 140 213 192 239
0001 066 209 111 239 139 213 193 239
0002 065 205 109 239 139 214 193 239
0003 066 205 108 239 138 214 193 239
0004 067 209 110 239 138 213 193 239
0005 137 213 191 239 066 209 110 239
0006 071 208 103 239 134 209 191 239
0007 132 203 182 239 066 206 109 239
0008 127 190 192 239 066 206 109 239
0009 123 175 189 226 066 206 108 239
0010 113 155 192 200 065 206 109 239
0011 112 134 187 174 065 206 109 239
0012 110 113 184 152 068 203 104 238
0013 107 104 187 142 065 208 110 239
0014 069 205 105 238 105 095 189 136
0015 104 090 187 133 064 206 108 239
0016 100 091 184 129 063 205 108 239
0017 105 099 184 136 070 207 110 239
0018 105 099 191 142 065 206 109 239
0019 100 102 186 143 071 208 104 239
0020 074 208 115 239 104 100 187 138
0021 101 097 187 137 065 207 110 239
0022 070 207 110 239 101 098 187 137
0023 102 098 189 138 065 207 108 239
0024 101 101 192 140 064 205 110 239
0025 065 205 110 239 103 102 187 140
0026 105 100 192 141 065 206 110 239
0027 071 207 112 239 102 101 190 141
0028 069 206 111 239 103 103 187 141
0029 070 206 112 239 103 104 188 141
0030 104 103 187 141 065 204 110 239
0031 070 207 112 239 104 104 185 143
0032 103 104 186 143 065 206 111 239
0033 104 104 185 143 066 206 110 239
0034 103 104 186 142 064 207 113 239
0035 102 104 186 143 065 205 111 239
0036 103 106 183 146 063 205 109 239
0037 102 108 185 145 065 209 110 239
0038 104 124 181 162 065 206 110 239
0039 104 139 180 179 065 206 108 239
0040 108 160 171 207 065 207 108 239
0041 113 182 167 239 070 205 102 238
0042 065 206 109 239 127 207 174 239
0043 131 205 182 239 064 205 109 239
0044 066 205 109 239 132 210 178 239
0045 065 205 108 239 133 211 178 239
0046 132 209 176 239 066 206 109 239
0047 131 209 176 239 071 206 104 238
0048 135 207 177 239 069 203 107 239
