0000 257 207 299 239
0001 252 211 298 239
0002 255 210 294 239
0003 255 208 296 239
0004 251 208 297 239
0005 254 207 295 239 158 216 189 239
0006 258 211 296 239 152 216 190 239
0007 254 209 299 239
0008 255 210 301 239 145 219 186 239
0009 256 211 299 239 126 187 168 231
0010 253 209 296 239 119 168 156 206
0011 257 206 298 239 090 085 132 151
0012 089 053 140 124 253 210 299 239
0013 093 027 145 112 256 205 298 239
0014 100 027 152 112 253 211 300 239
0015 107 026 153 111 257 213 300 239
0016 105 028 157 111 255 211 295 239
0017 104 028 156 112 254 209 298 239
0018 109 029 162 108 260 207 295 237
0019 109 027 157 108 255 207 297 239
0020 110 029 161 107 256 208 297 239
0021 107 030 157 102 255 212 294 239
0022 109 028 158 108 254 208 297 239
0023 108 025 155 101 258 205 297 239
0024 108 029 162 102 255 205 298 239
0025 108 025 155 101 254 207 297 239
0026 109 030 158 105 256 208 301 239
0027 108 031 158 106 256 211 299 239
0028 107 029 157 104 254 209 296 239
0029 105 032 154 105 255 210 299 239
0030 110 052 158 134 256 212 295 239
0031 251 209 304 239 114 103 162 156
0032 129 158 170 201 256 211 301 239
0033 146 202 187 239 255 206 298 239
0034 256 208 299 239 155 213 186 239
0035 249 215 302 239 156 217 192 239
0036 253 214 296 239
0037 251 211 299 239
0038 256 211 300 239
0039 255 208 294 239
