0000 158 190 195 227 074 201 116 239
0001 077 200 121 239 155 186 195 231
0002 075 193 114 239 160 190 196 232
0003 071 193 113 238 163 186 199 229
0004 071 188 114 239 168 185 207 225
0005 069 191 116 239 183 172 217 212
0006 068 175 115 230 183 162 218 201
0007 066 159 107 223 185 151 219 192
0008 069 153 116 210 183 149 216 186
0009 174 142 214 186 055 140 115 187
0010 059 127 116 177 171 146 215 188
0011 056 131 117 182 168 144 209 188
0012 164 154 206 195 054 132 120 186
0013 056 143 118 194 161 157 207 197
0014 059 143 118 193 156 159 210 200
0015 054 141 126 197 155 159 199 200
0016 061 148 123 200 150 160 198 199
0017 063 147 122 200 149 155 199 198
0018 065 146 120 194 146 153 198 194
0019 061 143 116 193 144 149 191 193
0020 062 136 116 193 145 152 192 193
0021 064 143 122 196 144 144 192 187
0022 062 140 122 193 143 145 191 188
0023 067 144 121 193 143 148 190 193
0024 064 143 123 194 138 150 186 191
0025 070 146 128 196 146 152 197 195
0026 070 156 125 205 155 152 196 200
0027 074 161 130 210 159 163 196 210
0028 075 170 124 221 162 168 202 220
0029 076 183 125 231 181 171 208 224
0030 082 187 130 229 180 181 214 231
