0000 181 223 200 239 084 221 106 239
0001 178 219 201 239
0002 178 217 199 239
0003 172 219 197 239
0004 173 221 197 239
0006 177 221 201 239
0007 174 222 202 239
0010 177 218 202 239
0011 209 167 245 202 067 187 095 229
0012 058 102 091 143 218 092 259 126
0013 068 014 098 071 208 022 233 069
0014 186 009 220 054 078 006 108 047
0015 076 010 105 043 182 009 210 048
0016 178 010 213 049 079 009 108 046
0017 080 004 109 046 181 010 217 049
0018 174 005 212 046 079 010 108 045
0019 175 008 214 049 078 010 106 042
0020 177 008 216 050 080 008 107 043
0021 079 006 107 043 179 009 213 050
0022 179 009 214 050 079 010 105 042
0023 079 009 105 043 179 007 214 051
0024 183 011 210 050 083 009 110 042
0025 180 008 214 050 083 008 111 041
0026 180 008 214 051 080 008 107 042
0027 181 009 215 051 083 012 112 039
0028 080 011 109 036 182 008 216 052
0029 085 010 112 040 183 010 217 051
0030 079 008 107 050 191 011 220 058
0031 066 018 096 071 201 024 236 071
0032 053 075 088 117 228 061 266 103
0033 055 179 082 215 210 156 248 177
0034 068 216 094 239 200 203 224 238
0035 177 220 199 239 077 216 100 239
0037 178 219 197 239
0038 177 217 200 239
0039 172 223 192 239
0040 173 216 194 239
