0000 189 194 211 229 110 199 129 232
0001 189 196 210 229 109 194 130 231
0002 190 197 211 231 109 196 129 231
0003 188 194 213 230 108 198 128 230
0004 188 193 213 229 111 197 129 230
0005 110 193 131 230 191 197 211 230
0006 191 198 212 230 111 196 129 228
0007 191 200 210 229 111 198 130 229
0008 191 199 213 231 110 197 131 233
0009 194 198 217 234 110 197 132 232
0010 111 196 131 231 191 191 225 232
0011 112 193 135 229 188 186 222 227
0012 174 178 211 219 117 187 154 226
0014 149 163 190 209 114 144 163 186
0015 105 142 146 178 158 161 208 202
0016 106 143 143 183 162 159 212 201
0017 107 144 143 183 157 154 213 201
0018 106 144 143 181 158 156 211 202
0019 106 144 144 182 166 163 211 202
0020 106 141 147 180 162 162 204 201
0021 149 172 182 209 128 146 166 187
0022 136 168 168 220
0023 122 188 160 229 174 175 210 215
0024 190 181 215 228 117 189 143 226
0025 116 197 139 233 191 189 215 228
0026 115 193 137 227 191 188 215 224
0027 116 195 136 227 184 191 208 227
