0002 107 183 146 239
0003 107 107 143 181
0004 103 075 139 149
0005 094 059 129 124
0006 093 054 121 121
0007 087 047 118 121
0008 081 052 113 118
0009 080 051 114 115
0010 077 054 117 118
0011 080 054 113 117
0012 082 057 115 121
0013 081 057 112 118
0014 081 057 112 118
0015 082 058 114 123
0016 083 058 113 123
0017 077 062 116 131
0018 081 064 111 133
0019 081 074 111 135
0020 079 078 114 138
0021 077 085 106 149
0022 069 093 106 150
0023 065 094 106 147
0024 065 094 106 148
0025 067 094 107 148
0026 067 093 107 151
0027 065 093 107 151
0028 059 101 103 144
0029 068 100 109 159
0030 077 134 116 191
0031 077 158 118 214
0032 078 205 127 239
