0000 150 213 172 239 237 220 274 239
0001 150 213 172 239 237 221 275 239
0002 150 213 172 239 240 222 277 239
0003 150 212 171 239 235 216 275 239
0004 233 217 272 239 148 208 172 235
0005 231 217 269 239 147 208 170 235
0006 229 214 267 239 146 206 167 238
0007 224 205 264 239 139 195 164 234
0008 215 203 255 238 131 187 155 218
0009 205 189 243 226 123 172 151 205
0010 190 169 228 206 114 164 151 196
0011 176 146 220 189 113 158 152 189
0012 169 137 214 179 122 160 151 186
0013 172 139 207 182 119 158 148 185
0014 121 159 150 186 164 137 200 175
0015 123 159 157 185 157 131 189 164
0016 153 124 184 161 128 159 157 184
0017 152 129 186 168 129 158 156 180
0018 156 133 187 170 130 156 160 183
0019 133 158 169 183 155 128 183 165
0020 147 125 179 161 133 159 166 183
0021 147 125 179 161 135 158 168 182
0022 149 127 188 165 134 160 166 186
0023 152 133 193 176 136 158 166 184
0024 133 163 167 184 166 134 197 177
0025 163 133 189 171 137 158 165 183
0026 153 125 186 164 135 159 167 185
0027 146 123 175 160 136 158 166 181
0028 142 126 178 164 137 158 167 183
0029 144 130 186 174 137 160 161 185
0030 156 135 195 176 138 159 165 184
0031 135 157 163 184 161 135 192 174
0032 160 133 189 173 135 159 162 186
0033 155 128 183 165 134 160 165 187
0034 149 124 177 161 137 161 167 184
0035 145 121 182 162 142 160 170 183
0036 150 125 179 165 139 158 167 182
0037 152 129 190 170 138 162 163 189
0038 137 162 161 189 156 131 186 173
0039 158 132 184 171 137 162 163 185
0040 136 163 164 188 155 128 183 165
0041 136 163 165 188 152 128 180 165
0042 155 130 184 170 135 165 167 193
0043 160 149 194 186 137 172 161 202
0044 171 166 210 209 134 184 157 223
0045 193 191 231 227 137 201 161 236
0046 213 209 253 238 138 208 161 238
0047 140 210 163 239 224 217 257 239
0048 227 216 260 238 147 212 169 239
0049 224 219 259 239 151 212 172 239
0050 150 215 171 239 226 220 263 239
0051 228 221 263 239 147 213 168 239
0052 228 221 264 239 148 212 172 239
