0000 098 197 116 229 166 202 188 235
0001 097 197 115 228 167 201 194 235
0002 095 196 117 229 168 201 194 235
0003 097 197 115 229 169 200 190 237
0004 095 197 117 230 168 200 194 235
0005 097 198 115 229 168 201 194 235
0006 096 197 116 232 168 201 189 238
0007 096 197 116 233 165 200 188 236
0008 163 189 189 229 099 197 118 230
0009 101 189 126 218 169 147 198 199
0010 183 120 216 158 100 165 142 196
0011 204 075 237 118 109 140 152 174
0012 219 032 256 085 125 119 169 156
0013 229 013 272 061 139 102 173 142
0014 232 003 284 053 143 099 182 137
0015 148 096 188 134 241 005 291 048
0016 151 097 186 134 252 005 292 048
0017 154 094 185 133 255 009 294 047
0018 147 095 188 132 252 011 299 056
0019 257 010 301 052 155 092 194 132
0020 155 093 194 133 263 009 300 056
0021 157 092 196 132 259 008 299 058
0022 158 094 191 135 254 012 301 059
0023 152 093 195 135 257 012 302 058
0024 146 093 185 135 255 008 300 052
0025 130 103 170 136 254 007 301 055 248 018 274 051
0026 248 008 293 054 085 111 114 155
0027 243 007 276 050 047 128 077 164
0028 236 000 276 040 022 153 066 190
0029 029 172 071 205 236 000 270 038
0030 224 005 265 040 052 181 086 213
0031 226 002 265 042 068 190 090 210
0032 218 006 257 039 076 194 099 211
0033 211 006 252 038 078 189 103 219
0034 211 006 252 040 079 189 103 218
0035 213 007 252 040 076 189 100 219
0036 072 190 099 219 213 005 257 042
0037 216 006 258 043 074 189 098 219
0038 072 188 096 216 223 001 256 047
0039 070 190 094 216 224 003 259 043
0040 221 003 261 040 068 187 095 215
0041 069 189 095 212 227 003 261 043
0042 228 003 263 046 069 187 094 210
0043 069 186 095 216 226 007 260 054
0044 225 022 256 067 068 185 102 217
0045 079 190 103 221 216 056 250 103
0046 203 102 239 150 086 194 107 223
0047 096 193 114 226 202 166 223 209
0048 095 195 116 226 189 186 209 230
0049 101 197 118 225 178 201 195 236
0050 101 196 119 224 170 201 190 230
0051 101 196 119 224 170 200 188 229
0052 100 196 118 228 170 200 188 231
