0014 155 214 200 237
0015 154 192 202 232
0016 162 166 203 218
0017 161 139 204 192
0018 164 126 197 184
0019 166 122 197 180
0020 166 117 197 173
0021 169 116 198 173
0022 170 114 199 170
0023 171 109 197 173
0024 164 102 205 170
0025 167 102 206 166
0026 165 098 208 157
0027 165 100 203 177
0028 164 106 200 178
0029 165 102 201 182
0030 164 100 202 179
0031 162 102 201 182
0032 163 102 200 182
0033 162 102 199 178
0034 164 101 199 179
0035 164 100 199 180
0036 164 098 200 181
0037 166 099 199 175
0038 165 099 202 176
0039 165 100 203 176
0040 163 102 199 175
0041 166 099 204 176
0042 166 101 204 178
0043 166 101 204 177
0044 164 102 198 173
0045 166 101 204 178
0046 166 101 203 175
0047 165 098 204 176
0048 166 097 202 182
0049 165 098 203 179
0050 165 100 203 177
0051 166 112 201 186
0052 159 151 195 210
0053 152 195 185 233
