0000 191 181 212 223 082 162 114 194
0001 071 128 110 170 192 142 227 184
0002 191 107 225 160 076 099 099 140
0003 079 073 102 115
0004 081 048 113 085
0005 093 034 131 066 152 028 199 061
0006 101 028 141 059 147 031 185 055
0007 106 029 145 057 140 034 180 054
0008 108 028 146 056 138 034 179 054
0009 115 029 144 054 146 032 178 055
0010 114 027 145 053 137 028 179 053
0011 113 026 146 054 139 028 179 052
0012 114 027 146 055 137 028 178 053
0013 114 027 146 055 137 029 178 052
0014 114 027 146 055 137 029 178 052
0015 114 028 145 055 137 030 178 052
0016 117 025 146 055 137 029 178 052
0017 117 027 145 055 136 029 180 052
0018 110 025 148 054 141 031 177 055
0019 116 026 145 052 141 031 177 056
0020 110 025 147 055 134 029 179 050
0021 113 029 144 055 140 029 181 056
0022 113 029 144 056 139 029 182 056
0023 108 026 146 055 136 028 179 054
0024 109 026 145 054 137 029 181 055
0025 109 026 144 053 137 029 181 055
0026 108 026 144 053 136 029 181 055
0027 112 027 143 055 136 029 181 055
0028 112 025 142 054 139 028 183 057
0029 112 024 142 054 139 028 183 057
0030 109 026 144 052 141 029 182 055
0031 109 025 144 052 140 029 182 055
0032 109 026 144 052 136 030 180 054
0033 109 025 143 053 141 029 182 055
0034 108 024 145 053 136 029 180 053
0035 109 024 145 053 140 028 182 055
0036 109 028 142 055 133 029 174 051
0037 102 033 139 062 133 032 180 058
0038 093 054 120 086 153 051 202 086
0039 082 077 114 142 164 088 214 121
0040 170 112 214 152 079 093 108 147
0041 075 132 114 163 177 163 206 207
0042 183 202 209 239 078 162 105 196 078 142 125 185
0043 191 207 216 239 086 184 109 225
0044 193 204 215 235 090 197 113 230
0045 184 204 214 237 096 193 116 230
0046 183 206 205 238 098 196 117 227
0047 180 207 207 237 098 196 117 227
0048 181 206 208 236 098 195 116 226
0049 181 206 207 236 097 197 117 229
