0003 172 204 214 238 119 213 151 237
0004 123 195 164 239 180 202 220 236
0005 126 174 169 225 184 172 228 236
0006 130 162 177 223 182 163 221 231
0007 142 135 178 219
0008 142 122 181 224
0009 142 120 188 202
0010 146 111 185 209
0011 143 118 183 183 183 106 223 187
0012 144 121 185 184 188 110 224 199
0013 185 112 226 204 148 122 190 191
0014 148 123 187 193 183 113 225 204
0015 148 123 185 194
0016 145 129 190 196
0017 146 119 183 213 183 110 221 204
0018 139 123 176 179 182 121 227 178
0019 129 121 173 173 180 124 227 187
0020 179 150 219 205 127 144 167 199
0021 173 200 213 238
