0003 151 190 202 235 090 188 136 235
0004 139 106 188 166 095 104 142 162
0005 100 054 142 116 136 060 187 119
0006 105 049 140 107 144 040 182 108
0007 101 045 143 104 145 039 178 103
0008 098 050 139 105 143 045 187 100
0009 074 046 125 108 155 044 216 102
0010 165 046 228 107 061 047 118 108
0011 163 043 223 107 060 049 118 111
0012 162 047 223 109 059 049 115 111
0013 163 043 219 109 061 047 110 113
0014 161 044 219 107 059 054 116 111
0015 158 044 214 114 066 050 117 121
0016 153 072 202 135 082 091 123 152
0017 146 156 194 208 088 157 135 216
0018 092 218 134 239 155 220 200 239
