0014 286 220 319 239
0015 269 182 317 230 225 209 291 238
0016 248 140 302 214 220 183 262 224
0017 217 120 292 209 212 158 248 217
0018 205 105 273 209
0019 195 096 261 198
0020 182 082 247 185
0021 169 080 243 173
0022 174 074 232 170
0023 163 075 229 172
0024 158 076 230 170
0025 158 079 223 171
0026 157 078 224 170
0027 167 073 228 169
0028 157 078 224 171
0029 159 077 224 172
0030 167 077 225 169
0031 170 075 226 168
0032 170 078 228 172
0033 172 075 231 173
0034 180 084 238 183
0035 171 096 249 194
0036 180 109 255 212
0037 177 145 266 233
0038 180 192 262 237
