0000 141 210 178 239
0001 144 211 179 239
0002 140 209 178 239
0003 139 209 178 239
0004 044 224 081 239
0005 130 203 181 239 054 208 119 239
0006 074 193 132 238 134 190 181 238
0007 088 163 159 204 061 162 105 208 145 159 187 213
0008 100 147 178 194 067 152 114 198
0009 109 136 173 179 147 134 192 183 073 142 119 190
0010 111 129 173 172 149 125 198 177
0011 115 127 170 169 151 121 196 169
0012 109 124 164 169 149 120 196 167
0013 114 123 163 168 151 122 193 168
0014 109 123 162 170 152 119 193 165
0015 114 124 163 166 153 120 188 164
0016 113 127 171 173 148 119 182 168
0017 116 129 175 174
0018 120 131 178 175
0019 119 129 182 177
0020 124 119 183 171
0021 115 130 180 175
0022 117 130 178 175
0023 115 128 173 173 148 115 188 167
0024 120 130 164 173 152 119 190 166
0025 116 124 163 168 152 124 194 170
0026 150 125 199 174 115 123 159 171
0027 147 127 205 178 111 122 157 168
0028 111 123 166 169 154 125 206 175
0029 112 122 163 166 152 127 204 174
0030 153 126 208 176 113 121 164 165
0031 152 127 201 175 113 121 164 165
0032 111 124 161 165 149 124 201 173
0033 110 124 161 167 150 124 194 172
0034 113 130 157 171 145 123 186 168
0035 111 130 162 174 147 121 178 170
0036 116 133 157 174 147 119 181 167 072 134 132 184
0037 115 133 162 176 143 120 181 168
0038 113 128 173 174
0039 115 125 177 172
0040 118 126 179 175
0041 115 124 180 172
0042 112 128 174 174
0043 118 125 162 176 147 117 183 167
0044 112 124 160 166 153 120 187 162
0045 115 125 164 164 155 120 190 165
0046 110 123 163 166 154 125 195 169
0047 113 122 165 164 158 125 203 170
0048 113 121 164 161 159 127 210 175
0049 111 119 164 158 160 127 207 175
0050 110 118 164 158 161 127 207 175
0051 157 126 205 176 112 120 164 159
0052 111 120 165 160 157 126 205 176
0053 111 120 164 160 161 129 209 177
0054 104 119 159 162 160 132 199 180
0055 098 121 156 166 148 140 187 180
0056 081 143 135 187 137 158 180 202
0057 068 179 118 222 123 186 174 235 039 189 081 235
0058 119 204 174 239 043 211 105 239
0059 042 222 074 239
0060 139 209 179 238
0061 134 209 179 238
0062 140 209 179 238
0063 141 208 182 239
0065 141 211 181 239
0066 140 209 179 239
0067 141 208 180 239
0068 140 209 178 239
0069 140 209 179 239
