0000 097 218 137 236
0001 095 219 139 239
0002 091 218 137 239
0003 086 216 138 239 055 224 090 239
0004 082 208 134 239
0005 072 193 131 239
0006 078 164 134 215
0007 096 120 141 173
0008 129 090 165 150
0009 144 097 205 153
0010 152 103 219 162
0011 158 107 218 168
0012 152 110 217 165
0013 157 106 210 170
0014 152 110 217 167
0015 151 111 212 168
0016 158 110 214 167
0017 147 108 195 165
0018 130 112 169 172
0019 103 150 144 193
0020 091 183 137 224
0021 089 202 140 239
0022 092 219 139 239 055 224 089 239
0023 091 219 139 239 052 224 089 239
0024 091 219 138 239
