0000 090 210 109 235 159 214 183 239
0001 088 214 108 239 154 213 180 239
0002 087 214 108 239 157 216 181 239
0003 090 211 109 236
0004 089 212 110 239
0005 089 214 109 239
0006 087 213 106 239
0007 087 213 107 239
0008 087 211 107 239
0009 087 215 106 239
0010 089 215 110 239
0011 087 212 106 239
0012 089 213 110 239
0013 086 215 107 239 131 174 174 204
0014 091 217 111 239
0015 090 217 110 239
0016 086 215 107 239
0017 087 215 107 239
0018 087 214 107 239 124 158 168 194
0019 086 211 106 239
0020 085 211 106 239
0021 087 209 111 239
0022 129 201 171 239 086 212 107 239
0023 138 202 176 239 088 215 107 239
0024 088 213 107 239 135 206 173 239
0025 086 213 106 239 142 204 172 239
0026 141 201 175 239 086 212 107 239
0027 144 210 173 239 090 219 108 239
0028 147 212 177 239
