0007 128 207 181 239 056 217 083 239
0008 077 182 135 235
0009 082 155 159 215
0010 094 132 139 203 117 129 163 194
0011 091 114 162 182
0012 099 104 150 171
0013 106 098 157 160
0014 105 096 147 163 086 094 124 160 128 098 172 148
0015 104 099 148 172 079 093 122 163 128 104 173 155
0016 104 100 148 172 074 097 122 151 125 095 176 154
0017 105 102 149 176 079 098 121 153 123 097 179 157
0018 107 098 158 173 077 095 124 154
0019 107 099 155 176 074 093 119 152 133 096 174 153
0020 104 103 147 179 078 098 123 150 121 095 176 156
0021 111 101 173 170 073 094 124 151
0022 110 095 165 178 079 100 122 152
0023 078 095 123 154 111 090 170 170
0024 076 095 123 149 115 094 172 168
0025 076 093 125 151 117 090 177 165
0026 126 087 173 156 073 091 124 151 094 093 157 177
0027 071 089 124 161 109 092 171 166
0028 074 093 120 160 110 092 173 165
0029 075 100 122 157 111 096 163 171
0030 069 098 122 159 109 096 166 171
0031 123 093 167 167 068 097 126 157
0032 128 092 171 161 072 100 120 160 094 107 155 174
0033 077 100 121 160 105 102 155 180 128 096 176 162
0034 102 102 151 176 073 106 118 158 126 095 169 155
0035 104 105 149 182 073 099 120 170 137 098 173 131
0036 105 103 154 179 077 110 121 163 131 098 167 153
0037 103 104 155 181 077 109 120 163
0038 103 110 157 185 080 116 119 166
0039 094 126 164 189
0040 077 143 158 211
0041 124 180 199 238 047 184 104 239
