0000 039 220 072 238
0001 037 217 071 239
0002 039 217 071 236
0003 034 218 075 239 122 211 167 239
0004 115 193 167 239 039 220 071 239
0005 109 168 162 215 036 216 071 239
0006 120 144 182 194 038 219 072 239
0007 124 113 176 170 039 219 072 239
0008 121 092 174 152 039 220 072 239
0009 123 076 177 145 038 218 072 238
0010 124 071 173 139 038 219 072 239
0011 123 074 178 140 034 218 076 239
0012 126 068 174 140 035 219 075 239
0013 121 073 176 133 035 216 072 239
0014 128 066 174 134 037 217 076 239
0015 128 066 173 133 039 219 071 237
0016 128 065 173 133 038 218 077 239
0017 128 065 173 132 035 220 075 239
0018 128 066 173 133 037 218 076 239
0019 125 068 176 131 034 220 075 239
0020 124 062 174 135 036 216 075 239
0021 125 065 176 132 036 214 076 239
0022 125 064 174 133 036 218 070 239
0023 125 063 174 133 036 214 075 239
0024 123 070 176 134 040 219 069 237
0025 125 065 176 133 035 217 074 239
0026 124 062 174 136 038 214 069 239
0027 125 065 172 136 039 219 069 237
0028 121 070 174 134 034 214 071 238
0029 117 088 174 148 037 219 069 239
0030 039 220 070 238 113 119 164 168
0031 039 218 070 236 115 160 166 205
0032 107 206 157 239 039 218 071 237
0033 040 218 071 237 150 216 190 239
0034 038 218 071 238
0035 037 216 076 239
0036 035 217 074 239
