0000 156 190 197 228 090 147 132 187
0001 156 193 195 228 090 113 130 151
0002 159 190 196 229 089 088 133 129
0003 158 194 198 232 091 066 140 105
0004 160 191 194 228 095 048 123 094
0005 155 193 193 227 093 047 119 088
0006 156 194 193 230 089 033 120 087
0007 156 191 196 227 092 039 117 080
0008 157 192 195 229 085 031 113 079
0009 075 023 116 075 159 192 193 229
0010 072 017 107 079 155 194 194 230
0011 072 019 110 075 163 196 197 231
0012 073 018 111 069 156 194 195 229
0013 078 019 111 076 158 194 198 232
0014 070 016 112 069 157 196 197 232
0015 067 018 104 072 157 195 197 232
0016 156 195 194 230 069 019 101 072
0017 156 195 197 230 064 015 100 074
0018 063 015 099 074 156 199 196 233
0019 155 195 194 230 059 018 092 071
0020 161 194 192 233 056 017 091 075
0021 051 018 090 077 155 194 195 230
0022 053 025 088 077 156 195 195 229
0023 158 193 198 229 059 052 090 094
0024 062 072 100 109 161 194 190 228
0025 161 194 192 232 073 118 100 150
0026 159 191 195 228 071 161 112 203
0027 073 188 111 230 159 190 194 227
0028 078 202 119 239 159 192 194 228
0029 074 201 116 239 162 197 191 230
0030 081 200 116 239 156 194 193 227
0031 077 203 115 239 159 191 193 228
0032 155 192 195 228 078 202 120 237
0033 076 203 115 238 156 192 195 228
0034 078 201 122 238 160 192 195 231
