0000 099 214 140 239
0001 098 215 139 239
0002 098 215 139 239
0003 103 214 136 239
0004 098 209 134 238
0005 074 193 117 237
0006 040 174 095 215
0007 026 130 091 177
0008 015 096 085 150
0009 017 082 082 142
0010 019 076 085 135
0011 016 080 088 142
0012 019 080 089 137
0013 019 081 089 137
0014 021 078 088 142
0015 020 076 090 142
0016 018 078 089 134
0017 019 077 090 142
0018 019 076 090 142
0019 017 074 091 142
0020 017 073 091 144
0021 019 078 093 142
0022 017 077 093 148
0023 029 100 099 160
0024 049 141 103 188
0025 085 174 125 214
0026 101 203 142 239
0027 108 209 144 239
0028 107 212 141 239
0029 106 209 140 238
0030 106 207 144 239
0031 106 208 144 239
