0000 217 204 258 235 085 214 123 239
0001 215 204 259 236 084 216 123 238
0002 218 203 261 236 085 216 123 238
0003 222 204 267 235 085 216 123 238
0004 233 206 276 238 087 216 123 237
0005 242 202 293 239 087 216 123 237
0006 246 188 312 224 089 218 122 236
0007 252 151 316 196 089 218 122 236
0008 243 112 301 167 090 215 121 239
0009 233 077 278 140 090 215 121 239
0010 219 069 265 135 090 215 121 239
0011 216 063 256 129 090 215 121 239
0012 208 057 253 126 085 213 124 239
0013 208 058 248 123 085 213 124 239
0014 205 059 248 123 090 213 123 239
0015 206 059 249 122 085 213 124 239
0016 204 064 251 124 091 213 123 239
0017 205 061 251 126 088 214 126 238
0018 205 061 247 125 088 214 126 238
0019 205 061 247 124 091 213 123 239
0020 205 060 247 124 091 213 123 239
0021 209 061 247 122 091 213 123 239
0022 209 061 247 122 088 214 127 238
0023 205 062 247 121 088 215 127 238
0024 206 062 247 119 088 215 128 238
0025 209 064 249 123 088 215 128 238
0026 217 070 258 125 088 215 128 238
0027 231 090 270 153 091 216 123 239
0028 232 119 276 177 089 218 121 237
0029 236 172 278 219 089 218 121 237
0030 228 196 263 239 089 217 121 237
0031 226 202 258 238 091 215 121 239
0032 228 203 264 238 091 214 120 239
0033 226 204 270 239 086 212 123 239
0034 226 204 269 238 086 213 123 239
0035 227 204 268 237 086 213 123 239
0036 226 203 268 237 086 213 124 239
