0000 196 201 217 232 111 202 136 235
0001 198 200 223 235 107 202 127 237
0002 197 197 220 233 109 205 127 235
0003 109 205 128 237 201 203 221 232
0004 195 200 220 237 111 205 131 236
0005 111 202 132 233 193 197 218 233
0006 113 188 133 226 189 187 213 222
0007 184 173 206 205 116 170 138 205
0008 174 153 203 189 118 151 145 186
0009 175 143 202 178 125 135 157 168
0010 121 131 156 164 173 131 204 165
0011 173 120 203 151 123 124 153 156
0012 117 113 146 139 171 111 208 141
0013 105 100 129 142 178 100 220 133
0014 075 081 108 120 203 086 239 118
0015 237 072 280 106 039 080 085 113
0016 029 084 077 114 248 072 299 107
0017 025 094 065 118 282 077 315 109
0018 286 082 319 109 022 094 063 119
0019 022 095 062 120 285 086 315 112
0020 024 098 062 122 286 087 316 112
0021 290 090 319 117 025 099 063 124
0022 287 090 316 117 025 100 064 125
0023 025 099 063 125 287 094 315 118
0024 025 098 063 123 287 094 314 116
0025 025 097 063 122 288 093 315 119
0026 028 098 066 121 288 094 316 120
0027 288 097 317 122 025 100 063 124
0028 021 099 062 122 290 093 316 118
0029 016 085 057 109 295 081 318 102
0030 288 058 318 081 019 064 053 088
0031 282 041 319 067 012 051 052 079
0032 285 027 319 054 018 036 060 071
0033 269 013 316 043 024 017 064 051
0034 026 017 068 052 270 011 314 041
0035 272 018 314 045 025 020 065 048
0036 026 029 068 066 268 028 317 058
0037 270 040 319 072 025 042 058 070
0038 264 051 317 081 019 054 061 082
0039 016 061 056 088 272 062 319 091
0040 019 065 061 093 280 061 318 083
0041 020 065 061 093 282 061 315 088
0042 015 064 055 089 272 060 318 089
0043 016 062 058 092 270 057 319 088
0044 015 061 058 090 281 056 315 082
0045 017 060 058 094 278 061 314 087
0046 023 066 065 099 269 068 310 098
0047 032 071 072 103 263 080 300 107
0048 041 077 082 107 250 086 292 111
0049 047 087 088 117 240 094 280 120
0050 231 099 276 128 050 098 092 127
0051 220 116 273 143 055 123 096 151
0052 076 156 107 190 214 143 260 169
0053 213 162 240 194 097 178 121 218
0054 112 196 130 228 206 177 230 213
0055 119 201 138 237 201 192 223 227
0056 197 198 218 228 118 202 137 235
0057 194 200 218 233 118 199 137 235
0058 196 199 218 234 118 201 137 236
0059 118 205 135 235 194 201 216 234
0060 196 201 216 234 120 203 139 236
0061 118 202 137 233 193 201 216 234
0062 119 203 139 234 194 201 217 233
