0000 160 206 205 237
0001 157 201 204 237
0002 162 162 214 214 080 222 119 239
0003 172 102 224 162 087 211 133 239
0004 173 044 227 113 092 198 144 239
0005 174 025 217 098 097 197 148 239
0006 166 020 216 084 098 194 148 234
0007 162 017 214 084 100 200 154 239
0008 169 024 211 089 102 203 155 239
0009 166 019 216 086 106 207 152 236
0010 166 020 216 086 107 207 151 238
0011 166 021 217 086 108 201 153 239
0012 172 024 215 095 111 201 151 239
0013 169 093 214 149 104 198 149 238
0014 102 198 150 239 172 141 221 198
0015 098 193 145 239 164 191 208 239
0016 155 210 196 237 093 197 136 239
0017 099 196 127 239
0018 100 197 130 237
