0000 223 215 253 237 132 220 161 237
0001 226 216 248 239 132 223 159 239
0002 224 218 248 239 129 224 159 239
0003 224 216 248 239 133 219 158 239
0004 224 217 248 239 134 219 161 238
0005 224 215 247 239 137 216 163 237
0006 225 213 248 239 139 217 166 239
0007 133 209 167 238 232 207 256 238
0008 234 194 274 229 138 197 166 233
0009 234 170 280 198 133 184 161 212
0010 124 159 164 192 241 135 280 174
0011 240 102 277 147 130 130 164 178
0012 235 087 268 140 130 110 167 170
0013 231 071 264 124 135 089 166 136
0014 226 060 259 111 136 066 167 125
0015 226 047 256 094 138 049 170 104
0016 142 045 172 089 223 042 255 090
0017 216 043 253 088 143 042 177 087
0018 219 042 250 089 145 042 178 085
0019 219 043 250 091 146 043 178 085
0020 219 043 251 093 144 046 175 086
0021 218 043 251 090 144 044 173 081
0022 219 045 256 093 145 042 176 086
0023 215 045 253 093 142 043 171 082
0024 220 045 250 091 145 045 175 087
0025 220 046 250 092 143 045 175 090
0026 143 046 175 090 220 048 249 095
0027 219 047 249 094 143 046 175 092
0028 219 049 249 096 142 046 175 093
0029 141 047 179 089 219 051 249 098
0030 219 052 253 099 141 048 178 089
0031 221 051 251 098 137 048 176 092
0032 219 051 251 099 140 051 169 095
0033 140 051 169 094 219 051 251 100
0034 134 050 173 099 219 052 251 101
0035 221 056 255 101 137 051 167 093
0036 139 054 171 098 221 056 251 103
0037 221 061 255 109 138 058 170 104
0038 222 066 252 118 137 067 169 116
0039 227 093 261 140 135 092 166 142
0040 230 134 269 173 133 120 165 175
0041 233 174 261 220 137 169 163 197
0042 143 192 164 232 227 209 250 237
0043 142 211 166 239 226 211 251 237
0044 137 216 163 237 221 216 252 237
0045 230 215 248 236 131 216 160 238
0046 230 215 254 239 131 216 156 239
0047 226 216 249 239 129 217 153 239
0048 223 220 243 239 132 216 160 236
0049 221 216 245 239 137 218 163 239
0050 223 219 250 239 137 221 163 239
