0000 094 195 113 230 165 191 185 227
0001 094 194 113 231 167 192 186 228
0002 094 195 114 232 176 181 204 223
0003 192 156 230 196 094 195 113 230
0004 202 128 246 154 094 196 114 231
0005 094 197 114 232 203 096 251 124
0006 206 080 253 109 094 195 113 229
0007 208 075 251 100 094 197 113 230
0008 210 077 255 103 092 198 111 229
0009 216 098 251 127 090 196 113 226
0010 208 128 246 162 093 198 111 229
0011 188 169 216 204 092 195 113 229
0012 093 197 112 229
0013 093 196 113 230
0014 093 195 113 228
