0003 166 142 207 169 139 143 171 170
0004 130 133 165 167 171 139 210 165
0005 130 134 165 161 173 130 212 161
0006 132 132 156 159 173 129 213 161
0007 173 129 212 161 134 135 163 164
0008 172 128 211 161 136 135 164 162
0009 172 128 211 161 134 136 160 163
0010 134 137 165 164 174 131 212 162
0011 131 132 159 163 174 130 214 162
0012 126 124 164 156 176 128 214 156
0013 131 123 158 156 181 125 219 155
0014 128 122 157 150 182 120 219 154
0015 124 117 150 148 190 126 217 153
0016 124 112 152 145 194 125 220 150
0017 119 115 144 142 195 124 222 147
0018 118 111 143 143 196 121 223 146
0019 114 110 139 141 192 114 232 148
0020 112 109 133 141 202 114 231 141
0021 204 109 239 141 107 109 127 142
0022 216 111 241 140 101 107 121 137
0023 228 109 251 141 097 106 115 134 194 142 218 181
0024 236 106 258 144 084 105 106 132
0025 247 106 267 139 075 107 097 132
0026 257 105 278 139 070 106 092 132
0027 263 105 285 138 063 107 082 134
0028 266 106 288 138 055 110 076 133
0029 269 106 291 134 047 109 074 135
0030 270 103 295 131 049 111 073 137
0031 273 099 300 130 046 112 069 137
0032 274 099 301 129 045 112 072 137
0033 278 098 306 131 048 115 073 138
0034 278 098 308 126 048 117 072 139
0035 282 095 312 121 048 118 072 140
0036 283 092 318 114 042 118 068 140
0037 280 087 318 107 042 118 068 140
0038 277 070 317 098 042 118 069 140
0039 270 046 312 087 042 118 068 140
0040 249 041 287 075 046 118 071 140
0041 239 028 267 064 046 118 069 140
0042 046 119 070 141
0043 196 020 220 066 046 120 071 141
0044 044 120 076 140 182 029 212 067
0045 180 039 208 069 044 120 071 144
0046 046 120 069 139 171 043 208 074
0047 046 120 073 143 184 049 216 074
0048 045 122 071 141 200 051 225 078
0049 044 119 070 145 206 048 242 081
0050 218 040 258 069 044 119 070 144
0051 236 039 272 076 043 120 068 143
0052 045 123 070 142 245 036 274 069
0053 246 034 275 065 045 123 067 145
0054 238 018 274 062 045 124 072 143
0055 045 123 068 143 225 005 266 061
0056 047 123 074 146 215 005 259 062
0057 045 121 073 144 199 017 220 059
0058 047 124 071 146 183 023 208 059
0059 175 034 210 066 046 121 073 146
0060 046 125 074 146 175 042 204 073
0061 046 125 074 146 180 052 206 078
0062 046 125 070 143 177 059 207 083
0063 046 122 072 142 178 061 214 086
0064 044 122 077 139 187 062 221 090
0065 044 120 071 144 205 066 228 095
0066 046 120 075 141 215 075 238 101
0067 045 114 074 138 224 084 245 112
0068 048 115 073 139 226 092 248 124
0069 053 114 079 137 226 104 248 135
0070 056 113 081 136 221 112 245 145
0071 062 112 086 133 218 117 240 148
0072 067 111 092 135 218 116 240 149
0073 074 112 097 137 214 117 234 153
0074 083 108 104 136 210 119 231 155
0075 095 109 115 138 204 120 226 152
0076 204 120 224 158 106 110 125 140
0077 199 122 221 161 113 109 132 140
0078 199 123 219 159 119 106 140 140
0079 125 109 146 141 191 123 214 157
0080 129 110 152 145 190 122 212 153
0081 136 113 156 140 193 122 212 156
0082 138 112 162 148 184 126 205 154
0083 140 113 165 146 182 120 207 153
0084 179 119 202 153 141 115 164 149
0085 174 119 206 157 141 114 173 151
0086 143 124 170 158 164 125 197 161
0087 152 126 189 164
0088 154 128 190 172
0089 171 132 196 177 143 138 181 179
0090 146 149 190 181
0091 141 161 196 194
0092 142 167 199 200
0093 133 182 177 213 162 181 205 205
0094 129 192 164 220 169 188 208 214
0095 128 203 164 233 176 202 206 225
0096 171 206 205 239 129 210 163 237
0097 180 218 212 236 127 217 151 239
0098 192 217 218 239
