0000 111 213 133 235 189 196 209 229
0001 111 214 132 236 189 196 209 229
0002 111 213 132 235 189 199 208 228
0003 111 214 133 235 188 189 209 225
0004 111 214 133 236 190 133 211 163
0005 108 208 129 238 197 094 216 130
0006 111 210 132 235 209 087 234 126
0007 215 125 252 156 111 210 132 235
0008 112 209 132 236 219 135 249 171
0009 109 209 132 236 217 135 254 170
0010 218 134 249 170 109 209 132 236
0011 216 131 255 168 112 213 133 235
0012 218 134 254 169 105 213 133 239
0013 216 133 257 170 105 213 133 239
0014 217 127 255 164 110 213 132 236
0015 108 214 131 236 199 107 222 149
0016 176 125 212 157 109 209 132 239
0017 175 151 202 189 109 214 132 236
0018 185 178 207 214 109 210 134 239
0019 110 209 131 235 191 200 208 228
