0002 121 224 165 239
0003 137 196 175 236
0004 163 141 199 201
0005 186 078 223 138
0006 192 052 228 113
0007 195 035 235 101
0008 196 028 234 092
0009 188 012 225 081
0010 168 018 208 076
0011 144 025 193 078
0012 126 049 179 086
0013 124 056 174 093
0014 143 033 193 082 087 040 129 084
0015 176 022 210 085
0016 194 019 227 085
0017 195 020 231 089
0018 175 014 217 083
0019 162 019 202 079
0020 134 030 186 080
0021 117 063 170 095
0022 115 071 165 101 087 041 130 087
0023 115 064 165 095 088 039 132 086
0024 118 056 169 095
0025 115 082 177 126
0026 110 133 170 189
0027 109 166 164 225
0028 101 203 161 239
