0000 114 205 151 239
0001 118 207 157 239 019 203 054 239
0002 115 195 151 234 015 199 057 239
0003 040 171 080 216 112 168 151 204
0004 114 134 148 179 064 134 099 170
0005 112 103 148 169 089 103 113 151
0007 104 093 134 154
0008 101 084 134 156
0011 101 092 133 171
0012 105 099 130 134
0013 103 093 132 158
0015 107 096 135 163
0016 103 093 131 158
0017 102 091 131 162
0019 105 106 131 162
0020 103 099 131 165
0021 100 093 132 174
0022 101 100 132 176
0023 100 101 130 167
0024 106 102 136 172
0025 096 116 130 167
0026 102 126 139 182 075 138 104 196
0027 107 151 144 189 055 173 096 204
0028 106 173 148 209 048 183 087 227
0029 045 197 080 239 115 189 147 220
0030 115 206 154 239 044 207 081 239
0031 117 208 153 237 045 211 075 239
0032 113 214 152 239 041 211 078 239
0033 118 210 156 239
0034 118 212 157 239
0035 118 212 157 239
0036 117 214 159 239
0037 116 210 152 239 047 211 078 239
0038 116 212 154 239
