0000 093 210 112 239
0001 094 211 113 239 166 220 192 239
0002 093 211 112 239 160 218 188 239
0003 094 213 114 239 156 217 188 239
0004 094 214 115 239 157 217 185 239
0005 094 210 113 235 157 217 187 239
0006 152 215 186 239 097 216 114 239
0007 153 201 183 236 097 219 115 239
0008 150 184 183 218 094 216 115 239
0009 094 210 113 239 145 132 182 173
0010 092 211 112 239 154 099 182 152
0011 090 210 111 239 154 080 185 132
0012 090 211 112 239 155 070 183 121
0013 093 214 111 239 155 079 183 126
0014 090 209 113 239 148 081 179 130
0015 091 214 114 239
0016 094 208 114 236 148 092 180 133
0017 094 215 113 239 147 091 181 139
0018 094 210 113 237 147 091 182 138
0019 093 214 112 239 147 095 180 135
0020 147 096 181 135 090 215 114 239
0021 091 212 112 239 145 091 180 132
0022 138 092 179 131 091 214 113 239
0023 144 093 182 135 090 213 112 239
0024 087 210 109 237 137 093 185 136
0025 091 214 109 237 132 089 166 133
0026 090 211 111 239 128 100 166 143
0027 130 145 171 182 091 218 109 239
0028 091 211 112 239 138 185 166 215
0029 147 207 177 239 089 213 114 239
0030 150 212 184 239 092 213 111 238
0032 157 208 187 239 093 219 112 239
0033 094 217 113 239 155 208 183 239
