0000 180 205 203 238
0001 180 206 203 239 100 203 120 234
0002 178 201 205 239 099 208 120 239
0003 183 201 211 237 087 209 113 239
0004 188 201 219 236 075 201 103 235
0005 208 177 240 213 057 154 091 189
0006 211 130 246 166
0007 211 087 248 132 018 068 057 109
0008 033 034 065 089 212 040 240 083
0009 196 012 232 059 043 016 074 071
0010 053 011 081 066 198 005 227 049
0011 055 011 084 058 196 006 222 047
0012 059 010 087 060 194 008 221 044
0013 061 011 087 056 194 008 221 043
0014 061 009 092 062 190 006 219 045
0015 064 009 093 058 188 008 222 048
0016 061 010 089 057 192 006 222 050
0017 066 010 093 057 192 007 222 049
0018 060 014 096 064 190 007 220 049
0019 056 020 086 081 193 017 224 068
0020 193 061 228 101 050 077 085 118
0021 065 135 091 162 196 113 231 152
0022 068 164 103 216 194 165 218 199
0023 184 188 217 227 090 192 111 232
0024 182 196 211 237 094 200 117 237
0025 178 205 205 239 101 204 123 237
0026 177 205 202 239 104 206 125 236
0027 179 201 206 239 103 204 122 235
0028 179 205 207 239 101 201 121 235
0029 179 205 206 239 104 204 127 238
0030 177 201 203 239 103 204 126 238
0031 179 204 201 239 102 202 122 237
0032 177 207 201 239
0033 179 203 202 239 102 202 122 235
0034 179 206 203 239 101 204 120 235
0035 179 204 202 239
0036 179 204 200 239 098 197 125 234
0037 180 204 201 239
0038 180 205 201 235 102 206 120 234
0039 181 204 202 239 094 185 117 218
0040 181 205 203 235 094 186 116 217
0041 180 206 202 239 094 186 116 217
0042 181 205 202 239 095 186 117 217
0043 176 207 202 239 095 185 117 216
0044 180 210 203 239
