0005 211 195 256 238 237 206 283 239
0006 194 163 246 225 220 181 282 236
0007 205 149 249 220 162 138 209 193 144 201 192 239
0008 158 189 237 236 195 139 231 203 152 132 202 184
0009 172 131 245 206 143 118 189 172
0010 159 118 231 208 141 106 189 160 193 118 243 170
0011 142 098 188 149 164 112 236 186 198 159 251 218
0012 175 108 232 189 143 096 192 150
0013 168 110 233 194 144 096 193 145
0014 175 116 233 184 146 102 189 154
0015 188 112 232 170 151 097 198 150 157 125 220 185
0016 162 118 238 182 146 101 191 151
0017 155 105 228 184 146 101 190 148
0018 165 110 226 175 148 098 191 148
0019 166 112 225 175 143 099 187 139
0020 174 111 219 177 148 101 190 146
0021 173 123 217 188 150 111 189 156
0022 170 125 218 197 146 119 188 157
0023 173 123 218 194 143 117 186 156
0024 174 122 220 189 143 118 187 157
0025 175 120 219 193 145 118 185 154
0026 168 124 224 189 144 119 187 156
0027 176 125 229 186 146 119 188 157
0028 171 125 221 190 147 120 191 164
0029 147 128 212 219 178 126 229 188
0030 148 141 211 226
0031 132 187 208 239 180 162 245 232
0032 188 182 249 237 124 209 175 239
0033 221 217 288 239
