0000 099 188 120 222 183 188 203 222
0001 100 185 121 220 186 183 207 219
0002 100 187 121 220 187 186 206 221
0003 099 183 120 220
0004 184 189 205 223 085 179 109 215
0005 058 163 093 203 186 188 207 222
0006 185 190 205 221 029 150 065 186
0007 185 187 206 222 010 137 030 161
0008 186 186 207 221
0009 188 186 210 224
0010 214 165 249 203
0011 241 129 283 164
0012 246 088 301 126
0013 228 024 280 082
0014 211 024 241 079
0015 169 093 197 121
0016 134 121 180 174
0017 109 136 150 181
0018 091 108 162 148
0019 091 063 148 106
0020 129 013 155 052 136 019 171 085
0021 143 032 183 088
0022 169 104 203 137
0023 182 123 226 163
0024 208 123 258 159
0025 224 068 275 114
0026 217 017 264 076
0027 207 012 239 063
0028 169 041 195 088
0029 133 103 170 159
0030 112 118 148 163 009 108 024 135
0031 103 107 152 156 009 109 025 134
0032 098 074 160 111 008 113 023 134
0033 119 033 168 092
0034 150 013 186 077
0035 177 055 206 101 008 106 024 128
0036 199 119 245 156 010 116 027 140
0037 216 114 267 151 009 124 027 150
0038 229 106 268 149 007 137 035 162
0039 013 144 044 172 228 111 262 148
0040 034 157 070 195 215 135 248 167
0041 058 170 091 206 202 152 235 185
0042 081 185 114 222 189 179 217 216
0043 091 183 113 221 186 189 209 221
0044 101 186 122 223 182 190 204 225
0045 182 188 204 225 103 185 125 222
0046 103 188 124 223 178 186 207 228
0047 104 186 124 222 177 182 209 226
0048 103 188 124 224 181 188 202 224
0049 103 188 124 223 180 191 202 224
0050 103 188 124 224 182 190 203 227
0051 183 192 203 225 103 188 124 224
0052 104 189 122 224 183 189 205 226
0053 103 188 124 224 183 190 203 227
0054 103 190 125 224 181 189 203 227
