0000 104 213 134 237 205 224 244 239
0001 098 214 139 238 201 224 244 239
0002 099 209 138 239 200 224 243 239
0003 103 211 134 237 205 223 244 239
0004 093 205 134 239
0005 083 181 116 226
0006 062 127 100 174
0007 048 060 088 130
0008 047 042 088 111
0009 053 043 091 107
0010 053 042 091 106
0011 051 043 093 101
0012 050 043 091 103
0013 063 040 103 114
0014 072 059 112 119
0015 060 073 103 124
0016 043 069 092 125
0017 043 075 095 131
0018 058 096 106 147
0019 084 120 115 157 204 224 244 239
0020 085 126 124 166 201 221 238 239
0021 083 128 126 172 191 210 237 239
0022 076 114 114 162 173 158 221 208
0023 069 098 104 149 166 125 217 170
0024 058 068 094 129 152 067 203 120
0025 055 067 095 120 154 053 201 101
0026 063 074 099 132 159 064 212 100
0027 172 071 211 125 084 100 126 147
0028 093 118 152 181 176 075 216 135
0029 180 076 223 143 101 132 162 191
0030 181 079 221 143 102 135 165 190
0031 174 081 222 147 102 133 160 192
0032 173 081 222 148 099 130 162 186
0033 179 079 220 147 099 129 157 183
0034 173 088 221 141 095 131 143 171
0035 172 119 220 165 093 141 136 186
0036 175 145 227 194 094 163 135 203
0037 186 191 225 239 091 186 128 231
0038 190 206 237 239 093 195 129 238
0039 093 208 131 239 195 216 234 239
0040 098 215 126 239
