0000 151 198 189 238 055 200 084 238
0001 148 197 186 239 056 200 084 238
0002 156 188 191 239 055 201 085 238
0003 054 201 085 238 161 163 191 223
0004 054 201 085 238 162 152 199 193
0005 055 201 085 238 162 116 199 159
0006 161 077 191 124 055 200 085 238
0007 055 201 085 238 152 055 191 104
0008 055 201 084 238 153 041 186 097
0009 055 201 084 239 148 035 184 086
0010 055 201 084 239 150 034 184 088
0011 055 201 084 239 149 029 184 086
0012 147 032 183 084 055 200 084 239
0013 145 033 184 088 055 200 084 239
0014 144 034 190 086 055 202 084 238
0015 142 034 188 086 055 202 084 238
0016 140 036 186 085 055 203 084 238
0017 141 036 187 084 055 203 084 238
0018 141 037 185 084 054 203 084 238
0019 140 036 185 083 054 203 084 238
0020 136 033 184 084 054 203 084 238
0021 137 033 184 084 054 203 084 238
0022 137 034 184 083 054 203 084 238
0023 135 037 185 084 054 203 084 238
0024 054 201 084 238 135 036 183 084
0025 054 201 084 238 133 031 183 082
0026 055 201 084 239 135 035 180 086
0027 055 201 084 239 132 032 183 080
0028 055 200 084 239 135 027 182 080
0029 055 201 084 238 131 029 179 079
0030 055 201 084 238 132 028 183 080
0031 055 201 084 238 133 028 183 080
0032 055 201 084 238 131 029 178 082
0033 055 201 084 238 136 026 183 081
0034 055 201 084 238 133 029 179 083
0035 137 023 177 082 055 201 084 238
0036 137 024 176 080 054 201 084 238
0037 054 201 084 238 140 030 173 081
0038 136 029 177 080 055 202 084 238
0039 137 029 178 079 055 202 084 239
0040 135 028 178 084 054 203 084 239
0041 136 026 180 081 054 203 084 239
0042 136 027 178 084 054 203 084 239
0043 135 026 177 084 057 203 088 235
0044 136 029 174 088 054 203 084 239
0045 054 203 084 239 128 036 177 089
0046 054 202 084 239 141 059 188 105
0047 140 085 187 132 053 200 085 239
0048 147 125 193 167 053 201 085 239
0049 148 161 190 209 053 202 085 239
0050 149 186 187 239 053 204 083 239
0051 148 196 189 238 053 203 083 239
0052 149 196 190 238 053 203 084 239
0053 149 198 190 238 053 203 084 239
0054 150 200 190 238 053 204 084 239
0055 149 199 190 238 053 204 084 239
0056 149 199 190 238 053 204 084 239
0057 150 197 189 238 053 204 084 239
