0000 112 219 153 239
0001 113 220 154 239
0002 113 217 152 239
0003 114 211 163 239
0004 123 195 169 235
0005 139 153 196 193
0006 139 120 200 162
0007 152 076 210 122
0008 150 060 217 112
0009 154 045 220 097
0010 150 046 221 091
0011 149 043 222 089
0012 145 046 211 085
0013 149 045 214 083
0014 150 047 211 088
0015 145 050 211 090
0016 144 049 210 087
0017 147 052 215 091
0018 147 053 215 093
0019 145 053 211 095
0020 144 059 211 100
0021 142 080 212 121
0022 130 113 192 156
0023 131 136 186 179
0024 129 170 175 222
0025 124 201 169 236
0026 130 214 168 238
0027 125 212 166 239
0028 132 215 171 239
0029 128 214 169 239
