0007 132 214 192 239
0008 140 210 192 237
0009 147 190 204 236
0010 169 161 221 209
0011 207 142 240 190
0012 212 135 251 194
0013 197 099 237 174
0014 198 088 242 164
0015 216 080 259 155
0016 215 111 259 169
0017 195 100 237 166
0018 191 087 241 160
0019 211 085 253 153
0020 195 109 240 168
0021 193 092 238 167
0022 209 089 248 165
0023 202 116 240 179
0024 197 089 240 170
0025 202 088 245 159
0026 207 095 250 162
0027 208 106 248 177
0028 202 128 238 187
0029 191 158 229 209
0030 177 189 218 234
0031 173 209 205 239
