0008 161 203 190 235
0010 161 140 198 207
0011 157 122 213 187
0012 167 098 215 172
0013 163 086 215 166
0014 167 071 213 159
0015 167 069 213 156
0016 172 067 217 148
0017 172 065 212 144
0018 172 063 216 140
0019 170 063 214 147
0020 171 065 216 141
0021 170 067 216 141
0022 172 069 212 143
0023 173 066 213 144
0024 172 068 217 142
0025 172 069 217 142
0026 168 072 216 147
0027 169 072 217 149
0028 171 076 220 151
0029 171 076 219 151
0030 168 075 221 149
0031 171 077 222 151
0032 167 074 225 153
0033 172 078 226 149
0034 171 079 226 151
0035 168 079 224 156
0036 170 083 228 150
0037 170 084 224 151
0038 169 085 225 153
0039 169 086 225 152
0040 169 085 224 152
0041 167 089 227 151
0042 167 089 227 152
0043 169 086 225 153
0044 169 084 224 152
0045 169 083 223 152
0046 168 084 225 151
0047 168 084 224 152
0048 169 085 224 151
0049 169 085 224 150
0050 168 086 224 151
0051 168 086 224 152
0052 167 085 224 152
0053 167 085 223 152
0054 166 084 229 155
0055 167 086 228 154
0056 166 086 228 154
0057 166 087 228 154
0058 167 087 224 153
0059 166 087 224 152
0060 169 083 229 155
0061 166 088 230 155
0062 167 090 230 153
0063 168 087 231 153
0064 173 082 228 154
0065 167 086 229 153
0066 167 085 229 154
0067 168 086 226 153
0068 167 089 225 153
0069 167 088 225 153
0070 167 087 226 152
0071 167 088 225 153
0072 170 084 228 148
0073 168 087 225 153
0074 169 083 227 148
0075 168 083 227 148
0076 170 082 227 147
0077 170 080 228 155
0078 168 083 226 148
0079 170 080 228 156
0080 168 086 225 152
0081 172 078 226 153
0082 169 083 228 150
0083 170 083 227 150
0084 173 077 224 154
0085 172 081 226 150
0086 172 079 226 151
0087 174 076 224 155
0088 174 076 225 155
0089 173 077 225 156
0090 170 082 223 152
0091 172 077 224 154
0092 172 077 224 154
0093 170 080 226 151
0094 172 075 225 149
0095 172 079 224 148
0096 170 081 223 149
0097 169 081 224 149
0098 171 079 224 148
0099 173 082 224 150
0100 166 083 225 148
0101 169 083 222 155
0102 169 084 225 152
0103 171 082 227 149
0104 171 083 228 149
0105 171 090 228 152
0106 160 111 220 180
0107 160 136 192 184
