0000 102 142 146 191 185 207 218 238
0001 172 176 205 233 110 109 153 158
0002 109 104 156 150 158 151 204 203
0003 136 106 190 157 117 102 143 141
0004 139 104 187 154 124 102 148 145
0005 145 111 181 154 120 111 143 142
0006 144 108 182 159 122 108 145 146
0007 144 111 181 162 125 111 149 154
0008 143 110 178 161 126 112 147 153
0009 140 115 182 160 126 115 148 157
0010 124 112 146 152 143 112 177 160
0011 139 113 182 159 125 112 149 158
0012 140 115 181 159 125 110 149 156
0013 145 116 178 159 126 116 149 155
0014 125 116 149 156 145 118 178 160
0015 126 115 150 155 141 118 182 160
0016 126 117 149 155 149 118 182 160
0017 126 117 148 155 140 114 182 158
0018 124 117 149 157 146 118 177 159
0019 120 112 148 155 148 124 180 164
0020 148 125 181 168 119 112 151 156
0021 119 110 156 158 146 124 184 165
0022 122 110 154 153 147 125 186 168
0023 119 108 150 154 147 122 181 165
0024 149 122 181 163 115 103 155 153
0025 146 119 187 157 112 098 145 154
0026 147 110 185 148 112 101 144 146
0027 147 106 184 142 112 100 144 140
0028 143 103 185 139 112 091 145 139
0029 117 091 147 135 148 101 184 133
0030 145 100 185 131 106 091 147 134
0031 103 090 147 139 145 099 183 131
0032 106 094 147 138 144 100 180 132
0033 106 094 147 139 148 100 179 135
0034 105 089 149 133 146 099 177 138
0035 106 094 147 138 147 100 179 138
0036 107 090 147 136 148 098 179 136
0037 147 099 177 135 107 093 146 137
0038 105 092 146 140 147 095 176 133
0039 146 097 177 132 104 093 146 138
0040 146 097 177 132 105 088 146 136
0041 139 093 182 136 107 089 145 135
0042 103 090 146 134 142 097 180 136
0043 106 091 147 136 141 095 178 135
0044 108 093 147 138 142 097 179 136
0045 103 090 145 133 142 099 178 135
0046 106 090 145 135 145 098 176 135
0047 102 090 146 134 144 099 175 136
0048 108 088 147 136 145 098 175 136
0049 107 092 147 136 146 100 180 136
0050 107 088 144 143 145 105 188 144
0051 082 157 133 209 145 147 200 189
0052 168 186 209 238 074 190 117 237
0053 073 201 126 239 176 209 211 237
