0003 180 201 219 239
0004 184 149 227 213
0005 210 077 248 142
0006 189 064 218 118
0007 157 076 199 125
0008 161 078 202 125
0009 206 075 237 125
0010 207 083 242 137
0011 171 101 215 146
0012 165 104 216 148
0013 180 090 229 135 095 207 144 239
0014 198 075 238 119 118 130 162 172
0015 196 075 232 119 124 106 158 152
0016 189 075 233 125 128 097 162 145
0017 211 091 254 147 146 089 204 147
0018 140 138 204 207 212 146 281 195 265 166 302 208
0019 128 142 186 201 222 139 276 195 251 157 296 198
0020 124 148 182 205 220 142 280 196
0021 109 162 162 221 209 151 257 204
0022 201 167 256 215 095 180 144 232
0023 190 189 240 239
