0000 056 214 098 239
0001 061 212 099 236
0002 060 214 094 239
0003 060 214 094 239
0004 060 210 098 236
0005 060 210 098 236 163 219 206 238
0006 060 211 098 236 158 203 220 239
0007 179 163 222 229 060 211 098 236 156 165 192 208
0008 188 123 226 208 060 211 098 236
0009 188 106 230 187 061 211 098 236
0010 183 089 238 170 061 209 099 236
0011 187 082 235 158 061 209 099 236
0012 189 069 236 150 059 208 099 236
0013 191 053 235 136 059 210 093 239
0014 187 052 235 127 054 210 096 239
0015 184 052 237 125 055 210 097 239
0016 195 049 235 124 058 209 094 239
0017 196 047 236 126 056 210 097 239
0018 193 046 236 127 055 211 097 239
0019 192 051 234 124 054 210 097 239
0020 188 050 230 122 054 210 097 239
0021 184 048 234 121 056 205 100 237
0022 182 052 233 121 056 205 100 236
0023 189 045 228 116 056 205 100 236
0024 183 050 232 121 059 209 099 236
0025 183 046 225 122 059 210 099 236
0026 184 046 224 119 059 210 099 236
0027 176 045 228 118 059 210 099 236
0028 188 047 228 120 059 211 099 236
0029 189 048 227 121 059 211 098 236
0030 189 047 228 122 059 211 098 236
0031 181 048 231 125 059 210 099 236
0032 180 049 230 126 058 210 099 236
0033 183 046 226 130 056 213 098 239
0034 183 046 226 131 055 213 098 239
0035 181 050 230 126 055 213 098 239
0036 186 051 227 129 055 213 098 239
0037 179 049 230 129 055 213 098 239
0038 186 053 227 128 051 211 095 239
0039 186 053 227 128 051 212 095 239
0040 186 053 227 129 055 213 099 239
0041 187 053 227 129 056 214 099 239
0042 185 052 227 131 055 214 099 239
0043 183 047 225 132 055 215 099 239
0044 184 048 226 135 055 215 099 239
0045 183 048 226 135 055 215 099 239
0046 183 048 226 135 055 215 099 239
0047 183 047 226 134 055 215 099 239
0048 184 048 226 135 052 214 098 239
0049 185 054 227 131 052 214 098 239
0050 185 054 227 131 056 217 097 237
0051 182 045 226 136 056 217 097 237
0052 183 047 225 135 056 217 097 237
0053 183 047 225 136 056 217 097 237
0054 183 045 226 138 055 217 097 237
0055 182 045 226 137 055 217 097 237
0056 181 052 227 137 056 217 097 236
0057 182 047 225 136 056 217 097 237
0058 187 053 224 133 053 215 099 239
