0000 137 187 156 216 204 182 222 211
0001 205 183 223 212 145 186 162 217
0002 205 183 223 213 144 187 162 219
0003 205 182 223 213 147 190 164 218
0004 205 182 222 213 145 187 162 219
0005 204 183 222 213 144 187 162 219
0006 204 182 222 213 143 187 161 218
0007 204 183 222 213 139 188 155 216
0008 205 183 223 213 118 181 138 216
0009 204 183 221 213 092 175 127 211
0010 071 155 097 182 204 182 222 213
0011 054 118 091 138 205 182 222 212
0012 050 079 082 106 206 182 222 210
0013 050 052 085 083 206 181 223 210
0014 053 034 092 069 206 182 223 210
0015 053 023 093 062 206 183 222 210
0016 054 022 094 061 205 182 221 212
0017 056 023 094 062 204 182 221 213
0018 054 024 094 059 205 182 221 213
0019 054 026 094 062 205 182 221 213
0020 053 028 093 063 205 182 221 213
0021 052 029 092 064 206 186 224 212
0022 051 033 095 066 205 182 222 212
0023 055 029 093 064 206 188 224 215
0024 053 030 095 065 205 183 222 212
0025 052 033 094 067 205 183 222 212
0026 052 037 092 069 204 183 221 212
0027 050 035 089 069 204 184 222 212
0028 060 045 088 074 204 185 222 215
0029 203 188 221 217 082 070 105 104
0030 112 126 134 158 203 187 221 217
0031 130 171 149 197 203 185 221 216
0032 141 182 161 215 204 183 221 214
0033 204 182 222 214 142 184 160 214
0034 205 183 222 214 143 187 162 211
0035 204 183 222 214 138 183 156 212
0036 141 186 160 217 203 183 221 214
0037 202 185 221 215 141 187 160 221
