0012 244 217 284 239 092 220 127 238
0013 253 196 297 237
0014 243 123 277 174
0015 225 078 260 143
0016 193 050 239 116
0017 165 050 219 106
0018 160 053 214 107
0019 157 055 211 112
0020 157 059 208 115
0021 155 061 207 121
0022 154 061 204 119
0023 154 061 204 119
0024 156 064 203 122
0025 156 063 203 124
0026 154 060 206 119
0027 151 059 203 117
0028 158 055 213 113
0029 175 050 219 117
0030 205 077 246 143
0031 223 096 263 167
0032 239 136 282 203
0033 246 192 289 239
0034 089 220 126 238
0035 092 220 127 239
0036 093 213 129 239
0037 097 216 124 239
