0000 117 206 154 238
0001 124 206 154 239
0002 126 194 161 239
0003 129 175 176 229
0004 145 158 196 200
0005 150 132 204 172
0006 158 107 214 145
0007 163 101 219 142
0008 163 092 217 135
0009 163 094 219 135
0010 160 092 221 135
0011 159 089 217 134
0012 162 088 217 131
0013 167 090 219 132
0014 163 090 220 133
0015 162 089 215 133
0016 160 089 214 132
0017 156 093 208 134
0018 150 105 195 145
0019 135 125 178 164
0020 132 150 170 196
0021 126 175 159 229
0022 122 183 159 239
0023 122 203 154 239
0024 125 212 159 238
0025 123 208 158 239
0026 123 213 158 236
0027 123 214 157 236
0028 123 214 158 236
