0000 102 216 123 239 193 220 211 239
0001 182 204 204 235 123 183 155 217
0002 154 117 194 148 123 131 175 169
0003 123 102 164 130 169 093 197 125
0004 123 088 160 115 163 083 197 121
0005 124 088 165 114 164 083 196 120
0006 121 084 159 118 162 081 197 120
0007 120 084 159 118 164 081 194 122
0008 120 084 160 119 163 081 192 122
0009 123 088 164 114 163 080 193 121
0010 123 088 164 113 163 081 193 121
0011 124 088 163 114 163 079 194 122
0012 165 081 196 123 124 089 162 114
0013 162 079 199 122 124 088 163 114
0014 123 090 163 114 163 083 193 120
0015 124 090 163 114 162 083 193 120
0016 163 083 192 120 128 090 163 119
0017 162 080 194 121 123 086 166 118
0018 163 079 198 119 123 089 162 116
0019 167 093 208 129 116 115 168 162
0020 155 196 188 234 151 150 199 208
0022 184 202 206 234 090 220 111 239
0023 092 217 113 239
0024 099 219 119 239 186 205 204 238
