0000 110 206 162 239
0001 114 195 163 236
0002 127 159 186 202
0003 137 118 202 162
0004 151 085 216 131
0005 153 063 227 114
0006 161 051 225 095
0007 155 043 226 089
0008 155 049 223 091
0009 156 052 226 093
0010 156 051 228 094
0011 154 048 227 092
0012 153 051 224 094
0013 150 052 219 095
0014 149 053 219 094
0015 149 053 225 097
0016 151 048 227 098
0017 149 050 223 098
0018 147 059 225 104
0019 141 071 208 112
0020 131 107 186 154
0021 122 132 172 179
0022 114 176 164 224
0023 115 193 154 235
0024 110 207 162 238
0025 109 207 164 239
