0003 146 213 194 239
0004 198 192 228 237 165 177 221 214
0005 187 135 253 171
0006 196 110 269 143
0012 245 097 288 121
0013 249 118 293 143
0014 248 144 293 170
0015 253 156 291 176 211 142 289 177
0016 250 151 293 174
0017 249 144 293 165
0018 258 128 288 149 221 125 294 157
0019 227 105 296 138 258 107 288 129
0020 220 099 291 128
0022 230 113 299 142
0024 264 153 296 175
0025 259 152 299 176
0026 265 152 295 173
0027 266 154 296 175 217 144 267 172
0028 265 154 296 175 221 144 270 172
0029 259 151 301 174 216 144 268 172
0030 260 149 300 172
0031 219 141 299 232
0032 201 147 261 179 214 166 278 232
0033 183 168 231 209 199 186 236 239
0034 152 210 195 239
