0005 197 212 219 239 082 219 113 239
0006 076 146 112 179 211 113 253 145
0007 083 072 117 117 220 031 249 076
0008 083 022 118 075
0009 107 008 156 030 095 019 125 061
0010 102 014 149 038
0011 097 014 149 044
0015 093 021 121 064
0016 098 022 126 062
0018 092 027 121 064
0029 148 010 187 037 089 031 118 064
0030 064 073 100 117 216 063 239 099
0031 227 180 254 217 057 174 092 210
0032 182 220 204 239 078 220 100 239
0034 177 221 199 239
0035 187 223 208 239
0036 187 224 207 239
0038 178 219 199 239
