0000 119 200 156 237
0001 117 204 157 237
0002 124 204 154 239
0003 118 203 156 238
0004 118 203 156 238
0005 119 203 157 238
0006 119 203 156 238
0007 119 203 157 238
0008 119 203 157 238
0009 120 200 156 238
0010 120 200 156 238
0011 120 200 156 237
0012 119 201 157 237
0013 120 200 158 237
0014 120 200 157 237
0015 120 199 158 238
0016 120 199 158 237
0017 120 199 158 237
0018 120 199 158 238
0019 120 200 157 238
0020 120 200 158 238
0021 121 200 157 238
0022 121 200 157 238
0023 120 201 156 238
0024 117 201 158 238
0025 117 200 158 238
0026 117 201 158 238
0027 117 200 158 238
0028 119 201 157 238
0029 117 201 158 239
0030 117 201 158 239
0031 117 201 157 238
0032 117 204 159 238
0033 119 198 163 236
0034 120 198 154 239
0035 112 178 157 220
0036 128 136 158 170
0038 144 085 171 135
0039 143 084 179 129
0040 152 085 183 127
0041 152 083 201 132
0042 137 091 197 138
0043 087 101 134 140
0044 069 095 126 135
0045 083 096 132 133
0046 092 092 152 123
0047 156 119 181 155
0048 183 091 234 137
0049 164 092 218 139
0050 112 110 152 148
0051 060 092 113 132
0052 063 092 109 130
0053 066 091 124 131
0054 104 092 152 130
0055 166 091 209 140
0056 164 099 219 153
0057 148 126 191 181
0058 127 168 169 209
0059 116 185 156 233
0060 120 195 153 239
0061 124 202 153 239
0062 124 203 153 239
0063 124 202 154 239
0064 120 202 156 238
0065 120 202 156 238
