0007 145 222 181 239
0008 147 202 195 238
0009 173 161 214 205
0010 189 115 228 159
0011 195 082 230 132
0012 199 062 235 122
0013 197 050 236 109
0014 200 048 230 101
0015 198 049 230 105
0016 190 045 229 106
0017 194 043 230 105
0018 188 044 229 106
0019 193 057 232 103
0020 194 056 234 102
0021 195 048 233 099
0022 199 053 230 102
0023 198 053 228 100
0024 195 044 229 105
0025 195 042 233 101
0026 196 055 233 095
0027 195 041 232 101
0028 200 053 230 099
0029 198 052 231 107
0030 194 055 234 112
0031 189 090 228 135
0032 182 125 222 169
0033 164 171 207 219
0034 146 202 194 239
0035 145 217 182 238 044 224 088 239
0036 047 224 090 239
0037 046 223 089 239
0038 043 224 085 239
