0000 094 203 115 236
0001 095 203 116 235
0002 095 202 116 235
0003 096 202 117 237 175 195 195 230
0004 096 202 117 236 216 181 246 217
0005 095 203 116 236 238 144 280 172
0006 096 201 117 235 247 106 295 134
0007 097 202 115 232 252 091 295 115
0008 253 076 303 104 096 203 118 236
0009 254 072 300 098 095 199 113 231
0010 254 078 299 106 093 202 114 235
0011 248 100 295 129 096 201 117 232
0012 237 143 279 177 094 202 114 236
0013 092 200 115 230 218 173 254 209
0014 096 202 116 235 196 189 220 226
0015 096 202 115 235
0016 095 202 114 236
0017 095 197 113 230
