0000 192 202 214 235 119 205 141 236
0001 193 202 215 236 118 205 140 236
0002 112 200 136 236 191 202 214 238
0003 192 200 216 237 106 195 126 228
0004 194 201 218 237 099 188 120 217
0005 092 174 115 209 198 199 217 231
0006 196 201 218 237 091 159 118 190
0007 197 198 219 235 094 153 120 185
0008 197 197 219 236 098 148 127 186
0009 102 155 127 196 195 202 217 238
0010 195 198 218 236 109 169 133 210
0011 196 197 218 234 123 189 147 227
0012 195 196 219 236 127 197 150 235
0013 197 194 221 235 130 205 156 239
0014 199 195 224 234 149 214 175 239
0015 199 193 221 234 153 200 199 236
0016 188 193 227 228
0017 201 196 223 230 184 160 226 192
0018 199 192 223 229 192 133 225 169
0019 185 123 224 159 201 194 223 230
0020 201 195 223 232 186 120 219 154
0021 201 195 223 232 187 120 220 153
0022 201 196 224 233 180 125 223 158
0023 200 196 224 236 180 128 222 159
0024 202 195 224 234 178 128 223 160
0025 200 195 224 234 170 136 215 161
0026 202 200 224 234 157 139 201 172
0027 144 165 175 195 202 200 222 236
0028 201 201 222 235 131 171 171 209
0029 201 200 222 235 124 187 150 228
0030 116 191 137 232 201 197 221 231
0031 201 200 221 235 114 195 134 233
0032 199 198 222 237 116 196 134 231
0033 195 200 219 235 119 196 138 229
