0000 156 213 180 239 097 218 117 239
0001 155 215 181 239 100 213 117 236
0002 158 215 181 239 101 213 119 236
0003 097 216 118 239 161 215 180 237
0004 161 215 179 237 093 216 114 239
0005 073 208 100 238 159 216 183 239
0006 050 195 075 225 160 216 185 239
0007 159 213 189 238 027 174 055 201
0008 011 149 037 170 163 215 186 239
0009 165 215 188 239 008 130 032 156
0010 000 110 035 138 165 216 189 239
0011 003 099 029 121 166 215 189 239
0012 004 087 031 113 166 217 191 239
0013 166 218 190 239 004 087 034 115
0014 003 087 030 112 167 219 191 239
0015 003 088 030 113 168 215 195 238
0016 002 088 029 113 177 212 203 239
0017 003 087 029 113 191 206 210 236
0018 202 188 229 220 000 085 033 115
0019 204 146 239 177 003 085 028 112
0020 203 126 238 158 001 083 032 108
0021 192 088 217 120 000 083 031 107
0022 175 070 202 107 000 082 031 107
0023 001 082 032 108 152 070 189 106
0024 000 082 033 115 142 074 171 124
0025 000 083 033 116 135 095 165 131
0026 003 087 029 114 120 120 151 146
0027 004 085 028 114 087 146 132 170
0028 078 142 121 164 004 085 028 114
0029 001 086 032 119 081 124 111 147
0030 001 086 032 119 087 091 125 117
0031 100 076 135 107 003 087 028 114
0032 114 065 141 097 000 084 034 115
0033 122 057 147 090 000 084 035 114
0034 000 083 034 115 135 061 170 106
0035 138 068 171 117 003 088 035 113
0036 003 084 035 112 129 101 167 137
0037 001 082 032 113 130 114 165 148
0038 000 083 033 114 157 143 186 170
0039 001 081 033 113 185 144 210 172
0040 204 132 230 162 001 086 033 119
0041 212 114 242 146 000 086 032 116
0042 208 088 246 123 000 086 032 116
0043 197 058 222 099 000 086 033 116
0044 184 047 209 087 004 087 029 113
0045 147 043 179 094 000 087 033 116
0046 004 087 029 113 133 071 173 110
0047 002 085 033 120 111 084 137 114
0048 001 086 037 117 095 126 128 146
0049 003 085 031 113 085 137 128 165
0050 003 089 031 116 089 137 122 161
0051 003 089 031 116
0052 003 087 030 113 097 088 134 117
0053 109 075 135 103 003 089 032 117
0054 003 088 030 113 125 054 149 088
0055 140 053 174 103 002 088 030 113
0056 002 087 030 114 142 055 182 099
0057 002 087 030 114 158 065 185 105
0058 170 085 196 126 002 088 031 118
0059 172 111 197 140 001 084 035 114
0060 003 093 030 120 158 140 186 170
0061 001 090 034 119 147 141 189 175
0062 001 092 036 120 124 133 163 160
0063 002 093 031 120
0064 102 095 140 123 004 098 030 125
0065 001 098 035 126 103 097 145 128
0066 004 101 031 125
0067 001 102 032 129 098 143 135 164
0068 003 103 031 128 100 144 137 170
0069 002 102 033 129
0070 003 102 033 129 150 120 185 152
0071 005 101 035 130 165 132 189 168
0072 009 103 042 130 161 153 196 194
0073 019 105 053 138 169 172 195 209
0074 170 204 192 236 036 125 071 156
0075 053 155 079 177 171 215 191 239
0076 173 214 191 236 071 181 094 209
0077 075 194 098 223 171 212 193 239
0078 083 207 105 236 172 214 193 239
0079 087 209 107 238 170 215 191 239
0080 091 213 110 237 167 216 193 239
0081 093 214 112 239 168 215 190 239
0082 165 215 188 239 096 213 115 239
0083 097 212 115 236 165 216 187 239
0084 165 215 187 239 100 214 118 236
0085 166 216 189 239 100 213 120 239
0086 166 215 189 239 099 213 119 239
