0000 112 195 136 229 197 204 216 234
0001 113 199 136 231 197 202 215 234
0002 114 196 135 227 198 204 215 234
0003 114 189 135 221 197 202 215 232
0004 109 165 132 197
0006 118 073 149 111 170 075 208 101
0007 119 032 154 072 160 037 201 068
0008 128 026 158 051 156 024 200 053
0009 128 017 162 048 159 025 201 049
0010 159 019 194 048 132 020 160 051
0011 128 023 159 056 157 026 199 054
0012 115 050 152 086 167 061 211 094
0013 114 075 152 113
0015 120 175 139 204 197 199 215 233
0016 121 189 142 222 195 201 215 231
0017 120 193 141 225 194 204 212 235
