0000 227 190 252 229 143 188 162 217
0001 228 190 252 229 143 188 163 218
0002 227 190 253 231 143 188 163 217
0003 223 189 250 233 143 188 164 218
0004 222 189 250 234 140 189 160 216
0005 226 192 252 231 141 186 163 216
0006 226 192 252 231 141 186 163 216
0007 223 189 250 233 141 187 163 216
0008 228 189 254 229 138 185 161 212
0009 226 186 257 230
0010 114 177 136 208
0011 095 166 123 196 263 183 287 220
0012 272 175 307 222 069 156 109 189
0013 284 172 319 214 063 150 096 177
0014 045 143 088 169 291 159 319 197
0015 047 142 090 169 291 159 319 199
0016 045 144 089 176 283 162 319 208
0017 054 156 099 185 266 162 312 217
0018 246 168 287 231 077 158 109 198
0019 098 171 126 216 222 174 256 228
0020 204 177 236 234 120 177 143 218
0021 188 177 225 238 131 178 157 224
0022 177 176 210 228 135 178 161 222
0023 174 170 207 225 137 176 162 222
0024 166 167 200 222 138 176 164 212
0025 167 165 197 213 142 175 170 217
0026 163 164 194 215 141 173 165 210
0027 164 164 193 215 141 171 169 217
0028 163 165 192 215 143 174 165 211
0029 161 165 192 219 143 171 170 218
0030 148 168 192 221
0031 159 165 193 223 144 171 173 217
0032 159 165 194 219 144 170 172 216
0033 157 166 193 219 143 170 173 216
0034 160 164 199 223 144 171 170 218
0035 165 166 202 219 137 172 164 217
0036 179 172 215 225 124 173 149 219
0037 104 175 133 216
0038 088 178 122 215 240 188 275 239
0039 251 191 286 239 093 177 120 211
0040 258 186 288 236 100 175 124 213
0041 250 187 285 234 112 179 134 213
0042 247 185 274 229 123 182 144 218
0043 132 186 152 219 238 190 262 228
0044 142 185 161 224 233 193 257 233
