0004 050 209 091 239 111 222 151 239
0005 102 199 151 239 048 188 094 239
0006 111 175 153 225 050 165 091 228
0007 054 163 095 217 108 162 143 215
0008 106 148 142 204 059 155 099 204
0009 103 148 139 203 063 150 104 202
0010 100 145 137 208 072 152 107 209
0011 100 155 131 216 067 153 102 215
0012 097 161 130 225 066 159 102 226
0013 096 161 128 229 066 162 101 224
0014 095 162 128 231 061 163 099 226
0015 093 165 131 231 065 161 100 224
0016 092 165 130 232 064 160 100 225
0017 092 163 130 231 064 165 103 229
0018 093 157 132 226 066 162 100 222
0019 095 155 129 219 061 155 101 218
0020 101 151 134 199 063 153 101 201
0021 105 163 149 209 054 157 104 203
0022 106 185 154 229 049 176 097 217
0023 112 198 156 236 044 191 093 233
0024 112 214 159 238 044 215 089 239
0025 107 221 148 239
0026 110 222 149 239
