0000 142 220 179 239
0006 228 174 276 222
0007 213 139 262 188
0008 196 117 252 168
0009 183 103 236 162
0010 178 103 227 160
0011 175 103 228 159
0012 175 100 225 156
0013 174 104 228 162
0014 171 101 224 161
0015 174 104 228 162
0016 174 104 228 162
0017 174 104 228 162
0018 173 104 228 162
0019 174 104 228 162
0020 171 105 224 161
0021 175 098 226 165
0022 181 102 226 163
0023 183 109 240 167
0024 205 138 254 191
0025 222 190 276 237
0026 146 210 197 236
0028 146 218 180 238
0029 147 218 179 239
