0008 138 200 195 236
0009 123 144 178 196
0010 097 111 163 169
0011 090 097 143 148
0012 083 084 133 139
0013 077 084 128 136
0014 073 076 126 133
0015 074 076 122 126
0016 073 074 116 131
0017 066 077 119 131
0018 066 079 117 134
0019 063 084 115 133
0020 065 082 116 131
0021 064 081 116 132
0022 068 079 115 135
0023 068 080 115 135
0024 067 079 116 134
0025 067 077 116 134
0026 067 076 117 134
0027 068 077 117 135
0028 069 080 119 138
0029 076 094 133 150
0030 087 121 141 173
0031 098 146 150 199
0032 111 201 169 239
