0010 104 214 174 239
0011 063 199 097 239 095 202 144 237
0012 096 179 144 221 073 180 102 226
0013 097 165 143 205 075 158 113 203
0014 101 152 145 191 077 148 110 195
0015 103 152 144 191 074 150 114 192
0016 086 150 145 190
0017 099 150 143 190 078 148 113 192
0018 101 152 146 191 078 151 111 190
0019 100 157 143 193 078 149 109 192
0020 102 158 144 194 078 154 115 198
0021 098 156 144 194 079 157 109 193
0022 098 156 144 194 079 157 108 193
0023 096 156 143 195 077 157 112 197
0024 097 157 143 197 075 152 107 198
0025 101 157 138 197 077 154 111 200
0026 101 158 143 198 074 152 107 198
0027 096 159 144 197 076 158 105 197
0028 096 159 143 198 079 158 105 198
0029 081 161 139 199
0030 098 159 142 197 078 157 113 199
0031 098 162 142 200 076 158 115 200
0032 100 162 142 200 079 160 108 201
0033 101 162 141 201 078 156 109 201
0034 094 160 139 197 080 158 109 198
0035 094 160 140 197 080 157 110 197
0036 096 160 141 198 073 156 110 198
0037 099 162 141 202 078 159 108 198
0038 098 165 143 205 080 159 107 203
0039 095 165 142 203 077 164 113 204
0040 077 170 143 208
0041 087 177 138 216
0042 097 182 137 222 075 182 102 224
0043 091 194 146 236 066 192 099 234
0044 064 206 097 239 092 211 141 237
