0000 133 208 173 239
0001 136 209 175 239
0002 136 209 175 239
0003 134 208 173 239
0007 138 182 190 230
0008 152 121 197 195
0009 153 081 203 152
0010 160 057 203 142
0011 163 038 205 119
0012 161 034 207 120
0013 160 040 201 113
0014 163 032 203 112
0015 159 037 202 116
0016 161 038 201 117
0017 161 035 204 116
0018 160 037 203 119
0019 161 038 203 120
0020 161 039 203 120
0021 161 038 203 119
0022 161 036 203 117
0023 161 036 204 117
0024 159 042 203 122
0025 156 050 195 126
0026 142 084 181 142
0027 119 132 168 184
0028 115 163 158 214 138 184 184 236
0029 103 217 142 237
0032 139 209 172 239
0034 137 210 172 239
0036 137 209 172 239
