0003 071 217 112 239
0004 074 205 112 236
0005 081 198 112 237 149 207 202 239
0006 142 192 192 239 085 193 112 238
0007 137 168 191 221
0008 125 149 189 201
0009 115 141 184 194
0010 114 141 178 208
0011 107 142 180 196
0012 106 141 178 200
0013 110 139 183 196
0014 112 141 182 196
0015 111 141 185 197
0016 117 143 187 197 112 129 152 171
0017 114 134 183 186
0018 131 129 173 187 163 141 198 174
0019 135 132 181 189 101 128 147 175 164 137 199 175
0020 127 128 204 181 088 130 146 168
0021 133 126 197 180 087 127 149 174
0022 128 125 200 181 085 136 139 179
0023 129 122 179 188 087 135 140 178
0024 138 122 188 180 108 125 143 173
0025 138 122 192 165 112 127 165 180
0026 132 122 180 186 085 132 139 173
0027 133 123 196 163 076 140 128 186
0028 124 128 196 175 075 140 130 187
0029 127 118 178 184 081 140 131 183
0030 129 125 175 189 093 134 140 180
0031 120 129 195 182
0032 119 125 191 183 084 137 137 175
0033 123 122 181 187 078 141 136 180
0034 128 118 179 187 088 137 132 176
0035 118 129 195 182
0036 079 142 126 181 128 124 186 182
0037 128 120 181 189 082 141 126 186
0038 118 125 185 175
0039 132 119 179 188 099 127 157 176
0040 079 140 128 184 128 126 197 164
0041 132 123 189 171 078 137 130 179
0042 110 125 177 183
0043 127 126 188 181
0044 133 127 178 189 093 134 142 184
0045 111 131 175 187
0046 118 133 177 197
0047 115 148 181 199
0048 115 160 185 213
0049 119 172 188 223
0050 123 178 187 226
0051 114 195 188 238
0052 141 196 192 239 109 203 145 239
0053 148 199 196 239 111 206 142 239
0054 159 201 206 239 105 204 150 239
