0000 169 217 192 239 091 213 116 238
0001 169 218 193 239 092 208 113 239
0002 092 209 113 239 174 214 192 236
0003 169 218 193 239 092 210 113 239
0004 170 214 194 237 091 206 111 235
0005 167 207 189 235 091 207 111 235
0006 160 200 185 239 091 210 113 239
0007 156 187 180 235 091 210 113 239
0008 149 171 181 221 091 210 112 239
0009 140 144 178 181 091 209 113 239
0010 091 210 113 239 137 129 176 161
0011 138 092 181 128 090 207 111 237
0012 155 069 194 113 093 210 113 239
0013 182 060 209 106 092 210 113 239
0014 193 067 220 113 170 118 197 152 092 209 113 239
0015 193 085 227 127 168 118 198 155 093 209 114 239
0016 190 096 228 134 090 213 116 237
0017 195 105 224 136 091 211 117 236
0018 189 105 226 139 090 207 114 237
0019 188 103 226 141 091 209 114 237
0020 188 102 226 141 092 210 118 236
0021 188 102 226 140 090 204 119 236
0022 187 102 226 141 091 207 116 236
0023 188 103 226 141 171 123 199 161 091 207 115 236
0024 195 103 223 138 091 209 115 239
0025 187 107 217 153 096 210 118 235
0026 182 123 212 168 093 210 116 239
0027 177 144 212 202 093 209 115 239
0028 177 179 206 235 091 209 114 239
0029 171 204 197 239 088 206 112 238
0030 169 218 189 239 091 209 114 239
0031 089 205 112 237 169 212 191 237
0032 091 209 113 239 165 219 188 239
0033 091 209 113 239 169 211 190 235
