0000 106 191 143 229 162 196 197 229
0001 105 185 145 220 162 193 195 226
0002 103 144 138 188 165 194 199 228
0003 102 134 138 175 165 193 199 228
0004 099 115 141 178 158 191 198 228
0005 094 108 146 165 163 193 196 228
0006 089 105 136 154 158 191 197 228
0007 088 100 134 158 158 190 197 228
0008 093 106 131 167 158 191 197 228
0009 091 106 134 154 158 192 197 228
0010 094 110 144 173 158 192 197 228
0011 098 113 139 178 158 192 197 228
0012 158 192 196 227 097 110 133 169
0013 095 118 148 183 162 197 201 228
0014 081 114 129 150 162 196 201 228
0015 083 113 129 151 162 197 200 228
0016 087 112 131 158 162 196 200 228
0017 093 107 132 152 161 197 199 228
0018 094 119 135 161 161 197 200 228
0019 162 197 200 228 101 132 135 170
0020 099 151 145 196 158 193 197 228
0021 102 177 144 216 161 197 201 228
0022 106 190 141 233 161 197 200 228
0023 105 193 142 235 161 197 200 228
