0000 090 168 110 197
0001 087 166 106 204
0002 175 173 193 208 087 170 107 203
0003 084 176 105 210 173 180 193 213
0004 169 176 196 217 078 178 101 214
0005 161 176 187 211 080 177 101 214
0006 159 169 189 214 078 181 100 217
0007 156 175 187 212 077 182 101 218
0008 162 184 185 212 072 183 094 219
0009 160 184 186 221 062 183 086 213
0010 176 184 200 225
0011 035 170 067 199 201 167 228 217
0012 009 155 061 191 223 172 262 210
0013 005 153 048 180 236 155 277 188
0014 003 147 042 167
0015 001 136 044 161
0016 002 119 059 154
0017 001 123 048 152
0018 001 115 049 144 053 093 098 124
0019 057 094 102 123 002 107 060 144
0020 056 093 103 123 002 107 062 143
0021 056 091 104 122 001 115 039 140
0022 057 090 104 123 001 116 044 148
0023 004 123 044 145 057 090 106 123
0024 001 118 040 141 053 092 101 125
0025 001 114 049 146 205 094 257 131 247 115 277 141
0026 244 117 282 144 002 113 054 146 204 095 254 133
0027 246 116 285 145 002 113 053 148
0028 246 119 279 146 003 130 038 151
0029 001 128 049 154 246 120 280 147
0030 001 131 039 158 245 120 281 149
0031 239 118 288 148 001 131 051 159
0032 003 129 052 160 240 118 290 148
0033 003 132 051 164
0034 005 135 045 159
0035 005 136 048 158
0036 003 133 056 161 252 129 298 161
0037 003 131 053 159 253 130 298 161
0038 003 131 053 159 255 126 301 163
0039 002 130 055 160 251 123 297 161
0040 004 132 053 161 250 123 295 161
0041 254 126 300 164 003 129 048 164
0042 007 131 053 163 263 130 297 164
0043 007 130 053 165 260 134 301 163
0044 014 135 057 163 262 134 302 161
0045 011 134 053 163 265 126 298 164
0046 018 127 070 165 264 127 297 164
0047 013 130 059 165 263 131 298 166
0048 011 132 055 165 264 129 297 166
0049 011 133 056 166 248 130 304 164
0051 033 164 067 196
0052 062 176 090 212 087 117 120 175
0053 090 188 111 219
0054 092 184 116 225 183 177 208 216
0055 193 179 211 219 078 192 103 223 176 119 208 178
