0000 109 194 143 235 154 190 199 219
0001 109 194 143 235 154 190 199 219
0002 109 194 142 235 154 190 199 219
0003 109 194 142 235 154 190 199 219
0004 108 195 142 235 155 190 199 219
0005 108 195 141 235 155 190 199 219
0006 104 196 145 237 155 190 199 219
0007 104 196 145 237 154 190 199 219
0008 104 195 145 237 154 191 197 218
0009 103 195 144 236 161 188 203 222
0010 103 194 145 239 169 177 203 221
0011 107 195 141 238 170 154 206 205
0012 102 195 145 236 164 130 197 183
0013 160 108 194 169 102 195 145 236
0014 151 089 188 153 103 195 145 236
0015 103 197 144 236 143 077 184 145
0016 103 197 144 236 142 079 183 141
0017 103 197 144 236 144 079 187 140
0018 103 197 144 236 143 081 187 142
0019 103 197 144 236 143 082 188 142
0020 102 194 144 236 144 085 186 146
0021 103 197 144 236 142 082 187 143
0022 102 197 143 236 142 081 187 143
0023 103 197 142 236 143 080 187 143
0024 106 195 140 237 145 081 185 143
0025 102 196 138 236 145 082 186 145
0026 099 195 127 239 144 081 183 143
0027 145 079 183 142 092 178 131 224
0028 095 170 142 212 145 079 182 143
0029 101 165 152 215 144 080 185 140
0030 111 159 163 211 145 080 186 141
0031 149 082 189 138 110 156 162 204
0032 150 084 192 139 112 151 159 199
0033 111 144 159 190 141 084 190 138
0034 109 142 160 183 132 119 191 150
0035 100 140 160 184 125 131 196 157
0036 099 145 156 190 134 132 197 157
0037 141 134 195 160 102 143 156 194
0038 104 145 157 192 131 135 193 158
0039 101 148 158 198 124 137 193 164
0040 097 145 156 196 137 135 200 162
0041 096 148 151 195 138 136 203 163
0042 103 148 155 199 136 138 195 164
0043 100 146 157 198 126 132 192 165
0044 096 150 150 200 135 138 194 163
0045 091 154 149 201 134 140 199 167
0046 094 151 148 198 141 140 198 167
0047 096 151 148 202 137 142 193 170
0048 098 152 153 201 134 145 200 170
0049 097 152 153 202 132 146 199 172
0050 138 144 195 171 098 152 151 199
0051 098 154 150 197 131 148 195 176
0052 128 149 194 177 109 158 146 205
0053 130 153 192 184 104 172 142 219
0054 127 151 198 189 103 178 138 216
0055 109 174 149 211 111 148 198 181
