0000 124 198 145 235 203 206 222 237
0001 125 195 145 230 204 201 223 234
0002 203 177 226 221 124 183 143 217
0003 201 150 225 198 125 164 146 198
0004 195 126 217 152 123 132 149 161
0005 193 117 215 139 125 122 151 147
0006 205 101 244 135
0007 090 108 124 140 223 105 268 140
0008 057 116 096 139 231 112 305 147
0009 039 123 085 151 271 121 308 151
0010 023 137 062 161 286 137 318 164
0011 024 140 066 167 293 136 318 170
0012 288 137 319 169 025 140 069 170
0013 030 140 072 172
0014 029 142 066 173 293 086 319 110
0015 030 143 065 172 278 045 309 078
0016 029 140 069 171
0017 029 141 069 171 224 019 254 050
0018 032 143 068 171 192 025 236 062
0019 194 036 222 067 030 145 074 173
0020 205 028 234 064 034 144 075 174
0021 228 023 251 057 032 143 077 176
0022 035 150 076 178 248 024 288 057
0023 278 043 308 073 035 153 075 179
0024 285 056 319 089 036 153 075 180
0025 287 064 319 095 035 152 071 179
0026 280 058 319 090 033 151 068 178
0027 274 047 314 081 028 151 068 178
0028 028 150 068 179 230 028 258 067
0029 201 035 229 076 034 152 063 179
0030 191 040 225 079 029 156 066 181
0031 032 159 060 184 196 041 222 079
0032 031 160 059 186 206 033 231 076
0033 217 028 245 078 029 157 068 186
0034 038 169 066 194 237 055 262 092
0035 052 178 082 204 228 088 272 131
0036 217 132 259 165 077 181 111 214
0037 095 185 127 217 209 158 238 198
0038 111 183 133 215 202 171 227 198
0039 114 168 136 195 203 157 226 186
0040 201 144 225 169 115 147 137 178
0041 196 141 221 164 113 139 137 168
0042 194 143 221 166
0043 189 157 218 187 118 152 140 185
0044 122 172 139 205 196 179 217 225
0045 122 186 140 219 197 201 216 233
0046 120 197 142 231 200 204 221 235
0047 120 196 143 235 199 201 219 235
0048 122 195 142 234 197 201 218 235
