0000 107 214 130 236 200 215 223 239
0001 104 214 127 239 197 217 221 239
0002 105 216 128 239 197 217 220 239
0003 106 207 130 239 206 219 228 239
0004 118 169 151 202 208 214 237 239
0005 180 171 219 233 140 112 184 148
0006 165 086 207 118
0007 110 076 158 112 176 079 213 111 157 089 199 144
0008 117 072 157 099 182 078 211 108 158 086 200 137
0009 124 074 166 101 176 082 210 112
0010 122 074 161 103 181 081 210 112
0011 125 077 158 105 181 081 212 114
0012 124 079 162 105 182 084 212 114
0013 118 076 160 103 175 082 213 115
0014 118 081 160 107 174 085 212 116
0015 112 085 155 115 179 090 211 122
0016 169 101 208 135
0017 143 173 183 233 153 125 201 151
0018 139 156 173 182 190 209 219 237
0019 124 163 155 198 208 219 233 239
0020 118 169 145 203 214 212 233 237
0021 119 173 144 208 212 208 234 239
