0000 099 107 155 151 139 129 185 179
0001 086 116 143 154 131 113 183 164
0002 087 116 139 162 135 087 188 128
0003 140 056 186 096 089 097 139 136
0004 090 086 147 120 155 046 196 091
0005 180 055 211 105 090 060 136 100
0006 085 040 126 093 182 074 211 114
0007 072 060 112 100 188 098 226 146
0008 062 104 109 161 184 107 217 167
0009 072 123 124 179 162 110 210 164
0010 080 115 133 165 151 107 190 152
0011 139 076 200 115 089 086 139 126
0012 147 060 198 101 091 068 133 109
0013 170 040 200 080 084 041 143 086
0014 192 047 218 089 069 030 115 088
0015 198 075 231 114 059 055 093 105
0016 056 097 103 148 190 106 231 151
0017 169 112 209 173 066 110 110 170
0018 079 102 130 146 152 096 203 141
0019 137 082 200 123 087 085 137 131
0020 147 061 204 100 087 063 146 106
0021 078 046 129 094 172 045 200 084
0022 071 048 119 093 179 062 219 103
0023 067 072 100 118 180 092 213 137
0024 069 107 108 157 168 110 205 161
0025 080 137 122 192 142 116 183 169
0026 131 120 178 164 088 145 130 203
0027 103 151 146 204 124 125 176 167
0028 108 151 151 205 121 134 171 175
0029 108 148 152 206 116 140 177 179
0030 115 146 155 209
0031 119 152 166 207
0032 126 160 178 219
0033 135 168 184 215 159 181 199 228
0034 138 167 188 212 159 187 206 229
0035 150 171 207 216
0036 166 178 219 220 139 161 174 194
0037 172 176 222 216 139 156 176 190
0038 179 172 235 211 141 150 177 183
0039 191 166 245 206 144 145 181 178
0040 141 142 188 181 201 159 252 200
0041 143 141 188 176 205 157 255 197
0042 142 139 188 177 205 159 255 197
0043 144 143 191 180 208 156 253 196
0044 192 151 246 191 139 147 190 186
0045 131 145 183 188 182 136 229 182
0046 117 154 170 193 164 141 206 178
0047 102 158 149 199 158 144 198 189
0048 089 170 137 211 159 165 193 196
0049 081 181 115 224 158 180 199 220
0050 078 184 118 224 165 183 197 223
0051 081 190 116 236 158 192 191 228
0052 081 197 119 235 163 192 193 229
0053 083 202 124 237 162 192 193 230
0054 084 204 127 239 161 193 194 233
0055 087 207 129 239 162 195 195 233
0056 089 208 130 236 163 195 195 233
0057 089 207 129 237 160 195 197 232
0058 163 195 195 234 089 206 129 236
0059 088 209 126 239 162 197 198 230
0060 158 199 198 231 087 206 130 236
