0009 160 201 217 237
0010 171 165 218 232
0011 168 135 211 207
0012 170 104 236 169
0013 178 093 237 157
0014 179 078 233 143
0015 180 066 230 145
0016 177 066 228 140
0017 177 067 225 135
0018 174 061 225 140
0019 173 061 220 135
0020 172 059 220 135
0021 173 059 222 137
0022 173 061 221 137
0023 173 061 221 136
0024 174 062 219 135
0025 173 061 219 134
0026 172 061 221 139
0027 172 063 220 138
0028 171 079 225 145
0029 158 100 227 165
0030 165 126 220 191
0031 159 139 219 207
0032 153 184 201 236
0033 142 213 182 239
