0000 196 202 236 239
0001 197 204 235 238
0002 195 202 237 239
0003 194 201 237 239 109 209 152 238
0004 196 203 236 238 093 204 133 237
0005 195 202 237 238 060 167 092 210
0006 037 124 089 176 194 203 237 238
0007 195 204 237 238 038 106 084 156
0008 195 204 237 238 041 092 086 142
0009 044 092 086 137 196 204 237 238
0010 045 090 087 136 195 203 238 238
0011 046 088 086 140 196 205 238 239
0012 195 205 237 239 046 089 087 142
0013 195 205 237 239 048 089 087 143
0014 195 205 237 239 046 091 087 143
0015 195 205 237 239 046 091 087 143
0016 196 204 237 239 046 091 088 143
0017 196 205 237 239 047 089 084 146
0018 196 205 237 239 047 091 088 143
0019 196 205 237 239 045 089 089 146
0020 045 091 089 147 195 205 237 239
0021 196 205 237 239 044 092 087 146
0022 196 205 237 239 044 095 086 148
0023 196 205 237 239 043 094 086 141
0024 196 205 237 239 044 096 088 143
0025 196 205 237 239 043 097 088 150
0026 044 115 088 164 196 205 237 239
0027 070 150 104 193 195 205 237 239
0028 196 206 237 237 094 177 129 221
0029 115 205 160 239 196 205 235 237
0030 196 205 236 238 123 216 171 239
0031 196 205 236 238 122 222 160 239
0032 195 205 236 238
0033 195 206 236 238
0034 195 204 236 238
0035 196 205 235 238
