0001 115 223 138 239
0007 112 215 137 239 202 223 222 239
0008 112 205 133 239 200 217 223 238
0009 186 202 212 236 119 183 139 211
0010 131 165 162 198 173 191 196 221
0011 146 165 195 219
0012 172 169 206 207 138 194 161 228
0013 178 179 215 213 129 201 153 236
0014 181 190 208 225 130 207 152 239
0015 175 193 203 227 127 208 151 239
0016 177 194 204 226 126 205 152 236
0017 181 188 210 224 125 201 150 234
0018 122 198 148 229 180 187 212 224
0019 179 186 214 219 121 199 146 229
0020 178 184 213 218 119 198 146 230
0021 175 188 210 222 122 201 149 227
0022 174 185 208 219 117 195 145 229
0023 174 185 207 218 117 195 147 228
0024 116 196 148 228 174 184 207 218
0025 180 187 208 220 117 194 146 225
0026 164 180 204 216 125 194 149 223
0027 141 178 193 215
0028 127 179 171 211 149 187 193 212
0029 184 196 213 225 111 188 132 216
0030 213 214 240 239 104 207 124 239
0031 102 219 126 239 217 220 242 239
0032 108 221 129 239
