0000 073 206 105 239
0001 070 205 106 237
0002 068 204 106 237
0003 068 203 106 237 122 213 168 239
0004 127 187 175 234 071 205 107 237
0005 071 209 111 236 134 149 186 199
0006 147 077 198 136 069 209 110 236
0007 158 044 202 112 070 206 110 236
0008 169 032 210 100 071 204 107 237
0009 167 024 214 094 072 206 105 239
0010 178 018 218 091 070 203 112 237
0011 180 014 219 088 070 208 109 236
0012 179 017 218 085 069 204 111 237
0013 176 017 216 090 069 204 111 237
0014 181 014 219 089 069 203 111 237
0015 178 015 217 089 069 203 111 237
0016 179 017 217 093 069 204 111 237
0017 179 026 215 098 068 205 114 237
0018 176 043 214 117 068 207 108 239
0019 166 126 215 180 069 205 113 237
0020 164 176 208 226 069 204 112 237
0021 163 193 208 238 069 204 112 237
0022 159 203 206 237 069 205 113 237
0023 163 203 204 238 067 206 112 237
0024 158 203 204 238 066 204 107 237
0025 158 202 205 238 073 210 104 239
0026 157 201 205 239 070 207 107 237
0027 158 203 202 239 068 208 107 237
0028 157 198 205 233 071 207 107 237
0029 159 197 208 237 071 207 107 237
0030 159 196 206 233 071 207 107 237
