0000 203 189 221 222 128 189 148 222
0001 199 193 219 223 126 187 147 221
0002 201 188 218 222 126 190 146 224
0003 199 187 217 221 126 188 147 224
0004 199 189 221 225 127 188 148 224
0005 199 189 221 225 127 188 148 224
0006 197 190 217 222 127 187 148 222
0007 197 186 220 223 128 187 151 223
0008 194 185 214 215 135 186 154 217
0009 140 169 165 207 182 167 206 208
0010 180 155 201 190 142 156 170 196
0011 145 143 170 186 174 135 208 174
0012 141 132 175 167 179 135 200 164
0013 144 118 180 155 177 118 202 152
0014 140 112 177 143 180 111 207 143 198 119 227 152
0015 149 109 179 134 176 100 201 133
0016 145 101 181 125 178 092 206 121
0017 145 085 178 112 183 078 208 104
0018 135 067 174 101 185 067 210 094
0019 193 055 220 090 130 059 158 096
0020 199 051 224 088 125 055 151 091
0021 203 050 227 087 124 053 147 088
0022 205 048 227 088 122 056 145 092
0023 121 053 145 091 208 049 228 084
0024 121 052 145 092 208 048 231 085
0025 212 048 234 085 121 051 144 090
0026 120 054 142 091 212 051 231 089
0027 120 054 143 091 212 047 233 086
0028 212 047 234 086 120 054 143 091
0029 212 048 234 086 120 054 143 092
0030 121 053 143 092 210 049 232 085
0031 121 053 144 091 211 049 233 085
0032 121 053 144 092 211 048 233 085
0033 121 050 145 093 210 052 232 086
0034 205 050 226 086 124 051 145 092
0035 203 053 230 089 126 054 148 093
0036 129 060 152 089 203 055 226 088
0037 136 061 160 088 197 056 219 089
0038 187 064 210 093 140 063 163 093
0039 145 071 170 102 181 074 207 103
0040 144 082 177 110 176 086 201 114
0041 176 098 199 124 146 093 179 120
0042 171 111 200 133 152 103 174 127
0043 172 118 208 146 151 109 175 137
0044 177 130 205 157 142 118 178 148
0045 171 138 206 165 139 134 180 156
0046 144 139 185 163 173 146 201 175
0047 169 155 207 185 136 146 181 177
0048 139 160 180 191 174 165 204 196
0049 175 176 206 210 142 176 166 205
0050 183 188 205 217 133 184 156 221
0051 193 189 213 218 127 190 150 225
0052 119 189 143 224 201 188 222 221
0053 115 185 137 219 207 185 226 218
0054 116 188 138 217 210 188 231 218
0055 117 184 139 223 209 189 230 218
0056 208 185 226 216 121 187 143 222
0057 200 189 217 219 126 189 146 220
