0000 097 207 119 236 175 191 197 228
0001 097 207 119 236 175 191 197 228
0002 096 208 119 236 175 191 197 228
0003 097 208 119 236 176 188 197 225
0004 097 208 119 236 175 174 200 212
0005 096 207 120 237 156 114 194 146
0006 144 074 184 108 096 207 120 236
0007 096 206 119 236 131 056 180 097
0008 096 206 119 235 154 032 187 078
0009 178 020 216 071 096 207 118 236
0010 192 018 230 068 096 207 118 236
0011 192 018 222 066 096 207 118 236
0012 155 008 189 060 096 207 118 235
0013 135 013 169 060 096 207 119 235
0014 137 016 169 060 096 208 119 235
0015 168 013 197 052 096 208 118 236
0016 200 008 229 056 096 208 117 235
0017 197 008 228 061 096 208 118 235
0018 167 015 198 064 096 207 118 235
0019 148 020 184 064 096 206 118 234
0020 146 027 185 059 096 206 118 234
0021 187 016 214 066 096 207 117 235
0022 191 016 221 066 096 207 117 234
0023 169 023 200 073 096 207 118 234
0024 157 024 183 071 096 206 118 234
0025 168 019 199 068 095 205 117 234
0026 194 023 223 069 094 206 117 236
0027 195 022 238 069 094 207 117 236
0028 172 024 204 075 094 206 118 236
0029 094 206 118 236 157 034 184 072
0030 095 206 117 236 163 025 191 073
0031 096 212 119 239 177 030 202 078
0032 096 208 115 235 188 053 217 102
0033 200 105 227 145 095 207 118 237
0034 095 206 118 236 195 170 222 196
0035 095 208 118 237 181 183 202 218
0036 096 207 119 236 175 192 194 227
0037 096 207 120 236 175 185 197 225
0038 096 207 120 239 178 193 197 227
0039 096 207 121 238 177 191 196 227
0040 176 189 197 228 096 207 121 239
0041 175 190 196 230 096 208 120 236
