0000 095 186 116 220 189 191 211 221
0001 187 189 206 222 099 186 119 217
0002 185 187 208 223 105 184 127 217
0003 183 181 207 220 111 187 132 219
0004 174 169 204 211 112 184 133 212
0005 117 177 145 208 157 157 198 191
0007 110 121 177 151
0008 107 108 160 147
0009 112 105 160 144 160 137 200 162
0010 110 107 157 149
0011 115 115 160 151
0012 113 120 183 156
0013 136 122 191 158
0014 151 124 204 152 126 133 161 162
0015 158 123 213 151 120 135 156 160
0016 156 122 207 148 126 134 160 163 085 124 151 159
0017 136 123 190 152
0018 119 122 184 151
0019 102 118 185 156
0020 104 115 173 150
0021 109 116 159 149
0022 100 114 175 149 175 101 216 140
0023 102 116 181 152
0024 124 122 192 154
0025 152 121 199 148 120 130 152 159
0026 157 124 212 152 091 126 148 157
0027 159 125 208 150 104 126 149 159
0028 148 118 201 145 120 132 161 159
0029 124 120 191 154
0030 123 120 173 157
0031 116 125 177 158
0032 112 126 177 159
0033 107 127 168 163 141 149 181 173
0034 113 132 164 168 136 154 182 182
0035 111 136 169 173
0036 115 141 168 174 134 159 179 186
0037 123 148 169 183
0039 131 161 168 208
0040 131 165 168 212
0041 137 171 173 216
0042 120 186 143 221 139 174 185 214
0043 146 173 189 215 109 187 134 217
0044 153 167 194 212 103 186 126 219
