0000 146 191 187 237 094 194 140 239
0001 146 186 182 229 090 193 140 239
0002 134 165 176 208 094 194 139 239
0003 094 193 139 239 134 126 169 171
0004 094 194 139 239 132 101 166 150
0005 130 068 174 128 093 193 140 239
0006 127 056 170 117 093 193 140 239
0007 092 194 140 239 128 043 165 112
0008 092 194 140 239 129 049 167 110
0009 093 194 140 239 129 044 163 107
0010 092 193 140 239 124 048 159 106
0011 092 194 140 239 124 050 163 107
0012 089 195 137 239 125 043 161 107
0013 092 193 140 239 123 049 165 111
0014 092 193 140 239 124 052 165 114
0015 092 193 140 239 125 052 164 113
0016 092 193 140 239 124 053 163 113
0017 093 194 139 239 128 046 160 108
0018 093 193 139 239 128 045 160 107
0019 093 193 139 239 122 049 159 109
0020 093 193 139 239 123 050 161 113
0021 093 194 139 239 128 045 159 107
0022 093 193 139 239 124 050 160 111
0023 093 193 139 239 123 048 161 112
0024 089 194 137 239 122 050 162 109
0025 089 194 138 239 125 052 163 109
0026 124 052 160 110 089 194 138 239
0027 089 194 138 239 126 051 165 111
0028 089 194 138 239 128 047 165 113
0029 094 193 140 239 122 059 165 124
0030 094 197 140 239 129 092 171 145
0031 131 133 175 179 094 193 140 239
0032 093 194 141 239 141 167 179 213
0033 136 188 176 235 090 196 137 239
0034 140 197 184 237 094 196 138 239
0035 145 196 179 239 089 192 138 239
0036 145 198 179 239 091 186 140 234
0037 143 199 180 239 090 184 133 228
0038 140 197 178 239 079 182 124 224
0039 138 198 183 239 068 185 108 235
0040 138 198 183 239 064 195 111 238
0041 137 197 183 239 064 199 111 239
0042 137 197 183 239 062 202 109 239
0043 137 197 183 239 061 202 110 239
0044 137 196 183 239 060 201 110 239
0045 137 196 183 239 061 204 111 239
0046 137 196 183 239 061 203 111 239
