0000 187 197 209 229 103 199 122 233
0001 190 199 213 233 099 197 121 232
0002 189 201 210 231 102 200 121 234
0003 189 200 208 230 101 198 123 234
0004 184 196 206 229 102 199 124 233
0005 103 199 125 232 182 196 204 232
0006 103 199 124 229 183 192 204 225
0007 105 192 126 225 179 188 202 222
0008 105 179 127 211 158 201 189 236
0009 099 163 122 197
0010 085 140 112 174 184 126 225 166
0011 213 109 251 152 059 119 095 157
0012 031 106 070 142 246 089 284 131
0013 006 092 051 124 268 073 316 099
0014 263 066 312 098 007 085 049 115
0015 007 084 045 113
0016 006 085 040 113 252 064 316 101
0017 012 086 041 113 122 065 145 103
0019 014 132 043 167 257 119 312 154
0020 012 136 057 182 261 134 312 171
0021 007 138 047 175
0022 006 135 046 172 266 127 314 165
0023 021 139 052 178 262 130 300 170
0024 045 145 072 184 226 130 263 176
0025 068 156 092 194 207 154 234 201
0026 190 178 214 218 081 170 115 211
0027 093 183 127 222
0028 103 196 124 230 187 197 208 231
0029 108 197 129 233 186 195 210 230
