0000 111 183 131 217 193 172 215 209
0001 111 182 131 215 193 170 215 212
0002 111 183 131 215 194 175 214 212
0003 111 182 131 214 193 169 215 210
0004 113 184 131 215 196 169 218 209
0005 112 186 131 217 194 172 215 210
0006 111 185 131 216 196 168 218 210
0007 112 186 131 216 195 174 214 208
0008 110 183 128 213 202 175 223 210
0009 096 179 118 209 221 167 245 208
0010 243 152 278 181 071 158 105 188
0011 063 116 104 147 257 106 293 130
0012 070 058 105 103 249 055 287 093
0013 216 011 241 056 112 014 148 055
0014 143 014 171 041 178 009 213 051
0015 157 016 195 052
0016 146 019 193 057
0017 149 018 194 057
0018 181 009 217 050 155 019 182 043
0019 124 012 163 046 221 010 248 048
0020 083 021 119 063 254 046 292 084
0021 057 036 090 080 264 077 304 105
0022 048 044 083 083 263 077 298 104
0023 052 037 088 080 265 067 300 094
0024 087 011 112 046
0025 214 009 241 045 123 010 149 037
0026 155 009 200 042
0027 147 016 192 055
0028 142 016 185 053
0029 157 006 196 037
0030 139 009 171 036 193 006 221 034
0031 207 005 235 039 130 010 161 039
0032 223 012 260 055 107 007 134 042
0033 094 013 118 051 237 020 272 062
0034 092 017 116 055 238 025 266 068
0035 086 026 110 063 230 039 257 069
0036 088 043 110 079 232 050 256 089
0037 087 073 112 111 226 083 251 115
0038 090 090 122 134 216 103 253 134
0039 093 129 125 160 210 142 246 169
0040 107 157 129 190 204 153 239 190
0041 112 171 131 202 201 169 222 203
0042 116 175 135 211 194 173 214 209
0043 191 168 212 209 120 174 141 210
0044 194 169 214 206 117 173 139 211
0045 118 174 140 210 194 171 212 204
