0000 092 209 114 239
0001 093 212 114 239
0002 093 212 116 239
0003 094 213 116 239
0004 157 210 183 239 097 213 118 239
0005 143 188 180 227 093 210 117 238
0006 098 209 116 235 145 148 184 180
0007 095 214 116 239 147 104 179 151
0008 095 214 114 239 147 092 178 137
0009 097 211 116 239 152 080 183 131
0010 097 208 115 235 148 070 182 126
0011 095 207 117 239 148 066 181 126
0012 098 212 114 237 147 071 180 124
0013 097 207 114 238 147 067 179 123
0014 097 205 113 233 144 070 178 116
0015 092 208 115 239 149 070 178 123
0016 097 212 115 239 144 069 182 113
0017 095 208 113 236 145 068 181 120
0018 095 205 116 235 145 070 180 123
0019 093 207 114 235 142 068 176 109
0020 095 207 112 237 139 073 173 119
0021 095 212 113 238 144 090 170 135
0022 096 207 114 237 135 114 174 163
0023 096 208 113 235 140 177 174 213
0024 144 201 181 239 097 207 114 236
0025 151 211 188 239 094 213 113 236
0026 094 214 113 237
0027 093 217 113 239
0028 093 213 118 239
0029 096 214 116 239
0030 097 210 117 235
0031 094 211 116 239
0032 093 218 116 239
0033 096 213 116 239
0034 097 215 115 239
