0003 059 209 095 239 204 206 245 239
0004 063 206 095 239 210 204 249 239
0005 063 201 103 239 208 203 249 239
0006 202 187 244 239 068 187 109 239
0007 193 178 238 239 079 181 121 235
0008 184 174 231 239 085 173 128 237
0009 087 179 137 239 183 174 229 233
0010 091 177 136 239 180 174 217 237
0011 177 178 214 239 098 190 142 239
0012 175 174 212 237 101 178 142 239
0013 168 172 212 239 102 170 145 229
0014 103 158 145 207 168 156 212 212
0015 158 141 199 190 111 139 151 188
0016 119 130 167 181 146 126 191 174
0017 119 124 184 171
0018 119 122 169 169
0019 119 121 168 170
0020 117 120 171 165
0021 118 112 167 157 147 110 188 155
0022 116 108 169 155
0023 124 113 178 161
0024 122 126 180 178
0025 118 139 179 196
0026 120 146 186 200
0027 120 145 175 200
0028 121 142 175 197
0029 118 146 170 201 147 143 193 203
0030 122 143 174 196
0031 125 144 180 199
0032 117 146 169 201 148 141 189 201
0033 117 149 166 205 158 142 193 204
0034 115 157 161 210 153 156 188 219
0035 111 168 157 226 158 164 198 228
0036 177 178 217 239 102 182 152 239
0037 195 197 234 239 105 201 144 239
0038 104 210 144 239 195 204 231 239
0039 099 209 144 239
0040 099 211 143 239
0041 101 213 139 239
0042 101 214 139 239
0043 097 214 142 239
0044 097 216 142 239
0045 100 218 137 239
0046 097 217 139 239
0047 097 217 139 239
0048 096 219 135 239
0049 094 216 134 239
