0005 004 187 034 235
0006 013 152 054 201
0007 026 136 079 189
0008 040 133 098 186
0009 055 131 110 185
0010 069 129 117 188
0011 065 124 117 182
0012 068 126 129 174
0013 065 121 127 175
0014 072 126 137 180
0015 070 133 146 183
0016 074 138 156 188
0017 082 137 157 189
0018 091 136 156 186
0019 087 128 156 180
0020 089 128 149 180
0021 087 128 149 178
0022 091 135 166 186
0023 095 135 171 187
0024 100 141 182 191
0025 109 138 181 187
0026 114 136 182 182
0027 106 126 170 178
0028 104 119 167 177
0029 108 128 169 182
0030 114 134 175 186
0031 119 141 186 191
0032 122 144 197 192
0033 134 141 197 191
0034 133 132 204 181
0035 129 120 191 172
0036 129 120 190 175
0037 131 126 194 179
0038 131 138 210 186
0039 138 143 231 188
0040 145 140 227 188
0041 136 134 212 184
0042 121 134 186 184
0043 094 148 172 192
0044 082 162 143 206
0045 081 185 129 235
0046 073 210 117 239
0047 066 220 114 239
