0000 121 192 143 229 213 191 236 227
0001 119 193 139 225
0002 122 189 145 226 209 187 232 223
0003 128 181 152 217 201 181 225 216
0004 139 176 164 209
0006 151 151 185 184
0007 150 132 179 166 179 125 213 165
0008 150 116 186 150 182 108 208 146
0009 149 097 187 125 183 086 221 120
0010 150 076 179 104 181 077 221 109
0011 189 058 228 100 139 062 178 091
0012 189 042 230 072 139 049 163 074
0013 196 023 232 049 142 031 167 067
0014 139 018 162 063
0015 140 020 162 059
0017 139 017 161 060
0021 130 025 158 077
0024 128 033 152 076
0027 132 035 157 074
0031 132 037 158 073
0032 136 036 161 072
0033 137 035 161 070
0034 137 032 161 070
0036 137 029 160 069
0037 134 025 158 070
0038 133 023 159 065
0041 194 010 219 029
0042 188 012 217 036
0043 199 026 222 058 150 022 174 068
0044 186 050 221 082
0046 150 071 179 103
0047 150 093 186 122
0048 147 115 184 146 188 124 214 153
0049 183 139 222 169 147 140 184 167
0050 151 162 179 195 193 154 222 189
0051 144 170 172 210 197 161 222 194
0052 197 180 220 208 139 184 166 223
0053 139 195 163 231 199 187 221 218
0054 136 192 158 228
0055 132 193 152 228 213 195 237 230
0056 129 194 152 229 220 194 242 231
0057 129 193 151 230 221 193 241 232
0058 217 191 240 229 130 192 153 228
0059 217 194 239 229 129 193 152 228
0060 130 194 153 230 214 191 236 229
0061 214 192 236 228 129 192 152 228
