0000 214 214 240 239 105 219 133 239
0001 218 207 252 239 115 217 136 239
0002 228 203 259 235 110 219 136 239
0003 228 195 261 237 108 219 139 239
0004 214 187 246 220 105 219 134 239
0005 190 175 227 206 106 219 135 239
0006 167 162 211 189 114 220 137 239
0007 117 217 141 239 131 148 183 177
0008 115 220 140 239 116 139 157 167
0009 109 218 142 239 106 135 161 165
0010 110 217 143 239 109 134 163 163
0011 115 221 139 239 109 134 163 163
0012 110 218 138 239 110 133 163 164
0013 107 217 136 239 110 134 161 165
0014 112 138 154 165 107 218 134 239
0015 109 138 154 166 106 221 134 239
0016 105 135 159 165 105 218 138 239
0017 106 221 138 239 114 143 154 168
0018 105 219 134 239 116 144 157 169
0019 117 145 158 171 104 218 135 239
0020 117 146 158 176
0021 124 156 164 186
0022 140 168 178 203
0023 157 194 194 231 106 219 130 239
0024 184 211 211 239
0025 195 213 230 239 106 219 131 239
