0000 112 204 137 235 187 193 208 226
0001 112 204 137 235 189 189 209 231
0002 111 205 136 236 191 190 213 231
0003 110 204 133 234 207 181 229 216
0004 217 124 255 156 108 144 130 174
0005 112 071 136 110 214 059 237 098
0006 112 036 139 070 194 042 220 075
0007 185 053 207 080 113 049 140 082
0008 184 053 209 080 112 046 137 084
0009 195 042 220 074 112 037 135 068
0010 110 039 136 072 194 041 218 074
0011 111 040 137 075 190 037 217 070
0012 114 040 138 071 193 043 218 074
0013 114 041 139 072 194 046 218 076
0014 114 040 139 072 194 045 219 075
0015 115 044 138 080 193 050 218 085
0016 126 091 164 124 178 086 203 121 193 119 227 158
0017 136 147 166 179 179 144 212 168
0018 125 190 162 220 186 181 207 211
0019 123 197 149 224 188 192 207 224
0020 113 205 136 236 189 191 210 230
0021 191 191 211 229 108 206 131 234
0022 112 203 133 234 189 189 210 229
0023 112 205 138 235 188 191 210 231
0024 113 204 139 237 189 192 211 231
0025 118 202 144 233 187 189 208 228
