0007 217 214 239 238
0008 230 202 265 238 115 218 134 239
0009 231 152 277 195 108 220 129 239
0010 245 078 286 120 095 221 123 239
0011 241 044 283 101 089 220 114 239
0012 233 038 278 095 089 221 114 239
0013 236 042 278 095 093 217 117 239
0014 235 041 280 094 092 217 118 239
0015 237 044 280 094 093 217 117 239
0016 239 044 285 095 093 221 118 239
0017 239 036 272 086 092 219 118 239
0018 207 025 240 075 091 218 118 239
0019 169 038 210 087 092 218 119 237
0020 153 058 197 106 095 221 117 239
0021 155 058 198 103 094 222 117 239
0022 175 046 210 082 093 218 119 238
0023 213 028 241 071 092 222 115 239
0024 258 046 288 088 091 222 117 239
0025 266 069 309 116 092 218 118 237
0026 265 073 311 122 090 221 111 239
0027 262 071 308 120 091 217 114 239
0028 266 071 307 117 091 217 114 239
0029 261 065 302 121 090 222 112 239
0030 256 065 302 113 091 222 115 239
0031 258 063 304 113 092 222 115 239
0032 261 068 305 117 091 221 115 239
0033 256 094 292 139 093 222 115 239
0034 250 155 297 199 098 222 121 239
0035 228 224 268 239 110 222 131 239
0036 220 220 242 239
