0000 169 218 192 239
0002 149 209 182 239
0003 128 186 170 216
0004 102 133 155 170
0005 098 106 141 153
0006 092 102 140 145
0007 096 099 133 141
0008 095 098 136 145
0009 094 099 136 145
0010 095 098 136 144
0011 100 098 144 146
0012 120 089 161 146
0013 153 083 185 136
0014 175 090 204 142
0015 173 087 209 141
0016 179 088 207 141
0017 178 087 207 140
0018 176 090 207 142
0019 175 088 207 143
0020 175 087 207 143
0021 175 088 206 143
0022 175 088 206 138
0023 179 121 211 174
0024 175 155 214 187
0025 189 207 214 239
0026 185 216 206 239
0027 182 209 204 239
