0000 158 156 178 188 103 153 122 183
0001 160 155 179 187 097 136 116 167
0002 160 154 179 183 076 116 112 154
0003 162 152 180 185 064 103 101 127
0004 162 150 182 186 050 078 084 112
0005 163 153 182 188 039 066 069 099
0006 162 155 180 186 023 062 061 094
0007 019 063 057 095 171 153 191 190
0008 017 067 055 095 189 138 216 173
0009 020 066 060 096 193 109 244 141
0010 023 067 051 091
0011 018 062 059 095
0012 019 064 059 095 168 011 194 053
0013 140 014 184 037 019 063 057 094
0014 023 066 051 093 146 016 189 039
0015 021 063 049 091 163 016 203 050
0016 022 067 052 094 178 014 214 061
0017 021 062 048 091 208 031 231 063
0018 021 066 049 094 208 055 248 075
0019 021 066 049 095 188 045 229 075
0020 178 016 213 058 015 064 053 095
0021 016 061 055 094
0022 012 065 054 095 144 011 183 038
0023 014 061 052 091 145 011 183 032
0024 013 060 054 092 167 009 196 032
0025 184 009 209 046 013 064 050 093
0026 205 021 224 052 022 068 049 097
0027 216 057 243 086 020 084 055 112
0028 031 102 069 133
0029 044 119 079 150 198 125 231 155
0030 182 148 203 179
0031 159 154 177 185 093 153 112 182
0032 154 155 171 183 097 156 116 184
0033 155 155 173 185 103 155 121 187
