0000 203 210 232 239 099 209 131 239
0001 201 213 235 239 099 209 131 239
0002 205 217 231 239 104 208 128 236
0003 203 218 235 239 099 207 129 239
0004 100 209 132 239 204 208 234 239
0005 100 209 133 239 202 212 230 239
0006 100 209 133 239 200 212 230 239
0007 105 212 131 239 205 220 231 239
0008 099 208 131 239 202 217 236 239
0009 207 210 234 239 101 207 126 239
0010 204 202 239 239 096 197 127 234
0011 200 191 239 229 096 182 134 219
0012 090 167 137 203 194 174 233 211
0013 093 160 140 200 190 170 227 209
0014 097 160 145 202 181 167 222 204
0015 108 158 150 197 172 168 210 203
0016 114 161 159 200 163 166 215 203
0017 119 163 162 204 157 167 201 201
0018 119 164 159 202 160 168 201 204
0019 107 162 152 200 169 168 209 203
0020 181 165 221 201 096 162 143 201
0021 091 158 134 194 187 160 235 197
0022 200 155 251 191 074 154 127 186
0023 063 143 115 174 228 145 270 184
0024 240 133 284 180 049 133 105 169
0025 255 130 293 177 048 123 093 161
0026 257 127 295 177 048 121 090 157
0027 258 129 291 176 049 124 090 159
0028 254 132 289 182 051 128 099 164
0029 252 133 287 182 048 127 105 165
0030 252 133 286 181 058 131 094 167
0031 250 140 287 193 050 133 096 172
0032 055 137 102 176 242 164 282 202
0033 236 182 275 218 070 156 105 191
0034 225 192 261 231 081 179 116 217
0035 092 200 121 239 221 210 246 239
0036 100 208 123 239 213 219 242 239
0037 103 210 129 239 211 210 240 239
0038 106 211 134 239 208 213 241 239
0039 106 213 132 239 211 215 235 239
0040 106 213 132 239 206 218 235 239
0041 101 208 133 239 207 212 239 239
