0004 125 199 178 239 085 200 144 238
0005 125 182 189 223 129 216 162 239
0006 137 178 198 219 104 206 148 239
0007 142 155 199 197 076 162 127 212
0008 140 122 191 172 077 124 122 189
0009 140 096 188 152 082 087 121 155
0010 087 068 119 143 144 069 183 123
0011 087 052 118 129 139 057 175 125
0012 089 056 117 117 138 051 179 118
0013 093 048 125 128 142 050 173 120
0014 136 049 178 117 095 043 125 103
0015 142 055 173 121
0016 140 050 180 116
0017 139 050 179 115 090 049 118 116
0018 148 054 177 114 091 048 117 103
0019 089 053 119 122 148 052 177 113
0020 088 056 120 128 149 052 177 111
0021 143 050 174 115 088 055 118 124
0022 088 058 119 130 142 050 174 116
0023 085 058 119 141 143 056 172 120
0024 082 081 118 149 139 077 178 136
0025 139 112 180 161 074 122 117 178
0026 127 161 171 204 091 191 141 233
0027 104 207 151 239 154 217 195 239
