0001 177 219 201 239 070 223 091 239
0002 169 218 201 239 069 218 095 239
0003 185 218 205 239
0004 032 205 058 233 226 217 254 237
0005 265 182 302 212 009 173 031 199
0006 284 164 310 193 009 161 028 183
0007 008 151 026 177
0010 171 105 218 165
0011 032 156 072 219 138 102 183 154 115 139 157 196
0012 047 162 090 230 127 107 170 163
0013 043 160 088 223 127 111 174 165
0014 043 155 089 225 122 107 169 166
0015 054 159 092 219 121 110 168 164 072 115 115 166 093 150 142 203
0016 120 110 167 165 055 161 097 221 084 146 141 201 073 115 115 161
0017 053 158 098 221 120 110 167 165
0018 057 158 102 215 121 111 167 166 085 147 142 196
0019 122 112 165 166 058 155 102 216
0020 048 155 088 224 135 121 176 177
0021 039 196 081 239 159 214 198 239
0022 047 220 085 239 182 222 205 239
0023 063 219 088 239
0027 061 218 088 239
