0000 111 225 158 239 195 211 245 239
0001 105 222 158 239 199 213 246 239
0002 199 207 240 239 106 222 160 239
0003 200 206 251 237 105 223 159 239 157 212 190 239
0004 199 209 251 239 106 222 155 239
0005 207 203 253 239 106 221 155 239
0006 206 193 251 239 106 219 153 239
0007 198 185 240 239 109 213 160 239
0008 097 198 155 239 192 178 235 234
0009 100 179 158 229 181 169 228 221
0010 105 152 160 211 166 156 215 200
0011 110 140 157 200 162 147 217 189
0012 112 141 155 203 160 143 214 188
0013 113 142 161 197 157 143 206 190
0014 118 145 154 204 153 142 211 189
0015 162 147 217 194 117 146 160 201
0016 122 148 160 204 166 153 223 194
0017 122 149 158 202 160 153 218 194
0018 165 153 213 194 124 148 162 201 203 164 248 212
0019 164 159 211 195 127 149 160 196
0020 170 156 210 196 119 147 168 201
0021 165 155 211 196 120 146 158 201
0022 123 148 158 199 162 156 212 194
0023 159 152 209 194 122 149 157 206
0024 168 154 216 197 127 145 165 197
0025 163 157 213 198
0026 166 155 217 197
0027 173 158 215 199 124 155 160 202
0028 168 156 219 197 112 155 174 203
0029 124 149 163 197 170 158 217 197
0030 107 163 172 208 166 163 210 203
0031 105 180 158 232 175 165 218 216
0032 100 191 146 237 190 189 236 238
0033 085 207 122 239 217 210 261 239
0034 070 215 110 239 238 204 274 239
0039 145 210 181 239
