0002 107 214 148 239 008 215 041 239
0003 095 203 139 239 009 207 053 239
0004 084 193 125 239 019 192 060 236
0005 023 185 069 237 075 180 113 239
0006 023 181 071 238 075 175 117 235
0007 027 170 073 224 075 161 118 218
0008 027 165 075 222 077 157 119 208
0009 026 161 074 216 079 150 121 204
0010 034 155 075 212 078 149 119 202
0011 032 159 077 210 077 147 116 203
0012 078 150 117 204 035 158 084 206
0013 031 159 082 209 080 148 117 207
0014 080 148 118 206 035 155 083 209
0015 079 148 119 207 035 155 083 212
0016 080 151 119 209 038 155 087 214
0017 036 162 086 215 082 149 121 204
0018 036 161 086 216 081 152 118 210
0019 037 162 086 216 083 155 118 216
0020 037 162 087 218 081 156 119 215
0021 037 156 087 213 082 153 119 216
0022 031 159 085 215 082 153 118 215
0023 036 159 084 216 081 156 118 210
0024 037 158 090 212 083 153 119 204
0025 033 166 086 216 080 160 119 215
0026 036 159 086 212 082 157 119 213
0027 083 154 118 211 038 165 084 219
0028 038 168 086 222 079 165 116 225
0029 032 182 081 236 081 173 120 236
0030 077 184 121 239 027 193 077 239
0031 091 208 132 239 015 205 058 239
