0003 130 202 169 239
0004 138 156 184 210
0005 140 135 190 188
0006 149 100 191 166
0007 151 066 195 140
0008 151 050 196 131
0009 151 037 197 114
0010 150 034 200 099
0011 151 026 204 094
0012 150 024 202 091
0013 154 020 197 095
0014 152 027 199 093
0015 153 028 204 092
0016 153 021 199 095
0017 149 029 200 094
0018 151 028 204 093
0019 152 025 204 095
0020 151 026 204 096
0021 150 032 198 101
0022 148 047 196 117
0023 131 086 179 142
0024 127 111 173 162
0025 112 152 164 202
0026 102 188 156 237
0027 094 206 143 239
0028 094 224 156 239
