0000 083 225 106 239
0001 082 225 103 239
0002 080 223 107 239
0003 173 219 191 239
0004 198 184 231 228
0005 252 145 294 172
0006 259 094 297 121
0007 251 061 295 098
0008 254 050 290 084 080 217 102 239
0009 249 045 289 080
0010 248 042 288 080
0011 249 040 290 078 078 224 101 239
0012 246 040 285 079
0013 247 039 284 081
0014 246 041 284 080
0015 245 036 286 078
0016 242 037 286 077
0017 248 040 283 077
0018 247 036 286 075 072 218 106 239
0019 248 041 283 078 074 217 101 239
0020 242 037 285 078 072 218 106 239
0021 248 037 285 075
0022 247 040 289 077 072 216 106 239
0023 250 039 285 076
0024 246 035 285 076 080 219 099 239
