0000 133 219 168 239
0001 134 215 166 239
0002 118 208 153 239
0003 081 163 123 199
0004 067 137 107 184
0005 060 089 096 146
0006 057 068 091 127
0007 059 059 090 117
0008 057 054 090 113
0009 052 050 093 111
0010 059 066 097 111
0011 056 070 093 111
0012 059 054 092 106
0013 054 052 092 109
0014 054 050 090 111
0015 055 068 088 112
0016 051 061 089 111
0017 048 054 087 111
0018 048 054 087 112
0019 049 058 089 114
0020 052 072 092 113
0021 055 066 091 114
0022 053 051 090 111
0023 057 051 089 112
0024 059 068 090 112
0025 055 074 093 114
0026 059 081 098 124
0027 064 112 098 151
0028 072 142 113 183
0029 097 170 135 232
0030 114 199 153 239
0031 125 210 155 236
0035 120 214 153 239
