0000 145 177 198 226 104 188 147 233
0001 145 178 194 227 097 187 150 231
0002 145 180 197 227 100 188 151 233
0003 150 180 200 227 099 188 152 233
0004 153 178 206 225 100 189 153 234
0005 155 178 209 223 101 190 153 234
0006 101 190 153 235 158 171 211 210
0007 101 190 153 236 164 166 216 206
0008 101 191 153 236 173 156 220 202
0009 176 145 232 196 106 190 153 234
0010 105 192 158 234 178 140 232 191
0011 101 190 153 235 177 139 239 192
0012 105 192 157 234 178 135 241 184
0013 105 192 157 235 182 135 243 182
0014 106 192 157 235 194 132 246 187
0015 105 188 151 238 198 132 256 181
0016 106 192 158 235 209 128 272 178
0017 106 188 151 238 210 127 280 168
0018 106 192 158 235 251 119 302 159
0019 105 192 158 235 267 111 317 155 215 108 268 146
0020 105 190 157 235
0021 106 191 156 234
0022 105 198 160 239
0023 097 201 154 239
0024 098 201 150 239
0025 095 201 153 239
0026 093 199 151 239
0027 090 197 147 239
0028 092 196 150 239
0029 089 197 146 239
0030 089 197 146 239
0031 090 198 146 239
0032 090 197 146 239
0033 091 196 143 239
0034 091 196 142 239 264 116 301 172
0035 091 196 143 239 244 092 292 176
0036 090 197 142 239 234 122 276 175
0037 089 198 142 239 213 133 261 181
0038 090 198 143 239 197 137 250 183 208 087 251 128
0039 089 198 145 239 181 140 236 180
0040 090 198 143 239 164 135 221 177
0041 090 199 143 239 159 133 212 176
0042 092 200 142 239 151 125 203 165
0043 092 199 142 239 146 118 204 160
0044 091 199 144 239 143 110 198 157
0045 090 199 143 239 143 097 195 145
0046 087 197 143 238 149 086 199 140
0047 086 199 146 239 151 086 200 141
0048 148 090 202 139 085 200 145 239
0049 148 086 203 139 086 201 146 238
0050 153 092 197 145 085 203 143 239
0051 152 092 196 148 084 204 144 239
0052 144 100 198 150 082 201 144 239
0053 086 203 150 239 144 109 192 160
0054 087 203 151 239 142 114 200 163
0055 148 116 205 163 088 203 151 239
0056 083 202 147 239 155 118 214 162
0057 087 204 150 239 164 124 217 167
0058 087 204 150 239 171 129 228 172
0059 087 204 150 239 176 128 230 184
0060 085 203 149 239 188 131 235 188
0061 086 203 149 239 188 140 242 193
0062 086 203 149 239 191 134 242 187
0063 087 203 150 239 200 132 249 187
0064 089 202 147 239 210 123 257 179
0065 090 201 151 239 209 120 256 175
0066 091 201 151 239 218 106 261 169
0067 091 201 151 239 223 096 261 161
0068 088 202 147 239 225 086 261 152
0069 088 202 146 239 230 080 267 144
0070 089 202 146 239 232 075 274 138
0071 092 201 150 239 233 073 273 139
0072 087 207 146 239 231 080 272 138
0073 086 203 151 239 225 085 276 143
0074 088 203 151 239 223 093 273 150
0075 087 203 151 239 225 100 276 160
0076 090 203 146 239 219 109 274 160
0077 205 113 270 163 090 203 146 239
0078 082 207 149 239 198 118 258 165
0079 083 208 148 239 198 122 251 165
0080 090 203 146 239 188 124 242 168
0081 088 203 144 239 186 126 242 174
0082 094 202 149 239 174 136 233 177
0083 095 205 148 239 161 136 213 179
0084 094 204 148 239 160 130 203 177
0085 145 125 195 170 094 201 149 239
0086 141 118 190 166 093 205 148 239
0087 139 113 190 160 092 204 148 239
0088 087 202 150 239 135 107 190 154
0089 087 202 150 239 131 102 186 149
0090 089 202 150 239 138 095 186 142
0091 091 201 145 239 138 088 185 139
0092 090 201 145 239 139 085 189 138
0093 086 201 150 239 142 089 196 141
0094 140 085 190 141 089 200 146 239
0095 141 090 196 143 086 202 149 239
0096 086 201 150 239 140 092 190 142
0097 086 201 150 239 143 094 192 145
0098 092 204 147 239 143 095 187 147
0099 134 102 191 148 086 201 148 239
0100 092 204 149 239 135 098 190 146
0101 137 101 191 147 090 205 149 239
0102 136 101 191 149 091 203 148 239
0103 134 105 195 153 089 205 148 239
0104 089 205 148 239 137 105 191 153
0105 087 201 149 239 140 115 194 156
0106 085 201 150 239 144 114 199 154
