0000 165 212 192 239 096 213 123 237
0001 169 213 189 236 096 213 123 237
0002 171 209 194 239 094 211 119 239
0003 091 210 120 239 186 198 213 235
0004 190 158 228 190 091 210 120 239
0005 194 119 231 161 091 210 120 239
0006 188 078 219 130 093 210 119 239
0007 182 064 210 112 093 210 120 239
0008 179 060 210 111 094 209 120 239
0009 180 063 210 111 094 209 119 239
0010 179 062 210 110 094 210 119 239
0011 179 063 208 110 094 210 119 239
0012 179 064 208 112 094 210 119 239
0013 180 061 209 111 093 210 119 239
0014 180 061 210 110 093 210 119 239
0015 180 061 210 109 093 210 119 239
0016 181 063 210 110 093 210 120 239
0017 183 067 212 111 093 210 120 239
0018 192 085 223 124 092 209 124 238
0019 194 121 233 155 094 210 119 239
0020 195 156 229 207 094 210 119 239
0021 192 175 221 228 094 210 119 239
0022 182 202 208 239 094 210 119 239
0023 168 209 198 238 094 213 119 239
0024 091 211 120 239 162 212 189 239
0025 091 209 124 238 164 209 190 239
0026 091 209 124 238 165 210 190 239
0027 164 211 189 239 094 211 123 235
0028 164 210 189 239 095 214 124 237
0029 164 211 189 239 091 212 120 239
