0005 096 222 160 239
0006 094 188 152 237
0007 099 152 158 207
0008 099 120 156 177
0009 100 098 151 157
0010 100 091 152 152
0011 101 093 158 145
0012 099 098 153 152
0013 102 101 153 153
0014 100 102 154 154
0015 104 106 158 150
0016 107 105 159 150
0017 102 100 155 151
0018 104 087 158 144
0019 106 085 157 146
0020 106 085 157 146
0021 105 087 156 149
0022 105 099 156 148
0023 105 102 157 145
0024 106 105 158 147
0025 107 105 155 147
0026 106 101 157 149
0027 105 091 156 146
0028 105 092 156 147
0029 105 092 157 147
0030 102 094 158 145
0031 104 104 157 148
0032 106 105 158 149
0033 105 122 151 160
0034 102 137 148 177
0035 102 163 155 207
0036 100 190 154 230
0037 108 221 154 239
