0000 063 207 121 239 129 209 187 239
0001 069 132 128 180 135 127 190 180
0002 075 094 138 146 131 101 185 154
0003 080 076 136 129 132 077 178 121
0004 072 066 132 120 143 081 195 138
0005 065 059 109 113 151 077 195 133
0006 051 055 101 110 160 080 203 140
0007 050 058 102 115 150 082 205 136
0008 062 063 103 122 143 080 199 136
0009 072 069 122 134 134 080 190 127
0010 086 083 132 137 132 068 185 120
0011 091 082 144 134 130 065 184 110
0012 087 082 137 138 132 057 190 104
0013 143 033 203 086 083 087 130 140
0014 149 024 208 077 082 086 127 140
0015 151 027 201 082 081 086 129 140
0016 140 044 192 104 082 086 129 141
0017 126 083 177 133 081 105 130 155
0018 079 137 130 187 114 109 161 158
0019 073 165 130 213 098 136 152 183
0020 064 197 132 239 095 170 149 228
0021 103 201 153 239 068 218 111 236
0022 106 203 157 239 068 219 110 236
0023 106 204 157 239 066 222 110 239
