0002 090 221 123 239
0003 090 198 125 239 185 208 223 239
0004 090 169 130 211 195 175 227 218
0005 093 131 134 186 204 126 237 182
0006 208 117 245 174 094 115 133 171
0007 208 113 249 168 096 117 134 172
0008 210 115 250 167 098 114 139 171
0009 210 124 248 173 098 116 137 169
0010 210 116 250 167 098 118 137 173
0011 215 118 250 173 097 117 137 172
0012 098 113 136 171 215 120 250 168
0013 215 120 249 173 098 115 135 169
0014 098 114 136 170 215 119 249 168
0015 214 120 248 170 098 114 138 171
0016 098 113 139 171 215 120 250 174
0017 215 117 250 167 099 112 138 172
0018 209 114 252 168 099 113 138 172
0019 097 113 136 168 215 117 249 167
0020 209 121 248 173 098 114 138 172
0021 098 113 136 169 213 117 249 173
0022 209 115 248 167 098 116 139 171
0023 209 121 250 172 099 123 137 180
0024 212 132 251 184 098 140 134 193
0025 197 187 242 234 090 197 125 239
0026 196 212 232 237
0027 198 210 224 238
