0000 112 217 148 239
0001 112 217 150 239
0002 114 215 151 239
0003 121 203 156 239
0004 127 188 165 237 007 206 042 239
0005 009 178 051 228 126 168 164 216
0006 127 155 162 205 016 162 053 216
0007 017 142 057 207 127 143 162 198
0008 127 133 162 187 023 128 062 195
0009 126 123 163 181 023 127 061 182
0010 128 121 160 182 023 119 064 180
0011 127 117 163 182 021 116 063 182
0012 128 122 160 179 023 117 062 181
0013 128 118 160 180 022 113 058 173
0014 128 119 161 181 022 113 064 171
0015 127 120 161 182 025 115 064 176
0016 128 121 161 180 024 120 065 179
0017 127 119 164 184 025 119 064 179
0018 128 121 164 183 028 123 067 181
0019 128 123 162 183 024 120 066 177
0020 129 127 170 187 023 130 063 192
0021 023 145 065 196 124 141 164 190
0022 117 159 160 196 018 160 068 214
0023 025 180 068 230 114 169 156 209
0024 113 184 153 224 028 200 070 238
0025 111 197 151 233 029 205 068 239
0026 106 204 148 238
0027 111 205 150 239
0028 107 208 145 239
0029 108 209 145 239
0030 107 209 143 239
