0000 097 213 122 239
0001 097 211 121 239
0002 096 212 120 239
0003 096 212 120 239 165 213 193 239
0004 170 212 195 239 096 212 121 239
0005 190 200 225 234 096 211 121 239
0006 207 179 243 220 097 215 124 239
0007 220 170 255 203 094 212 119 238
0008 090 213 122 239
0009 089 212 122 239
0010 089 214 122 239
0011 230 107 271 130 099 215 125 239 087 201 114 237
0012 100 213 125 237 229 102 269 128
0013 100 212 125 237 245 108 271 131
0014 100 212 125 236 230 102 272 129
0015 100 216 126 239 227 101 268 127
0016 099 213 125 237 228 099 268 125
0017 236 100 267 125 099 215 126 239
0018 234 101 264 121 099 214 127 239
0019 099 211 124 239
0020 098 211 125 239
0021 216 156 252 201 098 213 124 239
0022 099 214 121 239 207 185 231 220
0023 177 200 207 238 101 210 126 239
0024 099 214 122 239 168 214 189 239
0025 100 215 122 239 170 213 192 235
0026 100 210 121 238 174 213 193 239
0027 104 213 128 236 171 209 189 239
0028 100 209 122 239 173 211 192 237
0029 100 212 122 239 171 213 189 239
0030 099 212 121 239 168 218 187 239
0031 098 211 127 239 165 215 187 239
0032 099 212 123 239 165 215 187 239
