0000 193 183 214 215 134 190 156 222
0001 190 183 211 216 135 183 157 218
0002 132 181 155 213 191 184 210 214
0003 193 180 214 211 130 147 171 185
0004 140 128 180 158 195 182 215 213
0005 147 090 194 118 195 182 215 213
0006 151 053 195 091 194 181 216 213
0007 152 059 191 090 195 180 215 214
0008 149 057 193 091 196 182 216 214
0009 150 049 196 089 195 187 214 211
0010 150 060 194 092 194 183 215 215
0011 152 062 194 092 194 183 215 215
0012 154 062 196 089 197 182 217 214
0013 155 062 197 089 198 186 218 210
0014 156 060 194 091 195 181 215 213
0015 154 060 195 091 199 187 218 212
0016 154 059 195 089 198 185 217 213
0017 156 065 195 088 195 183 216 215
0018 153 071 195 100 200 184 219 209
0019 195 184 215 215 138 093 180 123
0020 134 117 166 147 195 186 213 210
0021 194 182 212 211
0022 194 182 213 211 116 173 137 209
0023 194 181 216 212 116 185 134 217
0024 192 181 215 213 119 186 138 219
0025 194 182 215 212 122 185 140 219
0026 191 184 211 215 128 192 147 221
0027 194 182 215 213
0028 195 182 215 211
0029 191 183 210 213 128 189 147 221
0030 191 187 213 216 126 188 145 221
0031 190 183 213 214 126 186 146 218
0032 191 185 213 215 126 186 146 219
