0000 112 183 133 217 184 180 206 215
0001 112 180 132 217 184 175 205 210
0002 111 177 130 212 189 168 209 206
0003 111 175 132 212 196 155 223 191
0004 103 161 126 192 207 130 245 162
0005 209 119 253 146 103 143 127 176
0006 209 097 261 136 078 126 117 149
0007 221 088 260 120 072 115 113 143
0008 070 110 108 137 216 090 257 121
0009 067 101 108 132 218 090 263 120
0010 216 088 262 121 073 101 109 134
0011 217 091 261 122 072 095 112 132
0012 217 092 260 121 072 096 112 131
0013 217 092 260 121 069 105 110 133
0014 074 100 113 135 215 090 264 123
0015 219 091 260 119 077 102 107 134
0016 217 094 261 121 077 099 107 135
0017 219 091 259 121 074 101 111 134
0018 077 110 108 135 216 100 253 133
0019 081 125 115 149 208 118 248 146
0020 087 137 118 166 210 144 245 177
0021 095 155 126 187 193 159 227 201
0022 109 170 130 205 186 175 208 213
0023 112 179 133 215 186 176 205 209
0024 111 180 133 216 184 176 203 207
0025 108 181 130 218 187 172 204 203
0026 107 182 127 217 186 179 206 213
0027 107 180 127 216 187 172 208 210
0028 110 181 130 215 186 175 208 214
0029 111 181 133 216 185 177 206 215
0030 181 179 203 213 111 182 133 217
