0000 100 203 125 237 187 185 208 219
0001 101 209 126 239 183 188 208 227
0002 104 211 129 239 187 160 223 205
0003 101 206 125 237 201 112 233 144
0004 102 206 126 238 212 053 246 098
0005 101 207 126 239 236 021 275 066
0006 101 207 125 238 255 024 294 064
0007 260 037 307 081 100 204 123 236
0008 261 040 308 081 103 209 128 239
0009 263 041 308 080 104 208 127 236
0010 263 041 308 080 103 208 126 239
0011 262 043 309 082 103 208 126 239
0012 260 042 308 082 101 205 128 236
0013 259 037 307 079 100 208 125 239
0014 102 206 127 236 244 036 284 083
0015 100 207 125 239 210 069 235 098
0016 100 206 127 238 175 132 215 171
0017 100 207 127 239 185 176 208 218
0018 101 207 126 239 182 198 204 234
0019 104 208 126 236 192 195 211 228
0020 191 199 210 233 101 209 127 239
0021 105 208 127 235 184 196 213 234
0022 102 208 127 239 186 197 209 232
