0000 124 203 175 239
0001 120 205 167 239
0002 120 205 167 239
0003 116 206 170 239
0004 111 209 169 239
0005 116 204 171 239
0006 106 207 175 239
0007 099 212 159 239
0008 082 188 151 232
0009 081 160 155 202
0010 086 143 153 183
0011 084 116 161 161
0012 084 099 163 142
0013 086 087 155 127
0014 082 077 159 122
0015 084 073 168 119
0016 085 073 166 117
0017 089 068 167 112
0018 090 068 166 113
0019 081 072 162 117
0020 085 078 158 119
0021 082 086 158 130
0022 085 111 151 155
0023 082 146 151 188
0024 084 171 151 214
0025 093 196 153 239
0026 102 203 155 239
0027 109 210 152 239
0028 116 212 173 239
0029 114 212 172 239
0030 117 207 172 239
0031 118 207 172 239
0032 121 209 176 239
