0000 120 207 163 239 109 220 128 239
0001 129 208 169 239
0002 142 209 172 239 105 222 123 239
0003 142 206 182 238 099 223 122 239
0004 160 185 191 216 093 221 120 239
0005 166 142 202 184 087 223 113 239
0006 168 099 197 151 083 223 105 239
0007 162 084 189 131 079 224 106 239
0008 157 099 181 135
0009 158 106 184 140
0010 157 118 181 156
0011 156 122 183 171
0012 163 137 189 180
0013 172 151 205 185
0014 174 135 209 171
0015 169 099 207 146
0016 162 078 187 126
0017 158 086 182 125
0018 159 100 180 134
0019 159 108 181 144
0020 156 122 183 166
0021 162 153 188 195
0022 163 196 189 228
