0007 170 215 198 239
0008 154 163 191 215
0009 153 111 177 156
0010 141 079 181 135
0011 143 068 175 119
0012 143 066 173 104
0013 150 060 178 107
0014 157 062 183 107
0015 159 059 193 104
0016 166 061 194 108
0017 170 063 197 108
0018 172 065 199 109
0019 174 069 201 121
0020 173 070 208 118
0021 176 075 214 128
0022 179 074 218 131
0023 185 083 219 132
0024 186 081 229 134
0025 188 080 227 138
0026 192 083 229 134
0027 193 090 234 140
0028 192 090 236 141
0029 191 090 236 146
0030 196 105 237 158
0031 199 112 240 174
0032 192 175 237 230
0033 184 218 214 237
