0000 156 207 198 239 092 219 129 239
0001 156 207 198 239 092 215 131 239
0002 156 207 198 239 092 215 131 239
0003 157 206 199 236 091 215 131 239
0004 159 209 195 237 092 215 131 239
0005 156 208 197 236 092 215 131 239
0006 169 201 211 238 092 215 132 239
0007 188 195 234 233 086 210 130 237
0008 206 171 255 210 087 211 131 237
0009 087 211 130 237 215 144 269 188
0010 222 099 271 159 087 211 131 237
0011 221 066 259 137 087 211 131 237
0012 208 042 248 117 088 213 133 239
0013 204 033 240 104 087 213 133 239
0014 191 032 229 098 087 213 133 239
0015 184 035 225 094 087 213 133 239
0016 182 032 222 097 088 213 133 239
0017 182 027 223 098 091 218 133 239
0018 187 030 226 099 087 211 131 237
0019 188 031 227 099 087 211 131 237
0020 188 031 228 098 087 211 131 237
0021 188 032 227 099 087 211 131 237
0022 195 035 233 104 087 211 131 237
0023 208 052 245 121 087 211 131 237
0024 214 088 249 154 087 212 130 238
0025 208 117 247 178 087 212 130 238
0026 197 169 237 212 087 212 130 238
0027 177 193 220 239 087 211 130 238
0028 159 204 203 239 087 212 130 238
0029 160 202 203 238 088 212 131 238
