0000 128 216 190 238
0001 128 220 181 239
0002 067 207 119 239 127 222 183 239
0003 068 186 141 231 128 222 183 239
0004 081 160 122 207 109 178 155 207 132 218 183 235
0005 081 156 123 201 103 171 152 202 130 216 182 234
0006 081 159 148 198 129 212 189 239
0007 144 171 205 230 082 160 148 197
0008 143 130 200 177 081 161 151 199
0009 140 111 196 155 085 163 152 195
0010 132 108 189 153 083 161 147 197
0011 128 111 184 162 083 160 146 198
0012 123 108 177 158 084 163 153 197
0013 117 115 168 167 083 164 147 199
0014 109 106 166 156 080 164 144 197
0015 102 110 159 163 077 160 143 199
0016 103 106 155 158 074 156 133 197
0017 093 103 147 152 076 161 147 198
0018 088 106 138 162 074 164 143 201
0019 080 103 139 152 073 164 143 202
0020 073 107 130 159 075 164 140 199
0021 066 101 126 153 076 167 144 200
0022 060 117 129 166 069 161 139 197
0023 067 106 138 157 079 169 140 206
0024 088 111 153 165 071 173 142 219
0025 132 145 193 207 064 190 120 234
0026 062 203 113 239 161 174 212 234
0027 181 183 224 238 054 212 112 239
0028 182 192 225 239 057 210 112 239
0029 180 194 225 239 057 211 112 239
0030 180 190 225 239 056 212 112 239
0031 184 193 228 239 056 212 113 239
0032 178 193 225 239 056 212 113 239
0033 179 194 224 239 056 212 113 239
0034 056 212 113 239 185 197 227 239
