0005 073 208 123 237 027 205 068 238
0006 039 175 087 228 066 179 122 234
0007 072 175 128 236 058 155 100 210
0008 077 153 122 226
0009 075 148 135 201 061 145 092 196
0010 082 133 134 186 050 139 094 187
0011 083 129 126 185 055 135 089 179
0012 088 129 128 187 053 136 095 181
0013 095 139 137 193 066 133 103 178
0014 093 148 138 201 071 137 104 182
0015 098 145 139 199 065 143 100 185
0016 086 138 135 192 059 145 097 191
0017 089 136 140 188 058 147 091 194
0018 087 150 131 202 054 158 092 210
0019 043 186 096 239 082 170 137 227
