0000 144 223 173 239
0001 136 223 176 239
0002 121 201 171 239
0003 107 170 161 214
0004 092 158 145 190
0005 090 168 146 195
0006 085 161 141 196
0007 086 163 140 198
0008 086 164 140 199
0009 085 165 142 205
0010 090 171 148 216
0011 105 178 157 227 030 195 066 236
0012 122 179 169 231
0013 135 177 178 234
0014 148 162 183 221
0015 153 152 183 207
0016 152 137 188 191
0017 155 123 184 167
0018 148 104 183 150
0019 144 089 184 132
0020 147 074 190 117
0021 152 070 194 112
0022 161 058 200 104
0023 179 059 218 102
0024 190 060 233 104
0025 200 060 240 104
0026 205 063 246 103
0027 208 062 252 104
0028 208 064 251 108
0029 207 062 251 103
0030 206 062 249 102
0031 204 064 248 103
0032 200 070 240 110
0033 192 079 225 123
0034 171 111 214 160
0035 147 156 196 209
0036 135 197 183 239
0037 136 213 177 239
0038 142 223 176 239
0039 144 224 178 239
0040 142 224 179 239
0041 141 224 177 239
0042 144 223 179 239
0043 138 224 177 239
