0010 155 210 191 239
0012 213 204 278 238
0013 219 180 293 221
0014 224 163 298 198
0015 227 159 303 198
0016 230 154 299 189
0017 229 145 306 180
0018 226 141 290 178
0019 229 136 303 171
0020 226 133 303 170
0021 221 129 290 170
0022 225 127 303 165
0023 224 130 302 168
0024 229 128 305 164
0025 226 127 303 163
0026 227 126 306 160
0027 227 127 305 165
0028 228 127 303 166
0029 224 129 300 165
0030 224 127 305 166
0031 226 127 304 164
0032 224 123 294 162
0033 225 123 293 162
0034 218 125 307 161
0035 221 126 302 165
0036 224 123 293 161
0037 224 125 303 164
0038 223 122 305 160
0039 219 124 300 164
0040 221 124 300 163
0041 212 120 292 154
0042 201 142 253 183
0043 180 163 219 206
0044 153 186 194 235
0045 127 215 167 239
