0000 150 222 186 239
0002 150 218 193 239
0003 150 209 190 239
0004 154 197 204 235
0005 173 163 228 204
0006 183 087 239 151
0007 191 043 237 126
0008 191 024 229 101
0009 191 016 232 090
0010 184 013 229 083
0011 181 008 223 079
0012 182 007 224 081
0013 183 011 225 083
0014 184 011 230 080
0015 189 010 230 084
0016 185 014 225 084
0017 189 012 231 081
0018 184 010 226 083
0019 182 018 228 085
0020 188 013 224 087
0021 186 024 230 090
0022 187 048 224 127
0023 178 098 223 155
0024 159 164 200 205
0025 147 201 189 238
0026 146 218 187 239
0027 149 210 185 239
0028 151 219 184 239
0029 148 218 187 239
0030 150 222 185 239
