0006 135 210 178 239
0007 149 179 179 212
0008 142 111 189 175
0009 139 072 190 142
0010 139 047 188 128
0011 138 051 185 121
0012 138 043 179 116
0013 137 042 180 116
0014 131 048 179 114
0015 137 045 181 114
0016 135 042 179 118
0017 135 040 178 116
0018 132 043 175 112
0019 133 043 174 112
0020 133 045 173 115
0021 132 044 174 114
0022 132 045 175 116
0023 137 043 176 115
0024 132 041 174 113
0025 131 043 174 115
0026 132 044 174 116
0027 139 044 174 118
0028 139 041 174 116
0029 140 044 175 120
0030 141 042 179 118
0031 142 041 180 114
0032 133 044 174 116
0033 139 043 174 119
0034 133 045 173 120
0035 136 046 175 118
0036 140 042 181 120
0037 132 073 180 140
0038 150 169 177 210
0039 133 207 171 239
0040 136 215 178 239
