0001 151 221 206 239 086 211 114 239
0002 070 158 123 207 127 167 185 203
0003 077 131 127 184 117 144 169 180
0004 080 109 155 161
0005 073 104 153 154
0006 064 100 138 148
0007 063 100 134 149
0008 064 101 133 146
0009 062 121 144 163 061 092 103 133
0010 062 087 103 131 059 118 135 160
0011 064 087 110 129 046 121 131 155
0012 064 090 103 129 051 115 131 155
0013 065 093 111 135 034 131 126 166
0014 066 096 112 138 028 133 112 168
0015 027 135 109 180 062 098 113 139
0016 065 100 115 136 035 114 117 179
0017 027 129 105 175 069 104 123 141
0018 018 130 110 174
0019 016 132 105 171
0020 014 137 108 176
0021 035 145 117 199
0022 060 154 137 202
0023 087 168 159 220
0024 126 205 185 239 084 183 119 237
0025 086 206 123 239 171 221 211 239
0027 181 216 218 239
0028 176 210 214 239 098 210 138 239
0029 156 198 201 239 109 196 143 239
0030 156 176 208 227 098 165 138 224
0031 086 135 135 178 163 146 217 188
0032 166 111 225 147 076 107 123 143
0033 166 068 228 110 072 071 125 109
0034 161 052 226 091 067 057 131 093
0035 157 027 228 063 073 026 128 063
0036 159 018 228 056 061 017 126 054
0037 066 010 122 047 166 008 238 047 158 009 198 034
0038 063 007 120 046 170 012 243 046
0039 171 017 239 056 056 007 115 043
0040 053 023 107 062 173 032 242 076
0041 174 055 233 096 048 061 109 098
0042 171 101 227 137 066 119 118 158
0043 067 149 122 189 178 131 228 175
0044 168 185 215 236 067 207 110 239
