0002 049 201 119 239
0003 093 165 157 236
0004 108 130 170 207 074 159 124 220
0005 121 104 178 188
0006 129 080 195 158
0007 122 069 197 154
0008 123 072 201 151 085 111 138 172
0009 120 063 197 149 095 212 119 239
0010 122 061 201 144 085 213 109 239
0011 118 074 199 144 082 209 106 238
0012 117 076 197 145 083 209 105 237
0013 121 062 196 147 084 213 105 239
0014 121 059 196 148
0015 121 059 196 147 090 117 136 178
0016 125 064 191 144
0017 120 064 187 150
0018 118 077 196 145
0019 121 077 184 150
0020 108 079 167 143
0021 086 095 125 171 123 107 163 172 055 197 094 234
0022 117 121 158 181 065 127 106 187
0023 032 196 080 239 104 174 144 220
0024 092 209 132 239
