0000 100 207 125 238 183 193 210 233
0001 101 206 126 237 186 195 207 230
0002 103 205 125 235 188 191 208 231
0003 102 206 125 237 184 157 220 197
0004 101 205 127 239 165 113 215 152
0005 100 207 126 238 145 067 201 102
0006 099 207 127 237 143 063 196 099
0007 102 209 125 239 143 065 193 098
0008 102 207 125 239 142 067 204 104
0009 101 211 126 239 143 067 188 097
0010 105 207 126 237 139 066 183 096
0011 104 206 129 235 141 065 191 099
0012 101 207 125 237 144 068 186 098
0013 101 206 127 238 144 067 200 105
0014 105 205 126 236 162 088 203 126
0015 105 209 125 235 194 142 229 187
0016 099 207 124 238
0017 102 206 125 237 188 189 209 231
0018 102 208 125 237
0019 102 208 125 238
