0003 139 221 180 239
0004 125 195 180 238
0005 129 171 173 221
0006 133 156 179 208
0007 126 147 174 195
0008 126 135 173 190
0009 125 131 173 185
0010 127 123 176 179
0011 126 124 176 180
0012 121 141 178 190
0013 133 159 188 203
0014 152 169 214 206
0015 198 141 260 197
0016 219 096 275 171
0017 220 061 264 149
0018 212 055 255 136
0019 206 055 248 135
0020 204 056 243 133
0021 203 057 244 139
0022 201 059 244 142
0023 200 062 244 142
0024 202 064 245 144
0025 202 064 244 146
0026 199 067 243 144
0027 200 069 243 145
0028 197 077 242 149
0029 190 100 230 169
0030 179 123 225 181
0031 159 170 208 223
0032 149 218 195 239
