0000 132 159 191 188
0001 130 163 194 193
0002 132 155 190 186
0003 150 160 190 188 130 152 154 184
0004 158 166 192 191 129 142 151 180
0005 162 170 200 192 120 129 155 176
0006 161 168 201 195 120 107 147 165
0007 122 092 145 139 159 169 198 193
0008 121 085 145 131 165 172 200 198
0009 119 076 145 127 164 172 204 201
0010 165 176 203 203 118 071 145 121
0011 169 174 207 204 119 071 146 120
0012 171 175 204 202 120 071 146 118
0013 171 175 204 202 119 073 144 121
0014 170 175 204 202 119 072 144 124
0015 169 175 204 201 119 072 144 122
0016 168 174 211 198 114 069 147 126
0017 170 170 209 193 119 071 146 120
0018 179 168 213 188 119 072 146 123
0019 119 072 145 124 193 157 218 185
0020 118 070 145 121 202 151 226 178
0021 118 070 145 122 209 142 232 175
0022 120 068 142 114 215 116 240 158
0023 118 066 146 118 217 098 239 137
0024 222 079 246 123 117 069 143 120
0025 223 071 247 111 117 069 143 121
0026 118 066 144 116 220 059 240 096
0027 117 064 145 118 207 056 228 093
0028 120 064 146 115 186 057 211 101
0029 123 063 148 115 167 079 202 124
0030 169 110 205 142 122 064 146 115
0031 198 119 238 160 120 065 145 115
0032 234 123 261 158 118 066 143 114
0033 118 064 146 114 241 112 269 156
0034 121 065 146 110 246 101 275 139
0035 120 066 146 118 245 087 273 126
0036 235 075 259 114 123 065 148 116
0037 125 065 150 115 214 068 239 098
0038 174 078 210 118 126 064 148 107
0039 125 066 152 111 159 108 196 141
0040 183 122 221 159 126 066 152 113
0041 125 062 151 114 226 131 252 164
0042 124 063 150 114 235 121 266 160
0043 124 063 150 114 245 098 272 139
0044 237 078 260 117 125 065 150 113
0045 213 067 237 098 126 068 150 114
0046 125 065 150 114 167 077 201 118
0047 156 114 193 155 126 065 150 115
0048 169 151 210 178 124 066 152 117
0049 219 154 245 179 124 067 152 118
0050 234 136 260 174 125 068 149 116
0051 127 066 149 112 240 101 267 144
0052 222 074 247 112 128 072 153 118
0053 130 066 154 114 190 071 219 112
0054 132 068 156 113 161 091 191 138
0055 161 138 199 169 131 067 156 115
0056 130 070 155 115 200 163 227 189
0057 234 145 263 178 128 065 152 114
0058 246 124 272 162 131 065 152 116
0059 240 089 267 129 128 065 161 114
0060 208 077 236 120 132 062 156 114
0061 132 065 158 109 171 088 197 123
0062 155 132 191 165 133 065 158 109
0063 132 063 157 119 177 160 216 189
0064 130 064 155 117 215 146 243 177
0065 225 107 250 149 132 064 153 111
0066 218 085 244 125 131 067 154 114
0067 130 064 156 110 196 075 225 112
0068 130 063 155 113 174 085 196 120
0069 123 063 156 117 156 117 194 159
0070 125 067 150 115 195 165 230 195
0071 238 154 265 183 123 070 149 119
0072 246 112 274 156 122 071 148 121
0073 124 070 149 119 228 082 256 127
0074 125 067 151 118 201 074 232 110
0075 124 065 149 114 170 084 196 116
0076 154 112 187 153 124 065 149 114
0077 153 160 198 191 125 066 150 119
0078 177 205 214 233 121 072 146 121
0079 122 071 146 125 201 209 226 239
0080 120 075 144 121 210 212 235 239
0081 121 078 144 127 213 206 234 237
0082 119 084 144 134 210 212 235 235
0083 205 210 229 239 119 093 143 141
0084 194 210 218 239 121 121 144 169
0085 124 144 151 183 188 208 219 239
0086 121 176 157 210 194 209 219 239
0087 124 187 151 232 195 210 223 238
0088 198 212 224 234 124 208 150 239
0089 199 213 224 238 117 215 141 239
0090 195 213 222 235 115 217 139 238
0091 192 211 221 237 113 219 135 239
