0000 148 208 201 239 102 203 150 239
0001 148 208 201 239 108 206 147 239
0002 148 206 201 239 108 205 148 239
0003 146 203 203 238 108 203 147 239
0004 148 202 197 238 108 200 144 239
0005 138 196 193 237
0006 136 191 191 237 102 191 136 233
0007 129 183 177 226 100 191 130 236
0008 117 172 179 218 087 179 132 236
0009 120 161 166 210 077 170 127 229
0010 111 159 170 208 074 150 123 221
0011 073 150 116 222 109 153 167 202
0012 108 159 172 207 075 143 116 220
0013 074 153 123 213 105 154 161 203
0014 075 147 115 210 104 151 164 199
0015 070 144 119 204 104 159 163 206
0016 106 161 162 206 072 140 113 202
0017 105 150 158 203 075 138 116 200
0018 070 138 116 197 102 153 162 203
0019 069 134 111 199 106 160 163 207
0020 101 151 161 202 074 143 118 197
0021 104 152 162 200 073 136 113 200
0022 107 160 160 207 071 140 111 197
0023 076 139 114 200 105 156 164 206
0024 102 152 164 203 076 143 115 195
0025 108 152 171 198 079 140 119 196
0026 117 153 171 199 077 149 118 201
0027 126 153 178 198 079 153 120 205
0028 133 153 182 197 082 152 129 206
0029 080 151 125 203 135 151 180 192
0030 086 153 134 206 137 150 185 192
0031 076 154 131 211 141 152 184 191
0032 144 152 192 196 081 157 132 210
0033 147 153 197 195 087 160 134 210
0034 149 153 196 196 087 165 138 209
0035 090 165 135 205 152 153 196 196
0036 152 153 200 197 093 165 140 209
0037 095 164 141 205 155 152 202 194
0038 156 151 204 196 095 163 143 204
0039 096 164 144 204 157 151 202 196
0040 158 152 207 196 099 167 141 206
0041 158 152 202 194 094 170 139 212
0042 158 158 205 200 094 174 138 212
0043 158 169 201 219 088 178 136 233
0044 079 183 136 233 159 178 209 227
0045 072 183 139 235 161 180 214 226
0046 078 181 135 230 159 179 218 220
0047 156 179 223 221 075 181 136 234
0048 064 172 142 214 152 173 222 209
0049 065 170 139 209 154 168 216 206
0050 156 155 209 196 068 164 143 201
0051 064 165 143 201 155 151 213 197
0052 163 146 224 191 060 164 138 203
0053 060 164 139 203 160 143 218 187
0054 057 163 139 202 160 147 224 194
0055 062 167 139 203 159 152 215 195
0056 162 164 223 202 067 170 132 214
0057 163 178 214 232 068 177 113 230
0058 163 194 216 239 064 196 117 239
0059 067 206 115 239 171 211 216 239
0060 074 212 114 239
