0000 149 139 176 176
0001 149 139 176 176
0002 149 139 176 176
0004 149 138 176 175
0005 096 216 120 239
0006 208 188 236 227 092 180 117 223
0007 205 132 230 175 098 132 123 177
0008 203 116 228 157 103 118 130 160
0009 201 116 226 152 110 115 130 154
0010 198 112 223 153 113 116 134 155
0011 198 117 223 155 114 118 137 154
0012 204 124 225 155 110 124 138 167
0013 201 124 223 158 111 124 139 167
0014 199 123 221 155 117 121 139 165
0015 201 125 223 158 117 121 140 164
0016 203 124 227 156 111 123 135 163
0017 201 125 223 159 110 122 134 163
0018 198 120 222 156 111 121 136 164
0019 201 125 222 158 112 121 136 161
0020 200 124 221 156 112 121 135 159
0021 201 125 222 158 111 120 137 160
0022 197 121 224 156 110 123 138 165
0023 196 120 223 156 112 122 136 161
0024 197 130 223 168 109 127 136 173
0025 198 162 219 191 110 157 135 196
0026 203 193 227 228 110 194 133 234
0027 109 209 132 238 202 221 225 239
0028 112 215 135 239
