0001 087 213 134 237
0002 088 207 133 239
0003 089 201 138 239
0004 205 176 243 236 103 176 149 233
0005 198 147 235 206 112 154 164 202
0006 133 142 186 189 189 135 224 186
0007 139 138 188 187 185 130 220 193
0008 145 138 184 187 181 133 217 195
0009 139 140 186 185 186 131 222 191
0010 137 141 188 190 182 134 219 193
0011 135 141 187 189 180 130 217 196
0012 138 135 184 188 183 131 213 197
0013 144 134 189 190 181 132 218 196
0014 145 136 189 189 180 132 217 197
0015 142 134 186 195 184 130 213 200
0016 141 138 181 191 183 130 213 200
0017 140 138 182 189 183 131 213 202
0018 145 140 188 192 183 131 213 203
0019 139 138 183 190 182 131 213 203
0020 144 138 189 193 181 134 212 204
0021 145 141 188 193 181 132 212 205
0022 144 145 188 197 183 143 210 202
0023 182 156 223 213 128 159 175 208
0024 187 177 228 238 116 180 165 237
0025 194 204 229 235 095 211 145 239
