0000 101 201 136 236 206 194 240 237
0001 100 203 135 238 206 196 241 238
0002 100 199 139 238 206 197 243 239
0003 203 195 245 238 100 203 134 237
0004 101 202 141 239 202 194 240 239
0005 201 194 243 239 102 196 137 239
0006 188 189 238 229 096 206 129 239 101 179 134 213
0007 197 163 240 209 104 180 140 224
0008 109 174 152 214 184 147 228 186
0009 112 171 163 210 176 125 227 161
0010 110 174 170 212 169 111 217 151
0011 113 168 172 211 156 104 207 139
0012 118 169 173 210 148 106 200 139
0013 118 165 174 202 146 106 191 142
0014 112 159 176 192 140 107 186 142
0015 112 153 177 184 134 110 180 147
0016 117 152 184 184 132 113 181 156
0017 129 120 178 162 117 144 186 182
0018 125 122 184 174
0019 122 121 176 171
0020 124 123 182 173
0021 124 124 181 174
0022 124 124 182 174
0023 126 123 183 175
0024 126 122 183 175
0025 124 123 182 174
0026 132 117 184 163 121 143 182 178
0027 132 118 185 161 120 142 186 181
0028 132 118 185 160 121 143 186 184
0029 132 118 186 160 117 147 187 182
0030 132 118 187 161 118 147 186 182
0031 133 119 185 159 117 145 185 182
0032 133 119 183 158 118 147 184 181
0033 118 153 178 183 138 117 181 155
0034 153 126 186 158 117 158 162 196
0035 108 170 142 221 163 136 212 175
0036 099 176 140 230 175 148 214 184
0037 184 170 225 212 099 190 128 236
0038 188 182 224 221 096 194 129 239
0039 188 181 227 224 096 201 138 239
0040 188 183 227 225 096 199 140 239
0041 183 190 225 226 101 197 144 239
0042 186 185 226 225 101 202 144 239
0043 180 191 226 227 101 202 144 239
0044 184 191 222 227 102 203 145 239
0045 185 192 222 225 099 203 140 239
0046 186 193 221 226 101 201 143 239
0047 102 201 142 239 184 188 222 226
0048 102 201 143 239 186 191 220 227
0049 102 201 143 239 183 189 221 227
0050 103 203 143 239 186 193 220 229
0051 185 191 222 226 099 204 137 239
