0003 039 220 070 239
0004 148 176 182 233 053 192 085 237
0005 152 113 196 186 047 124 077 174
0006 042 041 089 097 136 040 178 091
0007 032 019 080 080 132 013 176 064
0008 034 047 085 097 142 023 182 071
0009 034 057 083 117 148 041 188 092
0010 037 113 088 161 162 086 208 152
0011 045 098 089 139 159 076 207 142
0012 046 038 094 094 137 025 173 073
0013 040 018 086 076 131 011 168 056
0014 032 034 081 089 128 017 168 051
0015 030 047 076 116 141 031 183 077
0016 043 099 093 143 145 068 197 129
0017 046 082 096 126 144 054 183 110
0018 049 032 094 089 133 020 170 065
0019 043 013 088 072 124 005 165 045
0020 036 039 074 085
0021 038 058 082 098 129 049 168 078
0022 035 062 087 122 116 067 167 100
0023 049 088 105 145 109 087 149 121
0024 070 094 125 143
0025 082 095 132 141
0026 086 096 140 145
0027 098 103 146 149
0028 092 104 141 155
0029 101 107 148 156
0030 103 109 157 155
0031 104 109 159 154
0032 108 117 164 159
0033 114 111 180 157
0034 129 098 177 148 105 113 136 163
0035 132 091 173 141 107 112 135 161
0036 134 092 180 142 109 109 140 159
0037 134 091 179 142 109 109 139 160
0038 130 087 173 141 107 109 137 161
0039 129 087 176 139 106 108 137 164
0040 126 083 178 141 107 108 141 163
0041 133 092 179 142 108 116 135 157
0042 133 092 180 144 107 116 135 158
0043 133 099 180 147 107 111 141 164
0044 138 100 184 153 107 114 142 166
0045 092 130 144 182 144 130 185 181
0046 061 169 115 221 145 153 193 217
0047 154 186 197 239 034 205 077 239
0050 155 211 195 239
0051 157 205 201 239
0052 156 209 195 239
0053 156 208 194 239
