0000 112 192 134 228 183 189 203 222
0001 110 189 131 228 185 187 203 219
0002 112 192 135 229 183 185 207 218
0003 112 191 135 229 189 176 215 208
0004 111 192 135 229 203 157 238 187
0005 209 125 248 154 112 191 135 228
0006 112 193 134 229 219 086 243 114
0007 209 056 234 093 111 188 134 224
0008 113 194 134 229 198 044 220 081
0009 113 192 135 228 178 046 204 082
0010 113 194 135 229 172 052 212 095
0011 113 193 135 230 169 048 207 088
0012 115 195 134 224 170 048 208 090
0013 114 194 136 229 170 048 208 090
0014 171 054 211 092 115 196 134 224
0015 114 191 136 225 171 051 213 093
0016 176 046 217 093 115 198 134 227
0017 113 194 134 230 193 048 228 094
0018 112 193 133 231 217 077 240 118
0019 113 193 134 230 220 105 251 134
0020 112 193 134 230 203 140 246 170
0021 115 197 135 226 202 169 226 204
0022 115 198 135 227 186 174 215 208
0023 114 189 136 224 184 175 207 208
