0000 079 198 107 235 184 206 206 237
0001 183 206 206 237 079 199 107 237
0002 184 205 207 237 079 198 107 236
0003 185 206 210 238 081 198 107 235
0004 190 201 214 234 081 198 107 235
0005 194 194 224 223 080 202 106 233
0006 199 180 239 213 080 201 103 234
0007 213 146 261 178 078 201 102 236
0008 221 101 263 140 077 200 101 236
0009 219 050 248 094 078 201 104 232
0010 077 199 101 233 211 042 235 074
0011 078 202 101 236 200 036 228 066
0012 189 040 216 080 079 200 102 237 151 081 202 125
0013 081 201 107 235 182 060 210 108
0014 079 202 107 236 173 074 206 128
0015 158 089 201 151 080 201 109 235
0016 078 200 108 238 161 117 191 174 171 087 204 127
0017 080 200 105 234 155 143 183 196
0018 150 159 180 204 079 198 106 235
0019 141 164 179 214 081 201 105 236
0020 138 167 177 214 081 199 104 235
0021 138 167 176 213 081 198 107 235
0022 137 166 179 207 081 198 104 235
0023 141 166 181 201 081 198 104 235
0024 146 169 187 201 081 197 103 230
0025 079 197 103 236 169 170 198 205
0026 189 173 215 214 079 197 103 235
0027 201 189 225 225 080 202 102 236
0028 197 201 219 234 079 198 107 235
0029 081 199 105 236 188 202 208 232
0030 178 203 198 237 085 202 108 232
0031 084 202 111 234 176 203 195 235
0032 084 201 107 235 180 203 197 235
