0002 198 201 232 239
0003 224 139 258 186
0004 223 084 271 141
0005 223 058 271 119
0006 223 051 270 116
0007 225 050 267 113
0008 225 049 269 114
0009 226 049 271 116
0010 226 050 269 112
0011 227 043 270 115
0012 226 052 272 114
0013 226 052 272 113
0014 225 050 272 112
0015 225 050 269 111
0016 226 048 265 110
0017 225 049 268 111
0018 227 049 268 116
0019 227 050 268 115
0020 225 050 268 112
0021 226 050 269 112
0022 227 056 271 110
0023 227 069 266 124
0024 224 099 258 143
0025 208 142 247 186
0026 183 186 228 234
