0000 103 209 126 236 183 191 203 225
0001 103 208 126 237 181 190 202 226
0002 103 206 129 237 189 184 211 223
0003 101 180 125 215 194 155 226 187
0004 202 098 226 135
0005 107 083 131 114 185 067 220 110
0006 170 070 200 107 107 072 128 100
0007 180 068 206 106 105 069 130 102
0008 179 070 207 107 105 073 131 103
0009 180 067 209 106 105 074 127 106
0010 180 067 208 106 107 076 131 104
0011 180 066 209 107 105 073 131 103
0012 180 067 209 106 106 074 131 103
0013 180 074 205 114 106 076 128 108
0014 188 110 210 141 106 097 133 134
0015 110 147 133 179 189 161 213 195
0016 105 181 131 213 184 180 203 210
0017 106 210 132 238 179 190 199 224
0018 105 211 129 239 179 189 200 224
0019 102 207 128 239 178 189 198 223
0020 102 212 130 238 177 189 198 225
0021 106 211 133 239 177 188 198 224
