0000 140 210 164 235 241 216 268 239
0001 141 215 161 239 240 218 273 239
0002 142 216 161 239 240 218 273 239
0003 142 216 161 239 240 221 267 239
0004 240 220 267 239 141 215 161 239
0005 144 218 162 239 240 220 267 239
0006 141 214 164 239 240 220 267 239
0007 133 212 158 236 240 220 266 239
0008 115 198 143 233 240 220 266 239
0009 240 220 266 239 087 157 132 198
0010 084 124 128 158 240 220 266 239
0011 092 076 125 122 240 220 266 239
0012 097 053 134 106 239 218 266 239
0013 101 053 141 103 233 214 270 239
0014 108 049 141 101 237 216 262 239
0015 104 052 145 099 234 214 270 239
0016 104 048 146 096 239 217 264 239
0017 104 051 145 096 239 217 264 239
0018 104 047 146 095 239 217 264 239
0019 104 050 148 098 239 218 264 239
0020 103 051 147 100 239 217 264 239
0021 102 050 146 100 239 218 263 239
0022 107 047 143 103 239 218 264 239
0023 107 048 142 102 239 218 264 239
0024 111 048 140 098 238 217 262 239
0025 110 049 140 098 238 217 262 239
0026 110 049 140 098 236 216 268 238
0027 108 050 140 093 238 216 262 239
0028 108 048 140 097 236 215 267 238
0029 111 048 140 096 238 216 262 239
0030 107 055 137 102 236 216 267 238
0031 238 217 263 239 093 080 127 130
0032 087 149 124 198 238 218 263 239
0033 111 198 142 237 238 218 262 239
0034 238 217 263 239 122 212 145 239
0035 239 217 263 239 139 217 164 239
0036 240 217 263 239 141 215 169 238
0037 238 216 268 237 142 214 163 239
0038 242 215 269 239 141 216 161 239
0039 240 219 269 239 142 217 161 239
