0000 161 195 182 229 070 194 094 228
0001 161 195 182 229 070 193 094 227
0002 072 191 096 229 161 195 182 229
0003 072 195 097 229 157 188 182 225
0004 072 194 097 228 153 186 176 224
0005 070 192 094 229 147 180 176 219
0006 070 192 095 229 136 166 174 209
0007 071 195 095 227 137 152 171 191
0008 126 127 178 166 071 194 095 227
0009 071 194 095 227 161 090 205 126 121 104 171 130
0010 072 193 097 230 116 074 160 101
0011 072 193 097 230 107 054 165 082
0012 071 195 098 232 109 050 157 078
0013 071 196 099 232 109 050 157 078
0014 071 196 099 231 110 052 157 076
0015 071 194 096 229 109 051 155 078
0016 070 193 096 230 109 051 155 079
0017 070 193 096 229 109 051 155 079
0018 071 193 096 229 109 049 157 079
0019 070 194 096 230 110 050 156 080
0020 068 194 095 231 115 053 160 075
0021 067 194 094 231 119 030 167 074
0022 067 194 095 232 174 027 216 067
0023 065 194 094 233 199 025 229 068
0024 195 031 236 074 062 193 088 229
0025 198 039 232 079 060 189 086 231
0026 192 036 234 078 058 189 085 229
0027 194 043 226 083 058 191 086 233
0028 192 047 224 088 062 194 087 228
0029 191 058 229 095 060 193 087 230
0030 194 069 225 102 062 193 088 229
0031 194 076 225 112 063 195 088 230
0032 190 093 227 138 064 195 088 231
0033 187 116 221 171 065 193 092 229 158 087 196 122
0034 178 152 209 205 062 192 096 229
0035 158 179 190 229 066 195 092 229
0036 066 194 094 229 143 188 171 227
0037 145 179 181 225 067 194 094 230
0038 150 178 181 222 068 194 097 229
0039 151 179 184 222 070 194 095 230
0040 072 193 097 229 148 180 178 223
0041 073 195 098 230 148 182 177 225
0042 073 195 098 230 148 181 178 223
0043 072 195 097 230 145 182 176 225
