0000 112 220 136 238 191 215 211 239
0001 111 215 134 239 192 214 213 239
0002 105 206 128 236 196 204 223 239
0003 097 197 137 235 189 158 225 192
0004 111 196 150 229 172 148 215 176
0005 152 179 192 209 122 127 168 150
0006 183 170 217 200 112 124 150 144
0007 180 161 214 187 118 122 159 142
0008 130 118 180 141 164 149 198 178
0009 145 120 192 142 145 146 191 177
0010 125 145 162 172 166 115 211 137
0011 129 146 161 181 162 117 208 142
0012 138 119 181 142 146 158 185 187
0013 165 159 202 186 120 122 164 142
0014 180 156 209 186 115 126 152 148
0015 171 153 211 181 115 125 165 148
0016 141 125 186 147 155 149 194 175
0017 138 139 182 171 151 124 199 144
0018 120 144 167 170 165 123 213 144
0019 130 143 161 170 165 123 212 146
0020 135 148 180 178 148 121 197 143
0021 158 153 197 184 129 116 165 140
0022 117 121 152 143 172 149 212 182
0023 172 148 208 179 117 121 160 141
0024 121 120 183 144 152 136 189 172
0025 133 138 183 169 143 124 193 150
0026 172 125 214 147 114 141 152 170
0027 112 155 142 181 173 135 215 161
0028 108 155 146 183 173 136 210 167
0029 103 175 139 209 171 165 208 201
0030 098 192 127 229 187 189 218 231
0031 195 206 221 239 102 209 129 238
0032 104 216 129 239 194 220 220 239
0033 108 218 131 236 192 215 218 237
0034 106 216 132 239 191 214 212 236
0035 108 216 132 239 189 216 210 239
0036 109 216 133 239 191 216 210 239
0037 109 216 133 239 191 216 210 239
0038 109 217 134 239 190 216 210 239
0039 109 217 134 239 190 216 210 239
0040 109 217 134 239 190 215 210 239
