0002 107 216 146 239
0003 114 172 153 220
0004 118 108 148 166 132 152 161 203
0005 127 066 155 126
0006 125 051 158 113
0007 129 045 159 108
0008 135 046 161 105
0009 136 046 165 110
0010 135 046 164 109
0011 123 052 153 109
0012 119 044 147 099
0013 130 045 159 104
0014 122 048 153 109
0015 120 044 148 102
0016 127 047 159 109
0017 123 058 158 111
0018 116 053 151 116
0019 121 055 150 109
0020 129 045 159 108
0021 117 055 149 114
0022 115 053 154 113
0023 132 044 158 108
0024 130 055 158 114
0025 118 053 149 107
0026 125 049 150 103
0027 138 061 164 119
0028 131 124 158 167
0029 119 170 155 225
0030 109 221 142 239
0031 113 204 148 235
