0002 177 220 212 238
0003 147 214 183 238 106 221 150 238
0004 101 192 142 235 152 189 194 237
0005 115 146 162 202 163 157 211 221
0006 161 117 206 177 125 123 160 177
0007 128 109 166 163 167 106 205 162
0008 131 100 168 159 165 097 200 151
0009 132 101 166 158 168 098 205 154
0010 132 103 165 158 167 098 205 154
0011 164 093 206 151 131 096 167 155
0012 131 099 167 155 168 090 208 148
0013 130 097 166 156 164 089 206 151
0014 164 093 207 150 131 099 167 156
0015 166 088 207 150 131 100 165 153
0016 165 087 207 152 130 094 170 153
0017 131 097 168 157 166 093 204 152
0018 127 096 171 156 167 091 202 150
0019 128 100 165 161 163 098 205 154
0020 126 118 161 180 166 119 201 171
0021 099 144 141 216 160 158 205 221
0022 081 201 118 239 154 210 197 239
