0011 160 216 207 239
0012 152 208 203 239
0013 147 207 188 239
0014 119 195 168 234 065 162 103 215
0015 043 154 094 198 103 178 161 212
0016 033 131 076 171 091 169 164 196
0017 020 118 077 161 081 153 143 187
0018 018 114 067 156
0019 012 101 055 141
0020 012 103 064 138
0021 015 096 066 132
0022 013 090 067 135 048 116 110 158
0023 016 091 068 136
0024 013 090 058 130 036 115 111 153
0025 016 095 069 137
0026 013 094 066 139
0027 020 100 090 148
0028 016 096 084 141
0029 014 087 060 131
0030 013 085 069 129
0031 017 087 078 128
0032 012 084 082 130
0033 013 084 069 125
0034 014 084 082 125
0035 013 089 071 127
0036 017 097 059 138
0037 025 111 073 149
0038 038 136 083 171 072 139 128 175
0039 081 163 145 191
0040 097 182 152 209 065 169 104 212
0041 109 190 160 234 081 181 117 225
0042 124 202 170 239 091 193 127 239
0043 095 207 132 239 137 210 182 238
0044 096 212 132 238 153 211 194 239
0045 097 213 134 239 157 215 195 239
0046 094 213 135 239 159 216 198 239
0047 097 210 132 239 160 215 196 239
0048 098 201 140 239 155 209 198 239
0049 154 202 198 239 096 196 138 239
0050 092 165 133 233 157 172 207 236
0051 096 143 137 200 161 146 208 204
0052 160 119 211 163 087 111 135 168
0053 080 085 128 132 156 097 208 127
0054 080 066 133 105 191 082 235 140 154 077 209 107
0055 154 057 211 093 081 050 134 093
0056 155 049 207 084 083 039 128 082
0057 153 039 207 087 083 042 118 081
0058 155 055 204 091 075 043 117 086
0059 073 079 118 118 149 098 186 132
0060 073 102 120 147 149 126 195 177
0061 078 128 124 177 149 147 191 205
0062 084 151 130 200 149 167 193 223
0063 149 187 190 239 082 162 131 211
