0010 172 211 216 239
0011 177 199 223 238
0012 168 149 214 210 162 138 188 171
0013 174 113 219 187
0014 177 085 230 174 169 088 192 124
0015 180 069 230 158
0016 180 065 232 153
0017 180 069 237 160
0018 181 067 238 159
0019 182 061 234 154
0020 184 066 240 158
0021 187 070 238 158
0022 187 070 238 152
0023 188 068 239 151
0024 188 069 244 157
0025 186 064 240 153
0026 183 061 244 151
0027 186 064 242 154
0028 189 064 245 149
0029 184 054 243 152
0030 186 061 241 148
0031 184 061 243 146
0032 184 058 241 148
0033 188 058 244 154
0034 183 058 242 150
0035 183 056 240 147
0036 189 059 242 155
0037 184 059 242 147
0038 188 061 244 150
0039 184 058 247 155
0040 185 065 242 152
0041 185 059 241 151
0042 186 065 243 155
0043 188 066 245 156
0044 192 079 245 162
0045 202 102 241 165 183 082 223 163
0046 163 146 226 191
0047 164 172 206 222
0048 171 205 214 239
