0000 181 202 206 238 104 203 125 235
0001 180 201 208 239 101 202 124 235
0002 181 203 207 239 107 201 129 236
0003 180 201 208 239 106 200 129 236
0004 180 203 207 239 106 200 129 236
0005 180 202 206 239 107 203 129 238
0006 181 206 204 236 105 201 128 234
0007 181 203 203 235 101 192 125 232
0008 170 200 204 235 101 184 137 225
0009 164 175 199 206 097 157 128 192
0010 089 116 132 150 152 127 192 158
0011 085 084 137 118 146 079 185 121
0012 131 028 172 075 085 050 137 087
0013 139 025 180 067 099 034 135 064
0014 149 028 174 067 099 033 147 066
0015 146 028 173 067 102 031 151 060
0016 111 028 162 063 144 032 180 074
0017 109 027 168 061
0018 108 029 159 061 137 025 178 067
0019 105 029 162 066 143 027 173 073
0020 102 033 148 062 130 027 172 062
0021 151 029 181 068 095 033 135 065
0022 080 037 121 070 174 031 202 074
0023 067 038 108 074 187 034 219 076
0024 192 039 226 080 062 042 097 076
0025 195 041 228 083 063 042 097 075
0026 063 041 101 080 196 041 225 082
0027 061 042 102 079 195 044 223 085
0028 061 046 098 083 192 047 225 088
0029 191 063 224 107 062 059 098 094
0030 190 070 224 113 063 066 099 100
0031 067 117 099 147 182 119 216 153
0032 176 165 211 201 079 162 101 199
0033 178 183 209 221 089 189 112 226
0034 175 199 201 231 099 200 118 235
0035 177 200 203 237 106 205 125 236
0036 107 200 132 237 181 204 202 238
0037 106 202 128 234 179 204 208 239
0038 182 203 208 239 105 196 127 237
0039 181 203 207 239 107 202 128 235
0040 180 202 206 239 107 202 126 234
0041 180 201 206 239 106 202 129 238
0042 180 201 205 239 108 205 128 236
0043 179 203 204 239 108 204 128 235
0044 182 206 202 236 108 204 128 235
0045 180 202 206 239 108 202 128 235
