0000 083 148 131 180 043 197 089 238
0001 072 141 134 173 038 202 072 235
0002 065 136 132 166 037 201 075 234
0003 065 129 128 165 038 201 077 236
0004 062 129 129 160 038 203 075 239
0005 060 128 130 160 039 201 076 238
0006 069 131 135 164 039 201 076 237
0007 072 129 137 164 040 201 077 237
0008 092 133 135 172 041 201 078 237
0009 101 131 140 173 041 202 077 236
0010 102 125 141 169 043 202 075 238
0011 096 128 135 170 040 200 080 234
0012 077 123 134 159 041 202 077 236
0013 060 120 130 154 038 203 071 238
0014 062 123 126 155 037 203 075 238
0015 076 125 129 160 041 202 079 234
0016 098 127 137 165 041 203 079 233
0017 098 132 138 171 042 203 079 234
0018 086 129 131 169 043 200 081 236
0019 063 130 124 165 043 201 080 235
0020 060 128 128 164 042 202 077 232
0021 075 130 125 164 041 201 078 233
0022 094 136 134 174 042 200 083 236
0023 093 133 136 173 041 202 077 234
0024 080 137 127 171 039 200 078 233
0025 058 136 123 167 041 201 077 233
0026 056 137 123 169 039 202 070 234
0027 070 138 127 166 042 201 081 235
0028 082 141 138 169 042 199 081 236
0029 085 142 133 170 039 202 078 234
0030 085 142 135 171 040 201 079 234
0031 084 145 130 172 040 200 078 235
0032 039 202 078 233 088 144 129 175
0033 042 201 074 234 087 151 140 182
0034 090 164 142 194 040 201 078 233
0035 094 177 142 211 042 200 075 235
0036 097 186 138 223 040 199 080 234
0037 100 193 136 233 044 202 079 235
0038 101 197 140 235 043 200 080 236
0039 099 198 146 239 042 203 079 234
0040 099 206 142 239 037 206 070 236
0041 097 206 140 239 036 204 075 238
0042 097 207 141 239 042 201 081 237
0043 099 202 141 238 042 201 077 235
0044 098 208 139 239 038 202 072 238
0045 099 209 141 239 037 204 072 239
