0000 109 217 155 239 147 216 190 239
0001 172 199 215 239 145 208 192 239
0003 113 221 155 239
0004 099 214 160 239 028 210 067 239
0005 107 199 170 234
0006 134 140 194 188 028 221 063 239
0007 146 098 196 147
0008 175 065 219 121 024 216 069 239
0009 183 043 227 101
0010 181 029 230 084
0011 190 011 234 071
0012 196 009 239 066
0013 198 011 236 065
0014 192 010 228 057
0015 184 008 220 049
0017 159 007 203 052
0018 144 010 190 048
0019 114 009 187 051
0020 113 019 174 062
0021 121 030 179 083
0022 098 045 162 090
0023 101 066 157 115
0024 093 111 159 154
0025 079 146 160 203
0026 074 177 156 239 163 187 209 232
0027 082 196 157 239
0028 079 212 154 239 175 195 218 239
0029 080 212 155 239
0030 084 214 160 239
0031 087 219 148 239 133 208 193 239
0032 087 218 147 239
