0006 131 223 160 239
0007 144 197 194 239
0008 155 155 197 221
0009 162 148 225 202
0010 175 115 225 183
0011 179 106 259 169
0012 195 099 245 170
0013 202 089 249 168 222 104 274 128
0014 207 088 253 161 227 102 279 126
0015 207 086 254 161
0016 215 086 264 159
0017 213 084 259 158
0018 217 089 266 154
0019 214 089 261 159
0020 211 082 257 157
0021 214 090 261 157
0022 207 096 276 157
0023 205 096 274 156
0024 209 089 257 159
0025 205 097 275 155
0026 208 089 257 162
0027 203 097 274 157
0028 207 090 258 165
0029 207 090 258 165
0030 207 089 255 163
0031 204 091 256 164
0032 201 095 253 165
0033 189 105 239 167
0034 179 119 223 175
0035 165 132 200 189
0036 152 149 194 205
0037 138 184 171 231
0038 128 210 161 239
