0000 195 185 213 215 135 190 154 224
0001 195 185 213 214 134 189 154 223
0002 195 185 213 214 134 189 154 223
0003 195 185 213 214 134 189 154 222
0004 195 185 213 214 134 189 154 222
0005 195 185 212 214 134 189 154 222
0006 195 185 212 214 134 189 154 221
0007 195 185 212 214 137 192 154 221
0008 195 185 212 214 134 189 154 222
0009 195 186 212 213 134 189 154 222
0010 195 186 212 213 134 189 153 223
0011 132 193 150 225 195 186 212 214
0012 195 184 213 215 120 189 140 223
0013 104 183 123 214 195 183 213 214
0014 071 176 105 206 197 183 214 211
0015 055 159 092 189 194 183 212 210
0016 035 137 076 163 195 184 214 215
0017 029 125 073 147 195 183 212 211
0018 027 112 070 137 195 184 214 215
0019 029 111 068 136 192 186 211 214
0020 031 110 066 134 198 183 215 211
0021 031 109 067 133 198 183 215 211
0022 031 105 064 132 195 185 213 214
0023 025 108 063 132 195 185 213 214
0024 027 105 064 132 196 185 213 214
0025 028 105 063 130 195 185 213 214
0026 028 105 064 130 195 184 213 214
0027 028 105 064 130 195 184 212 214
0028 027 106 063 130 195 185 212 215
0029 026 106 063 130 195 185 212 215
0030 026 107 063 130 195 185 213 215
0031 026 106 063 133 195 185 212 214
0032 025 107 063 130 192 183 211 211
0033 026 107 063 131 194 184 212 214
0034 033 105 063 131 194 184 212 214
0035 026 106 063 130 194 184 212 214
0036 027 106 062 127 194 184 212 213
0037 026 108 063 131 195 184 212 213
0038 030 112 062 139 196 186 213 214
0039 027 120 065 143 195 186 212 215
0040 054 137 083 162 194 186 212 215
0041 074 156 099 182 194 186 212 215
0042 096 169 118 199 194 186 211 214
0043 109 180 129 211 194 187 211 214
0044 121 189 140 219 194 186 211 214
0045 193 183 212 211 128 190 145 220
0046 194 183 212 212 131 190 148 217
0047 194 183 212 212 133 187 151 216
0048 193 184 211 214 131 189 149 218
0049 130 189 148 217 193 183 211 214
