0008 151 172 191 235 202 196 225 220
0009 156 139 199 212
0010 162 102 215 187
0011 164 096 235 155
0012 173 082 234 145
0013 176 072 236 135
0014 180 068 239 128
0015 180 065 238 125
0016 181 060 231 130
0017 181 056 230 127
0018 178 054 225 124
0019 176 053 224 123
0020 178 048 225 123
0021 178 054 226 124
0022 177 052 226 128
0023 178 049 225 126
0024 175 057 226 119
0025 178 051 224 124
0026 175 058 226 121
0027 175 058 226 121
0028 174 057 228 128
0029 175 057 225 117
0030 179 056 224 127
0031 178 063 225 132
0032 174 068 226 143
0033 165 096 226 161
0034 154 148 213 207
0035 146 184 205 235
