0000 070 204 106 238
0001 070 204 107 238
0002 069 205 108 237
0003 071 206 110 236
0004 071 206 109 235
0005 071 206 109 235
0006 069 206 107 237
0007 072 205 109 237
0008 069 206 109 237
0009 072 205 110 238
0010 069 206 109 239
0011 070 206 102 236 150 210 204 239
0012 147 157 210 233 070 203 105 236
0013 162 108 216 190 066 203 106 236
0014 155 077 223 157 066 203 105 237
0015 154 054 215 136 068 206 110 239
0016 161 041 213 135 070 203 108 236
0017 150 040 212 126 070 204 108 238
0018 147 038 209 125 069 204 105 239
0019 146 036 202 128 070 205 106 239
0020 145 034 199 131 071 202 109 236
0021 147 034 201 125 070 203 108 239
0022 144 038 205 124 076 203 106 236
0023 145 035 200 126 076 203 106 236
0024 141 038 203 126 069 204 105 238
0025 140 035 203 129 071 205 101 236
0026 138 039 195 133 068 204 104 238
0027 143 031 198 125 072 206 101 238
0028 144 035 200 126 068 205 104 238
0029 138 037 196 125 068 204 107 237
0030 142 037 200 130 069 204 104 238
0031 141 036 198 136 069 204 104 238
0032 140 047 199 138 069 204 104 238
0033 067 207 105 239 131 133 185 189
0034 068 207 104 238 131 208 175 239
0035 066 208 106 239
0036 069 206 105 236
0037 070 208 101 235
0038 068 208 104 239
0039 070 206 104 238
0040 070 206 104 238
0041 068 208 105 238
0042 069 208 105 238
0043 069 208 105 238
0044 069 208 105 238
0045 070 208 105 238
