0001 238 175 273 215
0002 257 183 307 229
0003 270 194 318 233
0004 273 198 319 238
0005 274 202 319 239
0006 274 203 319 239
0007 275 202 319 239
0008 275 201 319 239
0009 272 191 319 234
0010 264 176 319 208
0011 248 130 299 192 129 209 170 237
0012 126 202 173 239 225 110 270 177
0013 127 185 177 230
0014 125 175 181 214 184 132 218 181
0015 125 168 180 210 182 132 217 184
0016 128 151 180 193
0017 130 122 183 171 181 084 229 150
0018 182 076 225 131 137 094 200 150
0019 178 067 224 123 145 092 197 144
0020 175 068 228 124 148 094 198 146
0021 179 067 229 125
0022 182 069 230 119 150 093 214 145
0023 178 065 226 119 150 092 212 144
0024 182 066 226 124
0025 182 063 228 115
0026 181 062 224 117
0027 181 062 224 117
0028 181 063 228 117
0029 182 063 227 117
0030 184 057 222 124
0031 183 057 222 124
0032 183 057 222 125
0033 182 057 222 125
0034 183 056 222 125 148 097 206 148
0035 180 066 224 123 145 100 198 152
0036 177 073 219 148
0037 136 161 197 200 180 114 221 167
0038 134 209 178 239 193 180 234 219
0039 200 196 239 236
0040 205 199 245 237 121 218 165 239
0041 221 196 259 238
0042 236 187 280 228
0043 249 183 309 214
0044 262 194 319 230
0045 267 196 319 233
0046 270 200 319 237
0047 272 202 319 237
0048 274 202 319 238 236 186 278 229
0049 274 202 319 238
0050 269 194 313 232 239 186 276 224
0051 241 180 283 222 267 191 299 234
0052 237 172 270 220
0053 211 163 253 217
0054 201 157 233 203
