0000 122 206 165 238 057 208 094 237
0001 123 206 167 239 059 206 097 239
0002 120 206 163 239 065 209 094 237
0003 121 208 165 239 065 209 095 238
0004 120 207 163 239 061 204 099 239
0005 115 203 163 239 060 207 100 239
0006 059 210 100 239 133 173 174 209
0007 065 204 105 238 145 150 182 189
0008 163 105 190 153 059 209 099 239
0009 169 080 197 126 065 206 104 237
0010 170 054 206 104 065 209 094 236
0011 180 038 208 092 064 209 093 236
0012 179 023 214 080 065 208 095 236
0013 183 020 218 073 069 207 100 236
0014 188 015 215 065 066 205 105 237
0015 185 014 214 064 070 207 101 236
0016 182 011 219 061 065 205 103 237
0017 184 010 220 061 066 208 095 235
0018 189 010 218 059 066 209 096 236
0019 190 011 218 062 069 208 100 236
0020 188 009 219 063
0021 186 008 217 062 065 206 105 237
0022 189 008 216 057 066 206 102 236
0023 181 010 218 061 064 205 099 239
0024 188 013 219 060 072 205 113 239
0025 187 011 217 060 062 205 100 239
0026 186 014 214 060 064 207 107 238
0027 186 011 216 063 065 205 104 234
0028 187 014 218 061 064 205 105 235
0029 185 009 216 061 068 206 106 237
0030 185 008 216 060 068 205 105 237
0031 186 013 213 063 068 205 103 237
0032 188 012 214 062 067 206 106 237
0033 184 012 214 061 071 202 108 237
0034 184 013 212 059 071 203 111 237
0035 181 015 215 065 073 203 108 236
0036 179 017 216 069 075 192 116 234
0037 176 024 214 078 068 185 108 221
0038 176 042 203 093 063 184 097 215
0039 157 071 195 120 056 183 091 218 057 221 091 239
0040 151 107 179 154 053 186 089 223 056 218 092 239
0041 136 157 175 195 045 188 082 225
0042 125 192 166 225 058 198 093 236
0043 116 212 158 239 058 199 089 236
0044 123 206 167 239 058 200 095 237
0045 059 203 091 238 124 212 166 239
0046 123 208 162 239 052 198 089 235
0047 125 211 166 239 058 203 089 236
0048 054 200 093 237 122 211 161 238
0049 053 199 088 236 122 209 164 239
0050 122 209 161 238 058 207 097 239
0051 058 203 093 237 123 211 162 238
0052 123 211 161 238 058 203 093 239
0053 124 206 165 239 053 204 091 238
0054 121 211 161 238 059 204 092 239
