0000 188 203 228 239 108 213 153 239
0001 187 205 231 239 114 208 151 239
0002 185 204 232 239 110 212 154 239
0003 188 204 231 239 114 208 149 239
0004 114 209 149 239 182 200 230 239
0005 204 201 245 239 118 188 167 230
0006 117 162 173 204 201 187 243 234
0007 121 145 174 185 190 175 244 217
0008 128 129 180 165 185 165 233 207
0009 181 162 227 205 120 130 178 170
0010 180 159 226 204 110 125 167 165
0011 177 160 228 206 112 117 176 157
0012 098 119 152 165 173 159 222 204
0013 172 162 221 205 091 117 141 170
0014 176 162 227 208 090 117 151 161
0015 085 112 137 158 179 165 228 209
0016 078 108 128 168 171 164 229 209
0017 176 164 224 209 079 099 139 147
0018 069 088 121 129 175 164 229 209
0019 170 166 222 208 062 085 102 153
0020 176 168 228 211 051 074 107 119
0021 176 169 228 212 056 067 106 106
0022 175 168 228 212 041 063 085 106
0023 175 169 229 212 046 066 086 124
0024 171 171 220 211 047 051 099 093
0025 171 170 225 212 037 035 082 079
0026 174 170 226 212 027 045 064 091
0027 176 171 229 214 029 046 074 090
0028 176 171 230 214 028 041 079 082
0029 177 170 230 215 022 043 062 085
0030 176 170 226 215 020 048 062 088
0031 180 171 230 215 026 055 066 093
0032 185 177 229 216 031 068 071 109
0033 190 182 229 227 053 093 092 137
0034 192 196 236 237 070 135 110 177
0035 192 199 242 239 075 151 112 203
0036 085 186 124 235 207 209 244 239
0037 092 201 131 239 205 207 249 239
0038 204 212 246 239 096 205 134 236
0039 206 211 247 239 103 210 135 239
0040 208 212 249 239 102 212 133 238
