0003 065 209 107 239
0004 071 191 113 235
0005 063 179 115 238
0006 060 169 115 222
0007 066 160 118 211
0008 061 154 120 205
0009 067 151 124 202
0010 073 150 128 201
0011 079 145 133 196
0012 084 134 128 192
0013 085 131 138 185
0014 077 133 148 181
0015 072 134 146 180
0016 078 131 157 178
0017 087 130 163 181
0018 089 132 167 181
0019 097 132 171 181
0020 101 131 173 182
0021 105 124 174 173
0022 106 126 165 175
0023 103 129 168 176
0024 111 129 175 176
0025 115 130 178 182
0026 112 133 193 178
0027 120 132 203 179
0028 131 130 205 178
0029 125 128 199 176
0030 124 127 202 175
0031 126 122 190 175
0032 124 131 197 179
0033 123 137 197 184
0034 130 137 197 186
0035 135 139 205 188
0036 148 136 225 186
0037 139 136 217 184
0038 140 135 209 186
0039 139 136 206 186
0040 139 142 213 192
0041 146 144 218 194
0042 145 148 221 197
0043 156 149 231 203
0044 153 152 233 205
0045 133 152 215 201
0046 116 153 187 206
0047 093 157 156 211
0048 072 175 121 228
0049 042 208 078 239
0060 048 212 078 238
