0000 122 219 160 239
0001 121 220 167 239
0002 120 217 167 239
0003 120 217 167 239
0004 123 220 170 239
0005 123 219 165 239
0006 119 213 167 239
0007 117 205 167 239
0008 114 185 170 235 153 199 202 239
0009 151 180 200 236 109 167 160 222
0010 131 146 195 200
0011 145 125 195 177 107 119 163 171
0012 140 109 192 160 101 101 155 150
0013 141 090 197 142 094 082 154 134
0014 135 083 191 138 093 080 146 132
0015 139 084 183 141 096 077 150 133
0016 135 085 181 140 096 080 151 133
0017 131 088 188 139 095 086 144 135
0018 133 094 192 146 093 087 145 139
0019 135 097 190 148 099 089 151 138
0020 142 096 197 147 096 088 149 132
0021 142 096 196 149 097 093 152 138
0022 092 088 149 133 139 099 196 148
0023 145 100 198 151 099 095 152 136
0024 097 095 154 145 142 119 195 167
0025 091 102 149 154 152 139 203 192
0026 164 193 215 239 095 139 139 182
0027 097 171 152 218 181 202 228 239
0028 104 190 157 239
0029 115 206 158 239
0030 116 214 168 239
0031 113 219 168 239
0032 119 214 171 239
0033 120 215 171 239
0034 118 218 170 239
0035 118 218 170 239
0036 122 215 164 239
0037 124 216 166 239
0038 112 216 167 239
0039 113 215 166 239
0040 114 215 168 239
0041 126 219 169 239
0042 126 219 169 239
0043 125 216 165 239
