0000 081 191 125 237 180 173 211 223
0001 077 175 126 214 165 163 203 206
0002 075 155 135 191 140 145 185 182
0003 095 155 147 189 136 143 180 176
0004 164 149 205 180 073 151 113 187
0005 084 156 128 195 155 156 187 188
0006 141 155 183 189 071 151 114 189
0007 080 151 125 188 152 153 194 183
0008 080 149 136 186 139 142 178 175
0009 073 154 116 199 159 156 199 188
0010 086 157 138 202 138 155 177 190
0011 078 164 118 202 148 159 180 192
0012 071 163 114 212 157 160 187 190
0013 088 160 134 210 134 156 179 189
0014 059 169 102 223 156 159 200 193
0015 065 177 105 227 160 163 202 200
0016 076 178 117 230 125 161 172 197
0017 071 182 115 237 146 166 182 211
0018 079 186 122 238 152 169 195 218
0019 083 185 127 238 153 172 195 219
