0000 066 202 112 239
0001 065 201 113 239
0002 066 201 112 239 141 220 189 239
0003 065 202 111 239 140 219 188 239
0004 065 202 113 239 138 213 188 239
0005 066 203 112 239 142 199 186 239
0006 060 199 122 238 143 184 185 239
0007 064 200 114 239 143 181 186 236
0008 066 201 113 239 142 172 183 231
0009 060 199 120 238 130 179 183 234
0010 061 200 121 238 135 172 180 232
0011 061 200 122 238 139 169 183 224
0012 065 200 112 239 150 151 187 216
0013 066 200 112 239 154 132 200 200
0014 063 200 120 239 158 109 207 186
0015 063 200 120 239 164 105 205 180
0016 066 201 112 239 167 090 209 170
0017 065 201 112 239 176 087 214 166
0018 065 199 114 239 178 084 219 166
0019 066 198 113 239 174 081 228 174
0020 066 199 113 239 179 081 230 167
0021 066 199 113 239 179 080 232 169
0022 063 200 117 239 186 078 235 167
0023 065 200 114 239 182 080 235 169
0024 064 200 114 239 182 083 236 171
0025 185 080 234 170 065 201 114 239
0026 067 199 118 239 187 082 241 169
0027 067 199 117 239 185 085 240 168
0028 067 199 118 239 187 083 241 167
0029 062 199 120 239 188 082 243 167
0030 065 200 114 239 190 081 240 170
0031 062 199 115 239 188 085 245 166
0032 064 200 114 239 189 083 240 167
0033 064 199 114 239 189 086 242 168
0034 057 197 121 238 189 090 248 172
0035 065 199 113 239 189 089 250 171
0036 065 199 117 239 192 090 250 166
0037 064 199 114 239 191 091 250 167
0038 059 198 121 238 191 092 250 167
0039 059 198 121 238 187 087 250 170
0040 064 199 114 239 189 094 239 180
0041 065 199 114 239 174 120 222 192
0042 062 199 119 239 157 170 196 216
0043 062 200 119 239 140 205 183 239
0044 061 199 121 239
0045 066 201 112 239
0046 062 200 120 239
0047 064 201 120 239
0048 063 201 120 239
