0000 143 198 185 236 082 211 122 239
0001 142 197 188 236 083 212 122 239
0002 143 198 187 236 082 209 123 239
0003 143 199 186 235 081 208 122 239
0004 143 199 186 235 078 210 122 239
0005 141 201 184 234 078 210 120 239
0006 141 200 184 234 079 211 120 239
0007 139 197 187 237 079 211 121 239
0008 143 197 188 236 079 211 122 239
0009 151 200 192 238 079 210 122 239
0010 077 215 127 239 187 193 224 234
0011 082 211 123 239 217 182 259 221
0012 247 162 289 203 079 210 121 239
0013 264 130 307 172 081 212 121 239
0014 279 086 310 132 082 212 122 239
0015 274 064 311 109 078 215 125 239
0016 270 056 308 104 083 211 122 239
0017 274 072 309 125 082 210 122 239
0018 277 112 309 157 081 210 121 239
0019 275 134 310 174 081 210 122 239
0020 276 123 312 163 082 212 124 239
0021 273 095 312 136 081 213 124 239
0022 270 070 308 116 082 213 123 239
0023 270 061 306 115 082 213 124 239
0024 270 080 305 131 082 211 124 239
0025 274 101 310 148 083 215 122 239
0026 267 129 308 170 083 211 123 239
0027 271 137 305 176 082 211 124 239
0028 265 137 306 177 082 211 124 239
0029 267 134 308 176 077 208 123 239
0030 267 131 309 171 083 211 123 239
0031 266 128 307 174 075 208 125 239
0032 262 134 305 176 076 208 125 239
0033 259 147 291 187 082 209 124 239
0034 080 211 123 239 234 158 271 195
0035 079 211 121 239 205 171 242 210
0036 168 183 208 217 082 215 124 239
0037 139 187 186 224 083 213 124 239
0038 138 195 185 228 083 215 124 239
0039 140 193 187 230 083 214 124 239
