0000 095 141 136 174 205 216 242 239
0001 094 143 136 175 206 216 241 239
0002 096 144 140 175 206 216 240 239
0003 092 143 142 175 206 215 240 239
0004 092 143 143 175 207 216 240 239
0005 089 141 139 172 206 216 240 239
0006 083 132 135 167 206 217 240 239
0007 081 123 129 160 206 216 240 239
0008 072 117 129 154 206 215 239 239
0009 074 112 127 149 208 218 243 239
0010 076 112 125 148 209 218 242 239
0011 079 111 130 151 205 216 242 239
0012 077 111 126 148 207 216 242 239
0013 079 114 131 152 206 213 242 239
0014 082 114 132 152 202 206 237 239
0015 085 111 135 156 196 202 227 237
0016 086 115 136 156 194 196 230 235
0017 087 113 136 155 195 180 231 218
0018 088 113 136 152 184 164 221 201
0019 088 111 135 152 167 150 212 179
0020 091 112 138 152 155 132 197 164
0021 095 112 140 153 138 124 196 160
0022 094 107 139 149 148 133 204 165
0023 093 104 139 149 156 148 196 177
0024 093 103 135 143 178 156 218 195
0025 093 103 135 143 197 155 224 197
0026 093 103 136 144 198 145 228 181
0027 092 100 135 143 181 134 218 167
0028 091 101 138 144 174 128 218 160
0029 091 099 137 141 155 133 206 165
0030 096 101 141 145 150 138 196 167
0031 096 102 140 146 148 132 189 164
0032 098 102 141 147 141 128 182 162
0033 099 101 138 141 136 127 179 161
0034 099 100 139 142
0035 100 105 140 147 154 133 195 164
0036 099 102 138 141 153 135 207 173
0037 100 103 140 144 183 135 213 174
0038 100 105 140 145 193 138 230 182
0039 100 103 142 146 185 140 223 175
0040 102 102 142 146 186 136 217 165
0041 100 102 143 145 173 135 213 166
0042 105 102 143 146 156 136 199 169
0043 105 100 144 145 146 135 191 165
0044 106 104 145 145 134 133 196 167
0045 106 102 145 145 141 129 183 161
0046 106 104 144 146
0047 106 103 144 146 168 053 210 105
0048 105 101 148 147 149 135 191 168
0049 102 101 141 143 153 142 193 174
0050 108 103 140 144 157 139 207 175
0051 162 143 199 179 109 104 139 143
0052 169 149 209 184 108 103 147 143
0053 106 099 142 142 179 149 217 193
0054 193 146 224 190 106 099 142 143
0055 105 100 146 143 179 142 220 186
0056 105 099 146 143 180 146 219 178
0057 107 102 143 145 170 149 205 183
0058 107 101 144 143 156 148 199 182
0059 108 103 143 145 151 145 193 181
0060 107 099 144 142 138 140 189 173
0061 109 101 143 143 133 137 182 170
0062 109 104 141 144 136 133 188 167
0063 102 100 144 143 144 141 190 175
0064 107 099 144 142 143 139 186 175
0065 108 099 144 142 136 138 191 173
0066 111 100 147 142 142 136 185 167
0067 112 101 146 143 145 137 190 169
0068 112 101 145 142 157 138 199 174
0069 111 103 142 144 169 146 204 187
0070 107 100 144 142 184 151 220 195
0071 107 100 144 142 176 148 220 186
0072 112 103 141 145 169 145 211 178
0073 153 142 197 172 107 103 146 147
0074 107 103 147 148 149 141 195 172
0075 112 096 148 144 147 140 193 170
0076 112 102 142 145 152 143 199 173
0077 111 102 142 145 172 143 207 182
0078 111 103 141 145 182 142 219 184
0079 109 099 145 143 176 138 215 177
0080 107 100 147 141 168 138 208 170
0081 113 098 149 141 149 137 203 172
0082 114 098 149 140 145 137 191 167
0083 115 098 149 140 141 137 186 169
0084 115 095 145 134 132 134 189 168
0085 113 098 150 141 146 142 190 170
0086 114 099 145 140 157 154 198 189
0087 107 098 145 141 158 164 196 200
0088 111 099 143 142 175 178 204 214
0089 115 098 144 140 178 187 214 228
0090 188 197 217 236 117 104 144 143
0091 187 209 223 239 115 107 149 146
0092 197 213 232 239 121 111 145 148
0093 196 211 237 239 115 114 149 157
0094 196 210 234 239 122 127 147 163
0095 202 212 231 239 131 144 157 175
0096 193 209 229 239 132 154 158 185
0097 185 205 226 239 133 174 155 203
0098 186 203 220 239 134 186 156 219
0099 131 206 155 239 177 194 213 234
0100 133 206 158 237 172 184 211 222
0101 127 207 158 239 169 182 208 219
0102 126 206 156 239 166 184 205 220
0103 176 180 214 213 130 206 151 238
0104 180 176 232 215 129 199 161 236
0105 179 176 225 215 135 197 159 231
0106 175 176 215 215 140 193 164 227
0107 148 182 201 221
0108 155 181 195 219
0109 154 183 188 224
