0000 127 207 153 239 213 214 237 239
0001 123 185 149 219 215 219 237 239
0002 124 170 150 202 215 218 238 239
0003 126 141 163 172 216 214 238 239
0004 218 215 240 239 127 118 163 157
0005 131 104 168 140 211 215 237 239
0006 133 105 171 145 216 210 240 239
0007 134 120 171 156 215 211 240 238
0008 130 167 168 193 213 214 235 238
0009 131 170 168 201 215 209 239 239
0010 215 214 238 239 132 164 169 197
0011 218 213 240 238 136 156 171 184
0012 132 127 169 162 217 214 240 239
0013 215 212 238 239 133 106 167 143
0014 214 212 237 237 135 103 166 135
0015 131 113 169 151 212 215 240 239
0016 138 151 173 181 209 214 237 239
0017 130 170 167 199 211 215 238 239
0018 135 168 167 199 216 214 239 239
0019 134 158 167 190 214 212 238 239
0020 140 144 168 176 215 211 240 237
0021 134 127 169 159 220 212 240 239
0022 215 212 240 239 133 121 167 157
0023 142 131 170 162 214 215 238 239
0024 133 166 169 195 215 214 241 239
0025 133 178 163 209 215 214 238 239
0026 132 181 159 209 216 212 240 239
0027 218 213 241 239 131 168 168 200
0028 218 212 241 239 136 156 164 186
0029 216 212 239 239 135 134 169 170
0030 214 211 236 237 132 121 170 155
0031 135 127 170 160 209 210 237 239
0032 211 210 238 239 136 151 175 182
0033 131 174 168 208 218 211 240 237
0034 127 173 162 203 217 213 240 239
0035 132 168 167 192 220 211 240 239
0036 220 212 241 239 130 150 164 180
0037 219 210 243 239 133 130 169 162
0038 134 113 170 150 219 213 242 238
0039 216 214 239 239 128 111 168 150
0040 134 125 169 160 214 213 237 239
0041 137 158 174 187 213 212 237 239
0042 215 210 237 239 135 168 168 197
0043 131 172 169 202 216 209 236 236
0044 129 178 167 209 217 213 241 239
0045 129 193 165 229 215 209 237 239
0046 134 201 167 235 214 209 239 236
0047 130 210 167 238 217 211 241 238
0048 129 203 158 238 214 209 238 236
0049 127 210 158 239 214 211 238 239
