0005 154 203 211 237
0006 165 167 223 223 097 172 169 235
0007 168 141 225 194 099 145 160 200
0008 169 121 226 177 104 128 153 191
0009 166 098 225 162 122 101 169 150
0010 166 075 221 153 119 086 161 151
0011 162 065 217 135 120 072 168 129
0012 165 054 217 128 126 059 169 131
0013 161 046 219 116 119 059 171 126
0014 164 041 215 126 122 065 177 128
0015 167 039 216 131 120 061 176 128
0016 173 039 220 125 120 063 178 126
0017 168 049 215 126 119 059 171 119
0018 161 050 216 118 123 064 167 117
0019 161 049 216 119 121 062 164 119
0020 163 051 215 115 121 056 166 116
0021 166 053 219 128 117 062 175 120
0022 163 047 219 127 119 066 171 121
0023 163 048 219 128 117 060 169 128
0024 164 046 213 127 119 065 171 119
0025 165 046 214 130 116 061 167 133
0026 163 050 214 130 118 065 173 120
0027 172 047 214 126 117 067 168 116
0028 169 055 215 133 119 067 185 121
0029 160 069 226 145 100 110 160 158 114 082 188 127
0030 173 116 221 185 099 132 153 183
0031 095 206 141 239 184 191 229 239
