0005 254 204 296 239
0008 050 185 096 234
0009 040 142 091 198
0010 042 118 096 170 255 215 292 239
0011 048 100 099 149
0012 052 090 101 140 250 213 294 239
0013 056 092 110 141
0014 057 086 108 141
0015 059 085 105 137
0016 061 089 111 132 255 209 291 239
0017 060 084 110 134
0018 061 085 112 134
0019 060 082 106 137
0020 057 086 108 138
0021 058 084 111 138 248 212 294 239
0022 062 085 113 133
0023 061 084 106 133
0024 060 086 109 139
0025 056 107 101 162
0026 054 151 104 208
0027 072 206 108 239
