0000 069 187 095 227 166 182 190 215
0001 071 187 104 225
0002 069 182 102 226 170 171 195 213
0003 071 187 094 226 171 179 192 211
0004 069 184 092 226
0006 056 151 089 183
0007 195 114 220 147 052 121 086 154
0008 063 065 097 113 177 060 214 101
0009 075 039 111 077 163 036 192 067
0010 079 041 107 073 154 036 193 067
0012 168 034 222 075 050 039 100 082
0013 166 025 216 069 052 031 099 071
0014 170 024 223 068 055 033 101 081
0015 171 023 223 065 057 033 101 080
0016 171 026 224 064 058 033 100 079
0017 171 027 229 069 054 032 100 080
0018 176 026 227 069 055 032 099 079
0019 176 026 227 069 059 033 104 078
0020 176 026 227 069 058 034 106 075
0021 175 027 227 070 058 033 108 076
0022 174 023 220 064 057 033 108 075
0023 169 027 221 067 057 033 103 080
0024 170 025 223 065 058 031 102 079
0025 173 028 226 067 057 035 103 080
0026 173 031 230 068 056 034 103 082
0027 170 030 228 072
0031 177 030 231 073
0035 177 029 230 074
0043 146 023 188 054
0051 148 029 187 057
0052 152 027 192 058
0053 152 027 192 057 085 031 120 056
0054 152 027 193 057 087 035 126 060
0056 152 026 192 054
0058 147 029 188 055
0062 156 026 196 056
0063 157 032 197 061 094 039 126 065
0064 158 038 199 073 085 041 124 070
0065 085 050 114 082
0066 084 066 109 101
