0000 206 215 235 239 108 210 134 239
0001 206 216 231 239 108 210 134 239
0002 204 215 231 239 105 212 136 239
0003 205 216 235 239 109 217 138 239
0004 201 208 236 239 104 207 130 238
0005 206 197 242 236 098 194 125 232
0006 213 174 246 211 088 164 124 202
0007 207 139 244 173 087 138 122 177
0008 090 093 121 151 206 097 244 149
0009 204 066 238 119 097 059 125 109
0010 200 048 234 103 098 046 128 102
0011 194 036 228 087 105 039 134 100
0012 184 032 227 083 102 034 132 093
0013 189 034 228 095 101 032 132 092
0014 190 030 226 085 101 033 131 089
0015 188 030 228 087 101 034 131 089
0016 186 034 225 087 100 032 132 095
0017 186 033 223 090 102 033 131 090
0018 188 030 228 088 102 034 132 086
0019 188 032 228 086 101 033 131 090
0020 189 032 227 086 105 030 134 084
0021 188 035 227 085 099 030 132 088
0022 190 030 226 082 102 031 131 089
0023 186 034 228 088 101 030 133 092
0024 187 034 228 089 101 032 132 095
0025 188 030 228 088 101 034 132 095
0026 194 041 224 086 101 040 132 099
0027 191 055 229 108
0028 095 134 130 172 189 090 230 138
0029 095 180 129 217 194 141 234 178
0030 095 212 131 239 200 185 238 228
0031 199 203 234 239 099 211 132 239
0032 205 209 234 239 101 209 134 239
0033 206 210 233 239 108 213 134 239
