0000 159 218 187 239
0001 089 221 109 239
0004 162 221 185 239 091 220 107 239
0006 163 222 185 239
0007 162 222 184 239
0009 158 219 188 239
0010 090 221 107 239
0011 162 222 184 239
0013 159 219 185 239
0014 091 217 110 239 155 219 188 239
0015 157 218 187 239 089 221 109 239
0016 088 219 107 239
0017 148 213 180 239 089 219 109 239
0018 157 190 183 224 090 215 109 239
0019 162 175 186 203 087 214 106 239
0020 162 154 194 186 087 220 106 239
0021 164 138 198 180 088 219 107 239
0022 175 116 202 168 090 216 109 239
0023 178 096 211 145 090 217 111 239
0024 189 073 217 128 088 220 107 239
0025 191 051 218 097 089 215 112 239
0026 185 031 216 089 091 217 111 239
0027 175 009 204 058 089 218 110 239
0028 154 006 198 046 092 214 109 236
0029 140 003 187 042 091 219 110 239
0030 124 010 175 046 094 218 113 239
0031 104 015 160 051 094 218 111 239
0032 086 027 148 055
0033 075 039 142 069
0034 066 062 145 097 094 216 115 239
0035 062 075 124 112 095 214 117 239
0036 113 090 173 122 062 092 127 132
0037 095 101 165 136 066 117 115 162
0038 069 132 117 174 100 116 164 151
0039 076 147 130 195
0040 080 160 134 207
0041 086 169 141 216
0042 095 167 146 214
0043 120 156 158 190
0044 143 156 180 190
0045 155 178 186 213 097 216 118 239
0046 161 208 186 237 094 218 113 239
0047 164 215 191 239
0050 168 219 190 239 092 221 109 239
0051 088 217 111 239 172 219 191 239
0053 092 211 112 238
