0003 088 207 115 239 181 208 233 239
0004 063 191 104 239
0005 044 160 093 205
0006 040 104 081 168
0007 037 069 082 154
0008 045 050 086 134
0009 050 036 096 127 215 195 253 239
0010 055 035 098 125
0011 058 032 096 121
0012 057 030 099 121
0013 057 031 100 122
0014 057 031 100 124
0015 056 030 101 124 182 208 232 239
0016 056 028 101 125 178 213 228 239
0017 059 032 098 123
0018 059 038 098 125
0019 062 054 103 139
0020 076 129 112 182
0021 087 175 127 228
0022 092 197 134 239 184 211 219 239
0023 103 210 139 239 185 212 235 239
0024 099 211 133 239 187 213 235 239
0025 184 207 222 239
0028 188 217 229 239
0029 184 209 238 239
0031 182 218 229 239
0032 184 214 231 239
