0000 132 205 156 235 187 207 208 239
0001 134 202 156 234 187 208 208 239
0002 130 202 152 230 188 208 208 239
0003 131 202 157 235 188 209 208 239
0004 132 202 153 233 183 211 206 236
0005 132 204 155 236 191 204 211 235
0006 131 197 155 234 190 204 211 235
0007 128 201 150 238 198 198 221 236
0008 110 197 133 230 209 184 245 226
0009 077 166 112 210
0010 254 118 294 144
0012 041 065 097 108 260 063 288 088
0013 052 039 095 082 242 038 283 076
0014 057 020 092 060 231 033 271 078
0015 239 034 260 067
0016 061 015 098 053 238 030 262 072
0017 238 032 263 073 060 017 097 052
0018 062 018 099 057 238 034 262 078
0019 057 022 096 061 245 045 271 070
0020 060 025 097 065 242 042 270 081
0021 069 027 109 071 244 054 287 078
0022 242 044 290 067 093 019 127 057
0024 143 010 167 039
0025 148 010 171 040
0026 185 008 209 044
0027 188 012 214 051 149 008 173 039
0028 192 011 215 048 152 011 174 041
0029 189 011 215 051 152 009 174 039
0030 151 012 176 041 192 012 215 048
0031 173 027 215 074 150 019 173 056 196 033 220 063
0032 142 043 171 081
0034 140 136 177 167
0035 192 176 223 219
0036 192 196 221 236 137 184 162 220
0037 133 202 156 237 193 200 212 235
0038 127 198 150 234
0039 129 201 150 235
0040 130 200 152 235
0041 132 202 152 235
0042 129 202 152 233
