0003 093 219 132 239
0004 094 209 138 239 191 219 237 239
0005 099 210 140 239 187 218 235 239
0006 178 215 218 239 103 209 146 239
0007 106 204 149 238 166 210 218 239
0008 160 206 218 239 106 203 149 239
0009 158 197 216 239 108 204 150 239
0010 155 183 221 234 108 199 152 239
0011 158 165 221 220 107 199 153 239
0012 108 198 157 239 159 150 231 197
0013 163 134 224 180 111 202 155 239
0014 160 114 234 155 105 199 153 239
0015 162 090 234 127 110 204 157 239
0016 107 196 156 237 165 077 234 115
0017 114 204 158 239 172 067 247 106
0018 108 200 159 239 179 054 243 089
0019 109 199 160 239 206 007 252 070
0020 224 012 261 073 110 200 159 239
0021 223 020 267 080 109 199 158 239
0022 228 025 266 087 106 195 158 237
0023 224 025 269 085 110 200 162 239
0024 113 202 160 239 229 021 268 092
0025 111 200 162 239 229 023 266 090
0026 113 202 160 239 229 021 265 084
0027 224 020 260 087 109 203 158 239
0028 109 200 159 239 223 018 261 085
0029 113 203 158 239 222 018 260 086
0030 223 021 260 093 113 204 158 239
0031 223 016 260 091 110 203 159 239
0032 112 204 159 239 226 017 265 087
0033 110 202 159 239 222 020 262 090
0034 111 204 160 239 218 018 267 083
0035 218 011 268 083 112 201 160 239
0036 210 008 267 087 113 201 159 239
0037 113 200 160 239 206 010 263 084
0038 113 204 158 239 203 010 257 082
0039 203 008 257 086 111 201 157 239
0040 194 007 256 082 112 202 158 239
0041 113 204 157 239 189 011 248 084
0042 112 201 159 239 184 013 243 083
0043 112 203 158 239 186 013 240 080
0044 111 201 158 239 186 012 231 075
0045 109 202 156 239 179 013 231 077
0046 112 204 159 239 175 009 223 061 178 040 237 087
0047 112 201 158 239 177 015 228 076
0048 109 201 157 239 176 016 228 079
0049 112 201 159 239 170 014 221 077
0050 109 200 158 239 168 006 210 060 175 033 230 088
0051 110 203 157 239 166 014 225 081
0052 106 205 157 239 168 009 204 055
0053 109 201 156 239 162 014 215 074
0054 113 203 158 239 168 007 210 053
0055 112 203 159 239 166 010 204 061
0056 109 202 156 239 167 030 223 086 152 015 197 054
0057 110 202 157 239 163 044 213 099 150 029 191 071
0058 107 202 157 239 156 066 221 111 143 051 186 086
0059 113 207 161 239 135 077 179 104 155 082 223 126
0060 110 201 161 239 140 085 222 126
0061 111 201 160 239 135 096 222 133
0062 106 199 161 238 140 096 215 128
0063 106 204 156 239 136 102 220 139
0064 103 202 159 239 137 105 214 141
0065 106 200 158 239 142 113 211 150
0066 110 202 156 239 150 119 215 158
0067 106 209 153 239 146 131 214 175
0068 100 205 149 239 141 148 208 198
0069 145 160 198 217 105 202 142 239
0070 146 173 205 238 101 205 142 239
0071 153 191 206 239 098 205 140 239
0072 154 203 212 239 100 212 137 239
0073 152 206 215 239 093 210 136 239
0074 091 214 137 239 164 213 217 239
0075 093 224 132 239 187 215 227 239
0076 083 220 130 239
0083 090 223 125 239
0084 091 214 140 239
0085 095 207 137 239 165 218 227 239
0086 152 205 215 239 096 206 137 239
0087 101 195 140 239 152 179 212 230
0088 100 184 147 232 140 162 212 208
0089 099 171 148 223 141 139 206 184
0090 139 127 212 171 104 167 152 212
0091 140 123 210 169 097 161 147 214
0092 149 128 205 175 096 150 148 200
0093 148 135 209 182 095 146 140 198
0094 093 151 135 204 150 133 213 184
0095 095 161 137 212 150 126 211 174
0096 148 122 212 167 096 165 144 216
0097 095 162 144 214 143 121 206 168
0098 148 137 208 191 097 151 143 203
0099 152 130 206 185 098 152 142 206
0100 129 106 204 146 092 158 139 207
0101 094 159 145 208 141 105 203 148
0102 154 115 206 176 095 159 145 208
0103 093 158 146 209 148 108 206 163
0104 138 092 199 137 095 159 146 211
0105 136 093 194 138 097 156 146 207
0106 156 094 200 172 098 158 139 210
0107 143 093 193 145 093 158 145 212
0108 129 075 190 124 095 155 146 209
0109 099 157 149 211 131 072 195 120
0110 095 157 146 209 147 088 193 150
0111 093 158 142 212 145 082 196 144
0112 094 159 146 212 127 076 196 124
0113 095 158 147 209 131 065 188 113
0114 148 068 196 132 096 157 143 210
0115 095 157 146 209 142 066 201 124
0116 096 158 147 213 126 057 202 102
0117 096 158 146 210 138 049 204 096
0118 158 050 207 104 097 157 143 211
0119 160 052 209 115 095 158 146 213
0120 155 049 214 101 098 158 144 215
0121 153 041 217 085 101 159 150 211
0122 101 158 149 211 166 045 218 096
0123 100 161 150 214 168 043 221 097
0124 159 037 227 085 095 160 146 212
0125 096 163 144 215 161 036 225 085
0126 095 161 146 211 177 040 229 093
0127 180 047 226 107 097 162 144 212
0128 169 047 226 104 095 163 144 216
0129 096 164 144 215 169 041 225 094
0130 095 156 144 210 176 041 228 094
0131 095 163 145 215 177 053 231 108
0132 173 055 235 102 094 163 144 216
0133 184 052 237 106 093 162 146 216
0134 180 065 236 122 094 163 146 215
0135 177 068 238 117 094 163 146 215
0136 172 068 234 116 095 160 142 209
0137 182 076 232 130 098 163 142 214
0138 178 080 235 133 099 163 142 215
0139 168 081 234 129 095 161 141 214
0140 178 085 232 134 095 163 145 213
0141 178 106 237 163 094 165 145 214
0142 180 122 238 184 093 171 144 217
0143 176 145 240 201 088 176 139 227
0144 087 195 129 239 169 164 232 225
0145 168 198 227 239 084 204 127 239
0146 087 215 125 239 181 215 225 239
0147 083 220 123 239
