0000 134 212 161 238 238 218 270 239
0001 136 212 159 239 238 218 270 239
0002 136 213 159 239 239 216 270 239
0003 239 217 272 239
0004 099 204 132 239 242 223 268 239
0005 070 185 111 224 242 222 269 239
0006 239 219 272 239 051 163 094 200
0007 241 223 269 239 043 130 076 166
0008 026 111 080 144 240 219 273 239
0009 019 102 079 132 240 220 273 239
0010 020 098 083 130 239 217 272 239
0011 025 100 087 131 236 221 270 239
0012 024 101 089 134 239 220 271 239
0013 024 101 089 134
0014 024 101 092 134 244 223 270 239
0015 026 101 090 138 239 220 270 239
0016 026 102 094 136 240 222 266 239
0017 026 102 094 136
0018 026 099 090 137 240 223 268 239
0019 026 102 097 137 241 223 269 239
0020 026 101 094 134 239 223 267 239
0021 027 102 094 135 242 223 268 239
0022 027 101 092 138 241 221 268 239
0023 027 100 092 138 240 222 267 239
0024 027 100 091 137 238 220 270 239
0025 028 100 091 136 240 222 268 239
0026 028 100 091 137 239 221 267 239
0027 029 101 093 140 238 219 270 239
0028 033 108 093 143 238 220 269 239
0029 036 119 091 155 239 219 270 239
0030 036 145 092 182 239 221 269 239
0031 057 177 101 216 240 222 266 239
0032 079 201 117 238 238 219 269 239
0033 233 217 270 239 107 209 137 239
0034 130 211 156 236 240 222 263 239
0035 138 211 163 239 236 219 270 239
0036 134 209 156 239 239 217 271 239
0037 135 213 160 239 239 217 269 239
