0000 205 180 226 209 133 185 154 221
0001 206 182 223 211 135 186 159 220
0002 135 188 159 221 205 183 226 215
0003 204 182 226 215 133 184 155 220
0004 134 186 157 218 205 182 226 214
0005 134 186 158 219 206 185 225 215
0006 206 182 227 215 135 185 156 218
0007 206 183 226 215 135 185 156 218
0008 206 182 227 213 134 184 155 218
0009 135 186 155 219 206 180 227 211
0010 137 186 159 217 205 181 226 212
0011 134 184 154 217 208 182 226 213
0012 206 177 227 210 135 187 157 219
0013 211 174 233 207 134 186 157 220
0014 134 187 157 220
0015 134 186 155 219 230 169 250 198
0016 134 186 152 216 231 153 265 193
0017 132 188 153 219
0018 132 187 154 220
0019 134 185 155 216
0020 136 185 158 215
0021 136 185 156 217
0022 134 182 154 216
0023 124 177 145 211
0024 101 159 134 196
0025 079 142 116 170
0026 059 107 115 139
0027 055 083 115 121
0028 046 051 086 087
0029 050 029 088 069
0030 049 017 087 055
0031 051 005 093 047
0032 053 007 087 047
0033 054 008 088 048
0034 053 004 089 048
0035 053 003 091 046
0036 054 003 090 048
0037 054 002 090 048
0038 053 003 089 045
0039 053 001 087 045
0040 052 005 089 047
0041 052 006 094 048
0042 051 005 090 050
0043 049 011 085 054
0044 042 017 085 054
0045 041 018 084 060
0046 040 020 083 060
0047 039 021 084 060
0048 041 022 083 059
0049 040 020 083 059
0050 041 021 083 059
0051 039 023 083 060
0052 039 023 081 059
0053 041 020 081 060
0054 050 027 091 068
0055 061 050 097 087
0056 065 085 106 117
0057 073 110 114 140
0058 073 133 110 165
0059 092 164 122 198
0060 217 175 235 205 109 180 130 214
0061 121 183 141 219 217 172 238 207
0062 128 187 149 220 216 180 235 213
0063 132 188 152 217 209 182 229 218
0064 134 186 155 219 198 187 218 216
0065 134 186 157 219 200 183 220 216
0066 135 187 156 219 201 185 221 220
