0002 185 201 212 236
0003 188 138 222 168
0004 200 076 231 115
0005 198 051 230 100
0006 192 068 233 116
0007 191 105 234 148
0008 186 175 225 208
0009 184 204 217 239
0010 181 207 213 239
0011 183 174 224 207
0012 191 138 229 166
0013 191 076 234 124
0014 197 050 224 099
0015 193 041 220 092
0016 192 063 229 112
0017 190 122 234 161
0018 186 165 223 196
0019 195 195 230 233
0020 191 194 228 231
0021 190 157 228 190
0022 190 127 229 162
0023 192 090 233 142
0024 194 045 223 095
0025 190 041 220 093
0026 195 067 227 117
0027 188 131 229 167
0028 194 174 223 204
0029 192 206 226 239
0030 179 212 205 239
