0000 137 201 182 239 092 208 128 239
0001 144 192 183 236 087 208 133 239
0002 157 167 191 204 088 208 134 239
0003 186 129 215 180 094 209 132 239
0004 210 105 241 160 089 209 134 239
0005 227 092 258 148 089 209 134 239
0006 238 086 271 141 089 213 135 239
0007 248 086 282 136 091 211 131 239
0008 260 081 299 140 091 212 132 239
0009 265 090 300 143 091 213 138 239
0010 264 091 300 144 090 211 132 239
0011 265 091 300 143 090 210 132 239
0012 265 091 300 142 092 213 131 239
0013 265 091 301 143 091 212 131 239
0014 266 083 302 136 092 212 132 239
0015 261 082 302 142 093 212 132 239
0016 264 081 301 141 089 215 136 239
0017 256 081 293 136 090 205 136 239
0018 238 088 279 139 090 205 135 239
0019 211 112 254 154 088 208 135 239
0020 189 152 227 186 088 208 135 239
0021 167 177 207 215 090 209 131 239
0022 155 196 199 239 088 209 134 239
0023 092 213 137 239 150 200 195 236
