0000 112 216 134 239
0001 114 212 136 239 214 210 238 239
0002 225 208 249 237 112 199 141 236
0003 110 184 141 233 219 186 255 217
0004 106 166 134 205 212 166 250 197
0005 092 141 128 175 206 149 243 179
0006 093 129 132 163 211 130 245 166
0007 216 108 250 146
0008 221 090 257 133 084 092 121 136
0009 226 078 260 131 077 081 104 132
0010 237 076 269 118 069 071 094 121
0011 244 078 286 112 041 077 081 117
0012 031 088 076 116 242 080 286 117
0013 031 093 079 120 248 084 290 115
0014 246 085 294 115 033 092 089 121
0015 036 090 091 118 240 085 286 116
0016 240 086 279 117 043 090 089 117
0017 229 085 272 120 044 088 090 113
0018 227 086 277 121 046 088 089 113
0019 233 087 272 118 045 089 090 114
0020 226 086 277 121 045 089 090 114
0021 048 087 091 120 228 089 272 124
0022 058 096 092 142 228 095 273 132
0023 235 102 275 139 061 127 096 166
0024 239 112 279 151 060 156 100 184
0025 233 161 287 190 079 210 105 239
0027 112 217 138 239 216 217 255 239
0028 103 209 131 239 218 216 247 239
0029 092 210 121 239
0030 084 210 120 239 239 215 269 239
