0000 172 212 196 239 067 216 090 239
0001 171 212 197 239 067 215 090 239
0002 175 207 203 239
0003 026 203 053 235 211 215 246 239
0004 008 141 030 182
0005 235 102 294 149
0006 239 053 279 100 009 065 044 113
0007 178 008 215 054
0008 153 010 181 054 095 009 133 050
0009 109 026 181 082
0010 148 062 191 122 083 067 125 102 093 075 151 129
0011 145 065 190 131 079 078 123 108 084 082 149 133
0012 126 054 176 115 089 062 134 097
0013 126 025 160 076 092 026 137 083
0014 167 017 204 072 050 012 090 077
0015 211 036 242 082 020 025 051 085
0016 230 051 264 097
0017 244 074 284 118 006 086 036 131
0018 244 074 284 117 008 086 035 131
0019 229 055 268 099
0020 048 011 081 076 192 026 230 075
0021 081 010 116 076 172 018 202 073
0022 122 038 171 099
0023 156 067 204 118 087 059 127 092
0024 159 077 206 131 080 069 121 101
0025 156 077 204 134 081 073 121 102
0026 138 054 184 113 098 057 136 092
0027 110 036 153 094 135 058 171 101
0028 047 009 088 073 173 021 208 073
0029 192 023 232 076 028 007 065 074
0030 220 042 259 092
0031 235 054 274 099
0032 238 055 276 102 007 059 037 114
0033 236 051 270 095
0034 221 037 254 082 009 009 037 065
0035 196 018 223 064 044 009 078 065
0036 090 008 133 066 143 015 185 070
0037 121 031 173 089
0038 142 036 186 096 091 055 133 092
0039 133 044 187 100 093 056 133 089
0040 111 031 163 090
0041 081 013 122 078 139 027 180 082
0042 026 022 066 097 185 032 222 086
0043 222 064 259 109 011 092 046 143
0044 236 126 274 166 009 156 044 194
0045 008 197 030 230 234 164 269 193
0046 211 203 241 236
0047 195 218 224 239
0048 065 218 087 239 183 222 206 239
0049 067 212 090 236
0050 168 208 198 239
0051 066 211 091 239
