0008 282 179 313 232
0009 251 144 303 208
0010 232 125 258 173
0011 198 095 238 154
0012 177 076 223 142
0013 174 062 217 138
0014 167 069 212 144
0015 167 064 210 140
0016 165 059 214 140
0017 162 066 211 140
0018 168 069 215 141
0019 168 062 214 136
0020 170 057 218 143
0021 165 064 207 136
0022 170 058 216 141
0023 168 061 215 147
0024 171 063 218 148
0025 166 090 210 155 129 216 185 239
0026 167 124 209 177 140 205 201 239
0027 145 190 209 239 159 153 207 195
0028 139 186 206 239 141 158 201 192
0029 138 184 207 239 134 160 193 192
0030 143 183 203 239 129 156 189 186
0031 145 182 207 234 147 157 199 187
0032 166 162 216 204 130 181 183 234
0033 123 179 185 236
0034 125 180 188 235
0035 131 185 196 234
0036 133 186 199 233 131 152 187 183
0037 131 184 192 234 144 153 198 186
0038 154 161 212 198 125 181 192 234
0039 118 179 186 231 156 166 205 205
0040 126 179 185 236
0041 129 182 191 234 125 161 186 189
0042 134 180 196 236 125 155 188 187
0043 132 188 202 236 129 154 190 184
0044 130 183 192 235 140 159 202 193
0045 127 184 184 235 151 161 198 191
0046 125 181 185 235 145 163 195 194
0047 131 190 188 239 128 156 184 184
0048 132 184 190 235 125 150 186 183
0049 136 187 194 237 134 146 193 186
0050 134 185 191 234 153 145 204 186
0051 126 186 195 236 162 147 216 193
0052 126 185 191 234 165 154 211 194
0053 129 181 183 235 170 156 221 205
0054 122 183 173 235 176 164 225 209
0055 120 186 168 232 180 173 228 219
0056 109 190 160 239 182 171 236 215
0057 195 185 241 228 109 200 149 239
0058 204 200 250 239 103 220 142 239
0059 219 217 259 239
