0000 179 210 197 238
0001 180 206 201 239 089 206 113 239 099 162 135 188
0002 178 211 199 239 089 209 112 239
0003 180 206 202 239 089 209 111 239
0004 185 207 208 237 090 212 111 239
0005 195 207 218 239 090 213 111 239
0006 202 162 243 221 090 213 111 239
0007 089 212 112 239 222 135 268 170
0008 225 091 284 130 088 210 111 239
0009 238 022 269 076 088 210 112 239
0010 219 007 244 039 089 213 112 239
0011 090 209 113 239 206 007 229 033 192 139 226 181
0012 090 210 111 239 201 007 225 034
0013 192 006 232 044 089 208 112 239
0014 194 008 222 039 089 207 113 235
0015 198 007 227 041 089 205 110 239 093 161 133 188
0016 195 006 224 039 090 205 112 235
0017 202 008 233 038 090 206 112 235
0018 191 008 230 037 090 207 112 235
0019 197 007 227 043 089 210 111 239
0020 197 005 228 043 086 212 107 238
0021 195 006 224 042 090 213 112 239
0022 197 007 228 042 090 212 112 239
0023 090 210 110 239 195 007 225 042
0024 196 011 229 046 089 206 109 235
0025 194 006 235 037 090 210 112 239
0026 189 010 229 038 089 209 112 239
0027 197 010 229 045 090 208 110 239
0028 191 008 231 038 085 206 113 239
0029 207 006 235 044 090 209 110 239
0030 089 211 110 239 230 006 258 057
0031 230 053 282 115 088 208 110 239
0032 220 115 277 150 088 210 110 239
0033 087 211 111 239 228 171 270 222
0034 088 210 111 239 213 201 237 237
0035 191 202 215 239 088 211 111 239
0036 090 211 112 239 182 209 201 238
0037 090 208 114 239 183 209 201 236
0038 090 208 113 239 184 213 208 239
0039 181 208 207 236 091 210 113 239
0040 179 212 201 239 090 210 112 239
0041 178 206 201 237 086 210 107 236
0042 180 209 203 239 088 208 108 234
0043 176 207 200 237 089 209 112 239
0044 180 208 201 239 089 210 112 239
