0000 194 207 234 238
0001 195 209 235 236
0002 195 209 235 236
0003 195 208 235 236
0004 195 208 235 236
0005 195 208 235 236 121 212 159 237
0006 098 194 139 233 196 208 237 236
0007 195 207 236 237 059 138 104 191
0008 042 114 091 164 195 206 233 238
0009 041 096 086 147 193 206 234 238
0010 043 088 084 139 194 206 234 238
0011 043 088 084 137 194 206 234 238
0012 044 087 085 136 194 205 234 238
0013 044 087 084 136 195 207 235 237
0014 044 087 084 136 195 207 235 237
0015 044 087 083 136 195 206 235 237
0016 044 086 084 136 195 207 236 237
0017 044 086 084 136 195 206 232 238
0018 044 087 084 137 195 206 232 238
0019 045 086 085 136 195 206 232 238
0020 045 086 086 136 195 206 232 238
0021 045 087 085 135 195 206 232 238
0022 044 088 086 136 195 206 232 238
0023 044 087 083 134 195 206 232 238
0024 039 091 084 142 195 207 232 238
0025 044 086 084 139 194 206 236 238
0026 194 206 236 238 046 091 081 135
0027 054 101 095 153 194 206 236 238
0028 194 206 232 238 076 128 109 179
0029 104 177 153 220 194 207 233 238
0030 129 207 176 239 194 207 235 236
0031 197 208 234 238 132 216 174 239
0032 197 208 234 238
0033 194 207 235 238
0034 194 207 236 238
0035 194 207 235 238
0036 194 206 237 237
0037 195 208 235 236
0038 195 208 235 236
0039 195 208 235 236
