0000 084 218 104 239 179 223 200 239
0001 082 216 102 239 179 224 200 239
0002 082 216 101 239
0003 076 219 098 239
0004 060 215 083 239
0005 030 200 059 236 233 195 266 239
0006 005 180 042 218 263 175 306 209
0007 281 152 319 177
0008 280 136 319 166
0009 282 123 319 151 003 116 080 154
0010 283 114 319 141
0011 002 104 078 144 284 112 319 139
0012 286 111 319 144
0013 285 111 319 139
0014 285 112 319 136
0015 286 112 319 135
0016 283 106 319 134
0017 284 106 319 134
0018 286 106 319 133
0019 285 107 319 133
0020 282 110 319 135
0021 283 103 319 131
0022 282 103 319 131
0023 285 105 319 132
0024 288 106 319 135
0025 284 126 319 151
0026 263 171 305 208
0027 249 191 277 228 195 139 247 183 005 181 045 221
0028 047 212 072 239 211 205 244 238
0029 063 219 094 237 194 211 216 239
0030 077 221 104 238
0031 085 217 103 239 177 222 199 239
0032 082 222 105 239 179 220 199 239
0033 085 220 108 239
0034 084 222 104 239
0035 083 222 104 239
0036 086 221 105 239
0037 084 220 105 239
0038 083 221 104 239
