0010 250 199 298 239
0011 241 169 292 219
0012 222 134 279 188
0013 213 106 276 187
0014 200 100 257 161
0015 193 081 250 153
0016 187 082 245 150
0017 185 064 240 153
0018 182 064 238 153
0019 185 077 240 140
0020 183 058 240 153
0021 184 084 241 144
0022 187 081 243 141
0023 189 082 242 143
0024 188 084 245 143 202 060 231 099
0025 188 064 249 149 202 060 231 100
0026 194 071 246 142 202 061 232 100
0027 197 060 237 103 187 074 251 141
0028 189 063 249 149 205 060 235 096
0029 189 065 249 151 200 057 238 096
0030 193 082 246 144 198 061 238 111
0031 188 092 248 145 196 063 239 103
0032 192 081 246 145
0033 193 082 247 145
0034 199 082 252 147
0035 198 093 256 152 214 068 251 104
0036 236 134 283 198
0037 249 158 295 221
