0005 031 214 090 239
0006 036 192 121 235
0007 065 172 122 225
0008 070 155 141 206 171 184 218 235
0009 078 145 150 189 157 155 205 197
0010 082 140 153 184 150 138 194 184
0011 084 137 162 178 142 125 183 182
0012 130 125 175 177
0013 118 129 175 175 092 125 134 165
0014 108 123 167 168
0015 091 124 165 165
0016 090 121 167 159
0017 107 118 170 160
0018 105 114 169 156 079 117 119 161
0019 109 115 167 155 083 121 125 162
0020 117 107 176 153 076 110 121 156
0021 114 105 171 148 078 113 118 158
0022 117 107 176 149 076 114 118 159
0023 113 102 168 144 081 110 122 152
0024 112 103 170 142
0025 113 102 170 141 075 108 121 154
0026 103 102 170 141 076 105 125 151
0027 101 102 171 141 075 109 123 155
0028 100 101 172 139
0029 117 098 170 136
0030 117 101 172 140 076 106 124 150
0031 125 100 183 142 080 111 126 152
0032 126 098 184 143 081 108 136 149
0033 122 101 176 139 080 111 130 156 030 094 063 142
0034 113 102 170 139
0035 109 109 185 147
0036 111 102 182 141
0037 115 101 182 141
0038 111 110 182 146
0039 119 100 177 142 080 106 135 151
0040 129 104 184 147 081 111 136 154
0041 127 096 185 142 085 110 141 150
0042 126 101 184 145
0043 106 114 185 149
0044 108 114 183 149 084 113 126 153
0045 108 113 182 150
0046 122 106 187 148 084 117 129 159
0047 130 105 185 146
0048 125 108 189 150
0049 126 106 177 147
0050 130 106 187 147
0051 117 111 188 147
0052 115 109 182 148
0053 120 113 182 153
0054 119 117 185 154
0055 123 112 184 153
0056 125 114 184 157
0057 138 117 182 164
0058 135 120 187 165
0059 133 126 188 172
0060 083 156 155 202 149 148 200 204
0061 179 205 224 239 034 208 089 235
