0000 195 175 215 212 118 180 138 214
0001 195 175 216 212 118 180 138 214
0002 196 175 216 212 118 180 138 214
0003 196 175 216 212 119 178 139 213
0004 196 175 216 212 118 179 138 214
0005 119 176 140 213 195 173 214 210
0006 119 173 142 212 198 175 217 208
0007 118 170 137 200
0009 222 093 247 120 108 103 142 143
0010 115 071 138 107 223 051 247 097
0011 114 044 142 090 219 032 242 077
0012 213 016 241 062 118 029 142 071
0013 119 021 146 065 211 020 237 055
0014 209 009 234 056 122 017 146 058
0015 209 009 235 057 122 016 146 054
0016 209 012 236 057 122 016 145 054
0017 208 011 233 058 121 017 146 056
0018 208 010 234 059 121 017 146 057
0019 209 007 233 058 122 016 146 052
0020 210 008 234 060 123 016 146 052
0021 209 011 234 060 121 015 146 055
0022 207 019 235 065 119 021 146 064
0023 209 048 231 084 118 042 141 081
0024 113 079 139 108 208 088 229 115
0025 111 091 137 128 204 099 229 138
0026 113 099 139 132 207 098 232 137
0027 115 094 138 132 208 094 231 129
0028 113 093 137 130 205 098 232 133
0029 112 094 136 131 203 100 229 134
0030 112 093 136 131 203 100 228 134
0031 112 092 136 129 205 099 232 133
0032 115 094 138 132 204 099 229 131
0033 112 095 136 129 203 098 230 135
0034 112 100 135 134 204 105 229 139
0035 112 110 134 140 201 108 234 143
0036 108 128 133 155 209 131 236 160
0037 109 146 133 172 207 151 231 181
0038 112 163 138 197 200 155 224 197
0039 117 170 136 200 197 157 223 199
0040 119 174 142 212 196 166 218 206
0041 121 176 142 213 194 171 215 209
0042 121 178 142 213 195 172 216 210
0043 120 179 140 212 196 169 216 208
0044 119 179 139 213 197 170 216 209
