0000 183 189 225 221
0001 208 121 250 177
0002 210 066 254 129
0003 207 039 247 106
0004 202 026 242 091
0005 196 026 234 086
0006 196 023 234 083
0007 194 025 231 090
0008 196 025 233 084
0009 194 022 234 086
0010 196 022 233 083
0011 194 022 234 085
0012 199 022 237 087
0013 199 022 237 089
0014 197 020 237 088
0015 198 025 236 088
0016 200 024 237 087
0017 202 025 236 087
0018 202 026 236 089
0019 199 031 236 090
0020 203 037 236 095
0021 198 058 235 109
0022 190 098 225 140
0023 183 150 217 187
0024 163 184 204 237
0025 147 216 184 239
