0009 201 212 235 239
0010 174 184 219 236
0011 157 155 203 201
0012 143 139 197 185
0013 127 124 179 164
0014 119 120 170 160
0015 109 120 160 159
0016 110 116 159 152
0017 106 119 164 156
0018 102 116 165 156
0019 101 112 160 151
0020 102 117 159 154
0021 101 113 158 152
0022 102 117 158 154
0023 100 116 157 155
0024 106 117 162 156
0025 107 117 161 156
0026 105 117 157 154
0027 101 115 165 153
0028 109 116 163 154
0029 113 118 164 156
0030 146 138 195 177
0031 188 172 229 225
0032 221 204 260 239
