0000 239 193 275 232 154 186 178 225
0001 239 192 275 237 155 187 177 224
0002 240 191 276 235 154 186 177 224
0003 242 193 277 234 149 182 185 227
0004 242 190 279 234 154 187 176 225
0005 242 192 276 238 153 185 175 223
0006 242 192 277 235 153 187 174 225
0007 241 192 277 234 153 187 174 225
0008 242 193 277 233 155 186 175 220
0009 241 193 278 234 135 182 158 222
0010 241 192 278 235 108 172 139 208
0011 245 197 275 238 080 156 112 187
0012 244 193 277 234 059 142 091 165
0013 240 190 276 232 051 124 081 153
0014 245 192 279 233 031 105 069 135
0015 245 191 281 235 025 091 074 121
0016 248 192 276 233 023 089 062 112
0017 244 191 275 234 014 075 064 105
0018 244 192 278 236 014 071 061 100
0019 246 193 274 233 012 070 063 098
0020 242 193 275 234 014 075 065 102
0021 244 191 280 233 023 090 063 113
0022 241 193 273 235 032 105 069 136
0023 245 193 277 234 045 133 079 161
0024 242 196 274 234 050 140 090 178
0025 241 188 276 234 054 145 090 179
0026 241 190 276 232 045 126 081 155
0027 244 192 279 235 033 107 069 134
0028 246 193 278 235 028 085 057 112
0029 244 194 277 236 018 076 056 100
0030 244 190 278 234 013 067 056 088
0031 245 190 279 234 016 065 056 088
0032 244 191 281 235 022 080 060 106
0033 243 192 278 234 034 103 072 128
0034 244 191 278 235 035 124 076 150
0035 243 193 277 235 047 128 077 157
0036 238 196 274 235
0037 242 199 274 235 037 118 074 147
0038 242 197 277 237 031 100 067 128
0039 244 194 275 236 028 084 057 107
0040 246 195 276 233 025 067 056 088
0041 241 200 275 239 015 057 051 080
0042 237 200 275 239 023 066 061 091
0043 241 194 274 238
0044 240 197 277 239 060 132 095 161
0045 240 199 273 237 072 154 106 187
0046 240 196 275 236 093 174 128 213
0047 236 194 272 238 110 180 144 221
0048 242 200 275 238 120 181 152 225
0049 241 198 275 236 140 189 160 227
0050 242 195 272 238 150 183 171 225
0051 242 195 273 238 156 188 175 223
0052 243 199 277 239 154 187 175 224
0053 238 197 273 239 154 186 174 222
0054 241 196 272 238 156 187 175 221
0055 240 196 272 239 160 190 179 229
0056 242 201 275 239 159 191 178 230
0057 238 195 278 239 160 187 182 229
0058 240 196 269 237 159 189 180 229
0059 240 198 272 237 157 187 178 226
0060 237 195 271 237 156 193 175 227
0061 238 201 271 237 158 191 178 229
0062 238 196 271 239 158 191 177 229
0063 237 197 270 239 158 193 178 230
