0001 117 216 155 239
0002 091 205 127 239
0003 063 165 100 220
0004 033 115 082 174
0005 022 092 065 155
0006 020 087 068 147
0007 019 087 068 148
0008 020 083 068 149
0009 019 087 067 148
0010 019 090 069 150
0011 025 092 065 154
0012 020 089 068 150
0013 022 086 071 155
0014 022 084 071 154
0015 022 087 068 156
0016 024 087 064 154
0017 022 090 066 157
0018 034 113 081 171
0019 064 165 097 212
0020 096 192 127 239
0021 117 205 152 239
0022 130 209 172 239
0023 129 219 180 239
0024 131 216 171 239
0025 120 210 163 239
