0000 105 202 125 235 170 200 186 230
0001 103 204 126 234 170 196 188 229
0002 106 202 128 237 171 198 189 233
0003 105 202 127 236 173 197 192 225
0004 105 203 124 236 181 173 207 206
0005 106 201 125 231 184 138 209 175
0006 106 200 126 234 179 115 219 149
0007 106 200 124 231 191 092 222 131
0008 104 201 125 235 190 073 221 103
0009 104 200 125 234 193 066 222 104
0010 104 201 125 236 194 062 224 099
0011 104 201 125 236 195 064 222 099
0012 104 201 124 234 196 073 223 106
0013 105 199 126 234 189 086 217 123
0014 104 200 124 235 178 122 216 152
0015 102 200 123 234 177 151 201 196
0016 104 200 123 233 175 179 196 223
0017 172 189 192 230 104 201 123 234
0018 105 201 123 233 170 199 189 227
