0004 162 199 183 231
0005 169 199 189 231
0006 175 201 196 234
0007 180 200 203 237
0008 182 204 205 237
0009 190 213 215 239
0010 193 214 217 239
0011 195 214 221 239
0012 104 209 124 235 198 218 224 239
0013 103 212 127 239 195 219 221 239
0014 105 214 126 239 191 218 220 237
0015 104 210 130 238 191 219 217 238
0016 108 208 129 238
0017 107 206 130 238
0018 108 206 132 239
0019 108 206 133 239
0020 106 205 132 237
0021 105 207 127 239 176 217 206 239
0022 098 204 125 239 158 208 199 237
0023 137 204 184 237 092 202 118 237
0024 128 184 175 225 086 194 114 238
0025 084 169 114 222 112 160 164 211
0026 112 154 160 208 080 174 110 223
0027 104 145 157 200 080 159 114 215
0028 106 144 152 195 078 159 111 213
0029 110 137 152 191 078 157 110 211
0030 076 153 120 204 102 137 147 189
0031 072 152 113 205 104 137 147 189
0032 071 148 114 197 100 138 149 189
0033 099 137 150 190 071 152 108 201
0034 072 153 109 204 100 137 150 190
0035 070 151 111 201 099 136 151 191
0036 072 152 113 205 102 136 148 193
0037 072 153 112 206 103 137 148 193
0038 103 139 148 194 072 152 107 206
0039 104 138 148 194 073 153 107 205
0040 105 138 148 196 073 149 112 204
0041 105 142 149 197 074 155 107 203
0042 104 144 148 197 073 154 111 208
0043 073 155 108 205 105 143 148 197
0044 071 153 109 204 105 144 147 197
0045 105 145 147 197 072 155 108 205
0046 104 145 147 197 075 153 107 203
0047 103 145 147 197 072 152 108 207
0048 102 143 146 195 074 154 104 196
0049 072 152 108 203 101 143 148 196
0050 105 144 153 195 073 157 107 209
0051 082 165 110 205 130 164 176 197
0052 159 181 207 224 088 177 113 218
0053 091 188 113 229 182 200 215 239
0054 095 197 119 236 205 210 228 236
0055 099 200 122 238 211 219 234 239
0056 102 205 126 238 212 214 236 239
0057 103 208 131 237 212 214 231 237
0058 104 212 133 238 202 218 225 239
0059 198 220 223 239 107 212 130 239
0060 108 211 130 239 200 216 223 239
0061 109 210 130 239 200 217 223 239
0062 110 210 131 239 200 218 222 239
0063 110 211 131 239 200 218 222 239
0064 110 211 131 239 200 218 222 239
0065 112 208 131 237 199 219 222 239
0066 109 209 131 239 196 221 222 239
