0001 149 202 186 235 092 208 152 239
0002 111 175 159 232 146 171 182 221
0003 126 137 166 192 147 126 195 172
0004 123 121 166 181 149 114 196 160
0005 160 104 200 152 122 101 169 161
0006 165 105 199 152 122 103 167 154
0007 125 095 170 152 162 098 198 150
0008 125 096 170 154 162 103 199 156
0009 125 103 170 160 163 103 200 163
0010 125 102 171 159 160 103 201 158
0011 163 101 201 162 126 097 170 153
0012 127 095 171 152 164 102 199 156
0013 127 095 171 152 164 102 198 155
0014 127 097 170 151 165 103 198 156
0015 129 096 171 150 165 102 198 156
0016 127 095 173 152 167 105 198 157
0017 126 104 171 161 168 106 198 158
0018 124 119 166 180
0019 114 143 159 203 154 138 181 181
0020 083 203 132 239 148 203 183 235
