0000 181 202 204 236 115 202 133 233
0001 182 200 205 235 113 203 133 236
0002 185 200 208 236 108 199 128 237
0003 189 186 214 226 097 183 116 219
0004 088 167 114 194 192 174 215 204
0005 193 156 217 192 083 156 112 180
0006 194 153 219 185 084 154 112 177
0007 084 152 113 178 189 151 217 182
0008 087 142 116 171 194 141 219 172
0009 085 129 118 156 190 132 226 158
0010 193 117 224 154 085 117 115 149
0011 084 105 110 132
0012 084 100 117 122 189 100 222 135
0013 081 099 110 121 192 093 226 134
0014 192 102 222 133 086 099 116 125
0015 086 110 115 136 195 106 223 147
0016 089 123 114 152 190 125 225 161
0017 090 137 117 166 186 135 215 171
0018 091 153 116 183 187 146 213 180
0019 098 162 119 191 185 159 210 193
0020 096 168 121 198 189 163 212 197
0021 096 170 122 203 186 165 210 199
0022 097 168 123 203 186 168 211 202
0023 098 169 121 198 186 167 212 200
0024 095 158 119 186 188 161 215 195
0025 091 138 121 167 193 143 218 179
0026 090 130 118 161 195 137 224 162
0027 091 115 116 136 187 108 220 144
0028 086 109 117 129
0029 086 106 114 129
0030 089 109 113 130 190 100 225 134
0031 088 116 114 154 189 110 214 153
0032 093 144 118 176 182 140 215 180
0033 182 169 208 212 102 171 125 210
0034 106 191 130 226 180 189 207 230
0035 110 197 132 233 181 200 209 234
0036 186 203 207 237 110 198 131 233
0037 109 198 130 233 188 202 209 237
0038 193 199 218 236 109 198 129 232
