0000 202 210 248 239
0001 195 212 243 239 134 212 185 239
0002 101 206 130 239
0005 097 208 131 239
0006 097 210 134 239 160 214 206 239
0007 144 195 201 239 095 192 136 239
0008 140 168 193 215 090 175 134 231
0009 135 157 191 201 086 158 135 213
0010 130 144 186 192 088 147 129 210
0011 090 136 134 195 132 134 185 178
0012 128 127 184 170 086 124 131 186
0013 091 124 135 180 125 123 185 169
0014 091 122 134 180 125 128 180 171
0015 130 129 180 174 095 123 135 182
0016 096 122 138 180 128 134 176 184
0017 128 144 179 188 099 123 137 173
0018 115 143 174 188 099 120 139 168
0019 117 146 175 198 097 120 141 170
0020 127 145 182 196 095 122 138 180
0021 133 140 184 188 089 122 128 188
0022 124 120 180 168 089 126 129 188
0023 122 118 180 158 089 126 129 192
0024 090 128 130 189 124 113 175 154
0025 094 120 130 195 125 112 181 154
0026 091 127 133 183 126 112 177 158
0027 127 113 180 162 091 127 134 183
0028 095 121 135 177 131 122 180 168
0029 127 131 178 179 096 118 138 173
0030 115 143 180 192
0031 116 153 178 203
0032 126 158 176 213 098 119 140 169
0033 126 164 179 215 095 116 140 171
0034 122 160 178 212 097 119 140 172
0035 127 163 179 213 093 117 141 170
0036 129 153 186 203 091 119 139 173
0037 094 128 135 169 130 146 183 192
0038 092 148 140 200 138 159 189 208
0039 094 178 142 231 142 178 191 232
0040 148 202 188 239 106 205 145 239
0041 107 218 148 239 148 223 194 239
0042 103 208 136 238
0044 098 200 136 239
