0000 156 214 182 239 224 218 260 239
0001 225 219 260 239 153 210 175 239
0002 225 219 256 239 153 213 175 239
0003 226 219 260 239 153 213 175 239
0004 225 219 260 239 151 204 176 237
0005 227 215 258 239 154 215 177 239
0006 224 219 260 239 154 213 176 239
0007 151 212 173 239 223 218 258 239
0008 224 219 260 239 155 209 178 239
0009 153 213 180 239 224 219 260 239
0010 146 200 172 235
0011 142 173 167 209
0012 141 151 169 181
0013 135 136 172 170
0014 127 124 163 158
0015 123 124 160 157
0016 123 127 165 158
0017 123 130 165 160
0018 118 125 163 160
0019 120 127 165 160
0020 126 131 165 161
0021 126 130 166 162
0022 126 130 166 163
0023 127 128 164 162 235 216 266 239
0024 126 131 164 164 232 216 268 239
0025 127 132 165 164 231 216 268 239
0026 122 132 165 165 231 216 268 239
0027 127 142 165 177 231 216 267 239
0028 138 168 175 205 231 216 267 239
0029 147 176 174 222 231 216 267 239
0030 149 201 181 239 231 216 267 239
0031 162 210 189 239 231 216 267 239
