0000 061 214 086 239
0001 061 206 090 239
0004 188 209 215 239
0005 219 192 253 231
0007 221 125 291 152
0008 245 100 288 119
0009 246 084 289 105
0010 245 092 288 118
0011 238 112 302 138
0012 225 132 295 159
0015 229 191 268 233 050 214 078 239
0016 057 212 079 238
0017 058 213 079 238
0018 226 136 291 162
0019 227 106 293 133
0020 230 090 293 120
0022 235 100 296 127
0023 251 131 299 154
0024 242 154 287 179 138 216 163 239
0025 242 181 281 205
0026 055 214 083 239
0027 055 213 080 239
0028 054 213 082 239 241 176 279 202
0029 212 136 285 168
0030 231 109 292 140 058 212 086 239
0031 247 092 287 113
0033 246 089 288 112
0034 231 112 296 138 058 214 086 239
0035 229 137 297 166
0036 229 151 290 178
0037 054 211 082 239
0039 214 206 254 239 057 209 083 239
0040 191 207 222 239 057 210 087 239
0041 167 210 202 239
0042 151 210 185 239
