0005 065 200 101 230
0006 074 160 120 191
0007 083 139 127 177
0008 086 136 126 179
0009 085 131 127 177
0010 086 129 128 174
0011 087 132 129 174
0012 084 133 127 179 162 195 202 237
0013 087 128 122 175 173 156 206 211
0014 140 072 189 121 087 141 135 177
0015 111 082 163 119 090 144 135 180
0016 097 104 147 138 090 149 125 180
0017 097 120 152 161
0018 093 121 135 176
0019 100 123 155 161
0020 094 124 140 175
0021 093 125 144 173
0022 093 125 149 169
0023 098 125 150 166
0024 094 125 142 170
0025 102 125 159 158 085 139 127 183
0026 123 132 162 170 078 149 108 194
0027 143 177 181 212 060 172 093 216
0028 047 205 081 239 146 217 182 239
0029 047 215 077 239
0030 061 214 087 239
