0000 173 205 196 239 074 198 098 235
0001 175 208 196 239 070 198 095 232
0002 071 194 101 234 176 208 197 239
0003 073 198 098 235 176 204 197 238
0004 178 201 202 236 069 195 100 231
0005 181 202 205 239 068 193 104 233
0006 071 194 097 229
0007 145 107 186 148 072 194 098 234
0008 136 045 169 109 069 194 100 231
0009 136 037 167 087 072 193 099 232 151 149 178 183
0010 135 042 167 105 071 191 099 232
0011 134 042 168 108 069 192 101 232
0012 134 041 170 107 065 190 103 231
0013 065 190 103 231 131 047 161 088
0014 135 040 167 103 069 191 101 231
0015 134 041 169 104 065 190 103 232
0016 135 045 168 104 072 192 097 234 150 144 177 184
0017 135 046 169 104 067 189 094 229
0018 135 047 164 090 066 189 102 233
0019 134 046 174 093 071 196 094 229
0020 146 053 179 105 065 189 101 232
0021 072 198 096 234 166 112 203 162 158 159 184 191
0022 071 198 096 234 191 168 217 203
0023 069 192 102 233 191 197 224 233
0024 073 197 098 233
0025 070 194 101 233
0026 073 198 102 236 180 200 204 231
0027 073 201 098 234 179 204 201 239
0028 070 198 101 234
0029 182 198 206 235 069 196 101 232
0030 068 195 101 233
0031 069 195 101 233
0032 068 194 102 233
0033 069 197 100 233 158 156 187 189
