0007 097 209 122 239
0008 064 197 105 232 225 204 259 238
0009 225 159 283 191 044 162 097 192
0010 238 110 283 152 168 214 193 239 036 112 076 148
0011 057 072 086 117 242 068 267 106 173 214 196 239
0012 233 048 255 084 070 045 094 090
0013 086 031 109 078 220 043 245 083
0014 211 052 239 091
0015 197 057 234 099
0016 199 061 238 104
0017 206 055 240 094 099 051 123 093
0018 206 055 240 093
0019 205 054 238 091
0020 204 054 239 093 094 049 120 090
0021 203 054 240 093 093 050 128 095
0022 204 052 240 095 098 054 122 093
0023 204 051 239 092 097 053 122 093
0024 206 057 244 100
0025 202 053 239 095
0026 204 054 239 093 098 054 123 094
0027 201 055 238 096 099 057 123 094
0028 204 058 238 100 094 057 118 097
0029 089 063 110 101 220 065 243 100
0030 225 093 253 143 077 085 103 127
0031 066 131 105 169 220 145 259 172
0032 081 169 118 203 214 178 248 213
0033 092 202 123 238 210 207 235 239
0034 102 211 124 239 195 209 223 239
