0000 239 216 272 239 138 211 159 239
0001 240 217 273 239 136 211 158 239
0002 240 217 273 239 126 207 149 239
0003 240 217 273 239 103 192 133 235
0004 240 216 269 239 091 158 129 193
0005 240 218 272 239 068 109 119 151
0006 239 217 271 239 077 058 117 117
0007 084 032 128 095 239 216 273 239
0008 090 023 133 082 240 214 271 239
0009 092 023 133 077 239 215 272 239
0010 092 019 135 075 239 216 271 239
0011 093 018 134 074 240 214 267 239
0012 092 017 133 076 240 215 271 239
0013 093 018 133 076 241 216 267 239
0014 092 017 133 077 239 216 270 239
0015 092 017 133 077 234 214 266 239
0016 092 018 133 075 238 216 270 239
0017 092 017 133 077 238 218 270 239
0018 091 019 133 076 235 218 267 239
0019 092 018 133 076 233 219 267 239
0020 092 018 131 073 232 214 270 239
0021 091 018 132 077 230 216 265 239
0022 091 018 133 077 237 217 268 239
0023 237 217 268 239 090 016 134 076
0024 091 017 133 078 237 217 268 239
0025 091 017 133 078 231 213 264 239
0026 090 016 133 078 238 216 268 239
0027 090 017 133 077 237 216 268 239
0028 237 216 268 239 090 015 133 075
0029 237 215 268 239 092 016 133 073
0030 231 215 269 239 091 017 133 075
0031 234 211 270 239 091 017 133 075
0032 237 215 268 239 092 017 133 073
0033 237 216 268 239 097 016 133 071
0034 236 217 268 239 088 021 130 080
0035 237 216 269 239 083 043 121 103
0036 238 219 269 239 074 107 115 148
0037 239 217 269 239
0038 237 218 268 239 099 195 130 238
0039 238 217 265 239 115 210 139 239
0040 232 214 265 239 122 213 145 239
0041 236 218 268 239 125 210 155 239
0042 136 211 157 239 234 218 268 239
0043 133 211 155 239 235 213 271 239
0044 134 213 154 239 238 215 269 239
0045 236 218 270 239 134 214 155 239
