0000 209 198 258 239
0001 202 201 251 239
0002 203 199 252 239
0003 200 204 252 239
0004 095 204 128 235
0005 088 207 131 239
0006 081 169 113 217 165 212 196 237 191 205 249 239
0007 069 097 107 170 197 202 246 239
0008 068 053 107 133 191 200 250 239
0009 070 033 108 110 192 201 249 239
0010 068 019 107 101
0011 068 014 106 095
0012 060 017 099 100
0013 052 030 096 110
0014 065 039 107 104
0015 069 023 107 094
0016 064 023 103 093
0017 049 042 092 109
0018 059 052 101 114
0019 068 042 108 103
0020 054 036 091 105
0021 045 055 089 124
0022 059 067 098 129
0023 060 054 100 124
0024 050 053 095 119
0025 045 065 088 139
0026 054 075 090 140
0027 053 081 094 153
0028 059 111 101 180 190 206 245 239
0029 076 158 114 213
0030 095 178 139 232
0031 092 188 129 238
0032 093 200 131 239
0033 093 207 129 239
0034 093 221 122 239
0037 194 207 242 239
