0000 167 220 197 239 066 224 087 239
0001 168 219 195 239
0002 162 218 194 239
0003 168 223 192 239
0004 180 223 201 239
0005 192 191 217 231
0006 191 141 229 175
0007 193 091 227 141
0008 190 051 223 109
0009 185 043 219 101
0010 184 043 218 102
0011 191 066 226 113 063 224 088 239
0012 207 062 243 115
0013 210 055 238 100
0014 186 052 215 100
0015 177 058 206 101
0016 183 080 214 120 058 221 081 239
0017 204 068 243 122
0018 204 055 241 106
0019 186 051 211 095
0020 164 052 203 110
0021 195 076 221 121 060 216 087 239
0022 207 060 237 114 059 217 085 239
0023 201 054 227 102
0024 168 057 195 100
0025 176 066 201 110
0026 197 063 235 115
0027 201 055 229 103
0028 173 048 207 099
0029 164 051 198 104
0030 180 070 208 114
0031 193 094 226 143
0032 191 144 233 175
0033 194 197 223 236
0034 185 219 210 238
0036 169 219 192 239
0037 163 218 193 239
