0004 191 172 258 228
0005 212 128 267 182
0006 217 092 266 140
0007 207 071 260 118
0008 210 042 256 101
0009 207 047 262 093
0010 208 039 252 096
0011 224 050 276 103
0012 211 051 233 101
0013 210 066 295 103
0014 215 066 293 104
0015 211 053 236 101
0016 210 048 258 108
0017 210 072 283 110
0018 235 057 284 102 209 075 273 115
0019 206 053 274 105 225 083 277 120
0020 202 050 255 100 229 070 279 111
0021 214 053 269 103
0022 223 065 282 105
0023 208 052 246 105
0024 205 063 288 100
0025 207 068 265 110
0026 225 063 282 103
0027 207 069 280 106
0028 203 063 284 103
0029 204 084 269 124
0030 193 112 245 168
0031 190 165 235 236
0032 168 209 203 239
