0002 119 198 154 239
0003 120 188 159 238
0004 135 170 179 210
0005 143 141 204 177
0006 152 124 209 160
0007 156 098 216 134
0008 163 088 218 126
0009 166 080 221 115
0010 163 072 225 107
0011 164 069 222 108
0012 167 073 224 112
0013 165 069 228 105
0014 168 071 226 109
0015 165 069 227 106
0016 165 069 227 107
0017 165 069 229 106
0018 165 069 229 106
0019 165 068 229 107
0020 165 073 221 109
0021 146 076 191 116
0022 140 093 177 132
0023 128 130 164 167
0024 120 156 154 203
0025 110 178 150 223
0026 112 194 146 239
