0000 186 187 208 223 099 186 123 225
0001 186 187 208 222 099 186 120 218
0002 080 174 113 215 195 168 229 219
0003 204 121 240 151 067 143 094 179
0004 213 074 253 115 046 095 088 129
0005 047 054 085 098 217 032 258 078
0006 215 043 256 093 046 050 087 097
0007 212 116 239 139
0008 207 157 238 196 060 139 089 173
0009 201 162 238 203 069 147 096 186
0010 199 112 231 140 057 117 088 147
0011 207 071 249 118 053 080 087 115
0012 203 016 241 079 057 029 098 082
0013 058 020 101 070 204 010 241 075
0014 207 064 247 109 057 059 093 107
0015 197 126 231 155 061 122 087 153
0016 192 163 229 209 073 151 099 183
0017 201 138 237 174 073 138 102 174
0018 203 098 237 127
0019 204 030 244 085 060 047 098 097
0020 068 021 102 070 199 014 237 066
0021 198 011 235 068 066 011 108 064
0022 199 041 240 096 067 039 108 086
0023 196 111 229 141 056 097 093 130
0024 071 132 101 171 201 153 230 194
0025 192 151 230 196 075 136 110 176
0026 195 147 233 188 074 137 109 176
0027 189 147 229 190 074 137 109 176
0028 194 151 220 201 076 145 112 185
0029 186 163 223 215 079 158 107 202
0030 183 180 213 227 082 173 116 214
0031 093 184 117 220 185 189 210 226
0032 097 187 120 223 181 187 203 226
0033 181 188 202 223 099 187 120 223
0034 099 187 122 223 182 187 203 226
0035 098 187 122 222 181 184 203 224
