0000 082 203 126 239 157 195 197 232
0001 161 199 202 233 084 202 130 238
0002 166 182 206 216 080 207 130 239
0003 173 171 215 210 077 202 127 238
0004 078 204 130 239 180 149 219 200
0005 180 144 219 185 083 196 128 238
0006 078 192 124 233 177 136 218 172
0007 170 138 218 171 078 200 123 238
0008 167 138 213 175 075 201 117 237
0009 167 141 208 173 068 207 113 239
0010 162 140 206 173 066 181 125 217
0011 163 141 206 171 073 165 120 197
0012 158 139 205 170 068 139 121 182
0013 161 139 203 172 067 123 125 162
0014 161 141 203 176 066 115 122 151
0015 161 143 202 174 068 113 108 154
0016 161 143 202 175 071 115 112 156
0017 160 142 202 176 084 116 128 149
0018 160 141 202 177 078 117 136 156
0019 158 141 201 174 084 122 137 156
0020 155 141 199 173 080 121 122 163
0021 157 141 199 172 088 118 127 152
0022 151 142 201 175 085 114 137 156
0023 152 141 198 173 091 115 146 153
0024 149 144 197 174 090 116 148 155
0025 147 142 199 175 099 115 140 154
0026 147 143 199 174 101 113 142 154
0027 142 144 197 175 097 115 142 160
0028 148 145 191 174 108 119 158 154
0029 148 147 189 174 113 122 168 153
0030 144 147 189 176 115 124 171 156
0031 106 123 163 162 148 145 192 176
0032 118 124 161 158 142 149 187 178
0033 116 128 164 163 137 145 195 176
0034 138 137 184 176
0037 121 143 184 181
0039 120 137 167 169
0040 158 157 195 199 116 136 159 172
0041 165 159 202 204 115 139 159 173
0042 171 167 209 207 114 142 159 174
0043 179 175 207 217 120 139 160 170
0044 125 132 167 160
