0000 061 200 087 238 159 169 198 205
0001 062 202 084 236 158 169 199 205
0002 060 198 080 230 164 169 201 206
0003 052 199 073 231 166 171 206 203
0004 029 183 063 224 176 161 211 189
0005 010 179 044 210 182 162 218 186
0006 186 149 222 175 010 163 027 191
0007 195 147 229 173 007 154 024 175
0008 189 140 229 171
0009 009 167 032 198 175 146 209 173
0010 037 169 073 205 131 163 168 202
0011 116 165 160 203 048 176 084 209
0012 107 172 145 208 055 172 095 208
0013 107 175 144 209 060 176 086 209
0014 051 183 087 217 109 182 149 218
0015 123 191 153 227 051 193 082 227
0016 131 197 159 238 059 204 082 238
0017 134 198 156 235 066 202 087 235
0018 130 198 153 234 068 195 090 231
