0000 090 208 120 239 198 200 222 237
0001 088 210 120 239 196 198 222 237
0002 196 197 221 235 091 208 122 239
0003 192 197 222 238 096 205 130 239
0004 181 186 217 229 119 180 161 220
0005 133 152 179 186 172 175 201 214
0006 145 150 191 201 152 132 196 168
0007 142 121 207 173
0008 146 113 211 165
0009 143 114 193 163
0010 142 102 195 153
0011 136 095 191 142
0012 137 086 182 124
0013 138 090 181 127
0014 138 095 179 133
0015 139 100 179 141
0016 134 105 187 154
0017 137 115 193 163
0018 140 121 196 173
0019 144 122 215 173
0020 150 124 214 170 130 129 179 181
0021 147 121 215 171 130 133 177 180
0022 137 125 182 166
0023 136 115 185 158
0024 134 106 185 148
0025 139 098 183 142
0026 138 093 181 133
0027 136 087 181 128
0028 133 094 175 138
0029 138 100 191 148
0030 138 111 191 156
0031 135 120 183 162
0032 134 126 188 173
0033 127 150 176 198 158 123 214 176
0034 146 169 189 220 168 136 216 175
0035 172 151 217 179 162 171 201 230
0037 147 172 193 209
0038 123 188 161 237 182 202 219 239
0039 097 202 135 238 195 199 222 239
0040 091 212 119 239 195 203 227 239
0041 083 205 117 238 195 205 218 234
0042 192 205 216 235 085 207 116 238
0043 190 206 215 239 090 208 120 239
0044 192 203 217 239 085 209 122 239
