0000 096 203 122 239 179 187 199 223
0001 098 208 123 239 182 182 203 221
0002 098 208 121 236 184 149 218 190
0003 099 209 125 239 176 093 215 142
0004 095 204 126 238 164 043 205 083
0005 097 207 124 237 158 038 198 077
0006 094 203 125 239 159 037 200 078
0007 094 202 118 235 168 036 213 081
0008 094 207 119 236 170 045 212 092
0009 095 208 120 239 167 037 211 078
0010 095 205 121 236 172 039 212 088
0011 094 202 119 237 174 038 214 085
0012 098 208 122 239 165 046 207 093
0013 098 209 122 239 167 069 206 114
0014 095 204 119 236 175 112 203 152
0015 095 205 119 236 179 169 200 199
0016 098 205 121 236 176 181 199 221
0017 096 203 130 239 177 188 196 224
0018 096 204 128 239 179 192 197 224
0019 093 201 127 239 180 189 200 224
0020 096 205 128 239 179 192 199 229
