0001 188 217 210 239
0002 204 196 233 239
0003 217 143 247 172
0004 204 054 240 094
0005 193 042 228 087
0006 164 029 211 075
0007 158 033 206 075
0008 157 036 204 075
0009 157 037 202 076
0010 155 040 205 080
0011 156 040 204 080
0012 155 040 202 080
0013 155 039 203 080
0014 156 040 204 080
0015 155 040 204 080
0016 154 040 204 080
0017 155 037 201 075
0018 155 037 201 075
0019 155 037 201 075
0020 155 039 204 080
0021 155 039 203 079
0022 159 038 205 078
0023 167 033 209 075
0024 196 050 233 095
0025 204 134 242 162
0026 219 193 244 235
0027 194 219 220 239
