0007 094 203 164 239
0008 101 173 178 219
0009 123 145 183 192
0010 123 124 195 174
0011 133 101 209 154
0012 135 087 212 141
0013 141 077 221 129
0014 143 068 217 123
0015 146 053 217 109
0016 150 052 222 109
0017 147 050 226 102
0018 147 047 226 102
0019 149 044 223 097
0020 149 043 223 096
0021 149 043 219 095
0022 147 042 222 095
0023 149 043 223 097
0024 144 044 218 093
0025 144 041 222 096
0026 143 043 218 097
0027 147 041 222 097
0028 144 044 220 097
0029 142 048 219 097
0030 145 045 222 100
0031 143 059 218 111
0032 138 067 216 121
0033 131 085 204 136
0034 124 112 191 164
0035 118 147 185 197
0036 114 168 180 220
0037 110 210 165 239
0038 108 222 164 239
