0000 178 200 235 238 133 216 178 239
0001 180 203 236 237 136 216 179 239
0002 173 203 232 239
0003 180 202 246 239 138 210 173 239
0004 145 200 184 239 184 202 237 239
0005 148 162 203 225
0006 159 122 214 172 175 200 237 234
0007 154 093 223 125 175 201 227 237
0008 181 200 238 239 147 071 219 106
0009 152 070 211 105 170 201 236 238
0010 148 071 209 107 171 199 239 236 179 072 213 093
0011 174 200 236 235
0012 170 201 237 236 150 064 203 106
0013 152 066 212 104 169 200 232 235
0014 150 067 211 106 165 203 240 239
0015 158 072 202 127 177 203 227 237
0016 150 094 202 139 169 199 236 235
0017 158 115 209 161 171 198 241 235
0018 159 129 211 172 190 201 242 239 166 195 217 234
0019 176 202 237 239
0020 175 207 227 239 162 138 207 174
0021 161 141 208 173 175 204 230 239
0022 175 198 237 234 157 136 214 173
0023 172 205 228 239 159 129 206 166
0024 164 114 214 160 180 199 242 234
0025 169 104 212 147 173 201 239 239
0026 172 203 244 239 159 085 224 117
0027 174 200 239 239 146 073 220 111 180 079 222 100
0028 176 203 238 239 145 068 206 109
0029 185 202 237 239
0030 188 204 239 239 147 072 210 113
0031 181 202 246 239 164 070 224 105
0032 159 084 220 130 178 199 238 234
0033 171 115 220 156 172 201 238 239
0034 181 201 239 239 156 132 207 168
0036 173 207 217 239
0037 174 207 220 239
0038 175 200 234 235
0039 166 147 212 191 182 204 225 238
0040 158 154 212 199 181 211 227 239
0041 150 173 203 229
0042 146 202 189 239
0043 181 204 229 239 138 219 174 239
0044 181 202 238 238 139 219 181 239
0045 140 210 174 239 170 205 225 239
0046 175 202 242 239 141 215 173 239
0047 178 205 229 239 137 212 169 239
0048 176 202 244 239 137 207 174 239
0049 172 202 241 239 139 211 180 239
0050 174 200 237 236 141 210 171 239
0051 178 206 226 239
