0000 247 190 277 233 147 173 184 219
0001 243 191 275 231 155 180 177 217
0002 244 189 276 234 153 154 186 193
0003 243 185 276 234 160 108 199 141
0004 245 186 279 231 167 072 223 100
0005 245 188 273 231 175 058 232 085
0006 245 188 275 232 183 047 236 074
0007 246 189 274 231 192 047 236 069
0008 246 192 271 230 185 048 235 073
0009 245 189 277 232 175 049 219 070
0010 248 184 280 229 145 041 196 071
0011 251 187 277 230 142 044 184 069
0012 250 183 282 226 142 047 184 072
0013 253 186 280 225 139 047 182 073
0014 251 183 282 228 147 044 188 069
0015 249 184 281 226 147 047 182 068
0016 249 184 280 226 147 047 179 069
0017 247 183 279 227 145 044 182 073
0018 250 185 280 226 149 067 186 098
0019 249 186 279 228 150 102 188 144
0020 247 190 276 233 149 138 174 186
0021 247 190 277 232 151 168 176 211
0022 248 192 277 233 155 182 178 218
0023 251 191 276 232 160 192 180 227
0024 245 188 278 233 158 184 177 219
0025 246 189 278 234 157 184 177 219
0026 246 189 277 233 156 189 175 220
0027 243 186 276 231 157 184 176 218
0028 243 187 277 235 157 188 177 223
0029 244 191 275 235 156 185 175 219
0030 244 189 276 235 156 185 175 220
0031 244 189 276 235 157 190 175 217 150 175 185 223
0032 244 188 277 234 157 191 174 217 149 175 185 223
