0000 203 207 231 239 105 216 129 239
0001 102 216 132 239 207 221 233 239
0002 098 208 131 239 206 219 235 239
0003 105 211 130 239 203 218 235 239
0004 206 216 236 239 103 214 128 239
0005 103 214 132 239 204 218 236 239
0006 101 213 131 239 208 212 236 239
0007 096 211 127 239 215 205 242 239
0008 098 205 127 239 214 178 239 218
0009 106 193 144 235 201 136 238 173
0010 181 094 222 130 113 164 170 202
0011 153 057 189 095 125 130 190 168
0012 120 043 159 080 178 063 223 115
0013 174 046 224 105 115 047 152 082
0014 114 051 152 081 177 038 214 089
0015 158 023 197 076 119 037 157 070
0016 121 022 165 081 141 018 189 064
0017 080 020 121 092 177 012 218 056
0018 071 014 112 089 212 015 252 060
0019 065 025 106 085 222 022 261 082
0020 067 026 108 091 219 036 263 090
0021 070 027 108 099 222 035 264 091
0022 071 030 109 097 218 041 259 094
0023 071 041 109 106 217 052 256 100
0024 067 069 106 129 221 068 257 113
0025 217 108 258 148 077 120 117 163
0026 079 155 115 193 217 140 257 178
0027 081 196 115 237 220 177 257 217
0028 217 196 250 238 083 213 113 239
0029 214 206 249 239
0030 213 213 249 239 090 205 119 236
0031 217 207 248 239
0032 096 212 124 239 215 211 243 239
0033 100 211 125 239 210 214 242 239
0034 211 209 244 239 097 209 126 239
0035 102 212 128 239
0036 209 214 234 239 103 212 133 239
0037 098 212 130 239 209 213 235 239
0038 207 212 233 239 101 213 131 239
0039 207 213 238 239
0040 208 214 238 239
