0000 223 188 247 231 142 187 162 221
0001 223 188 247 231 141 187 162 219
0002 224 188 247 228 142 188 162 220
0003 224 188 246 228 141 188 162 220
0004 224 188 246 227 141 187 162 220
0005 221 187 248 232 141 188 162 220
0006 224 188 246 227 140 187 163 220
0007 224 188 246 227 137 187 162 220
0008 222 187 247 231 136 183 158 212
0009 224 187 247 228 132 179 150 208
0010 221 187 248 232 123 171 143 194
0011 223 188 247 228 112 158 141 183
0012 101 140 129 164 224 189 246 228
0013 223 190 248 230 098 110 130 140
0014 104 088 132 120 223 187 249 228
0015 106 071 133 104 224 187 249 228
0016 108 059 133 089 224 188 249 228
0017 111 053 137 084 224 188 249 228
0018 112 051 139 084 225 187 249 228
0019 116 050 137 080 225 187 249 227
0020 115 052 139 084 225 187 249 228
0021 115 052 139 086 226 188 248 226
0022 116 050 137 080 224 187 249 228
0023 115 050 137 080 224 188 248 227
0024 225 188 246 226 114 050 138 082
0025 116 053 137 084 223 186 248 228
0026 114 050 138 083 225 188 246 226
0027 113 051 138 083 223 188 247 228
0028 113 052 139 083 225 188 246 225
0029 113 052 139 082 223 189 247 230
0030 113 052 139 082 224 190 247 228
0031 113 051 139 082 223 188 247 229
0032 112 050 139 082 224 190 246 228
0033 112 054 136 084 223 190 247 228
0034 106 061 127 094 223 189 246 228
0035 223 188 247 228 092 082 119 113
0036 222 186 248 226 087 109 114 138
0037 222 186 248 226 093 140 116 166
0038 225 188 246 226 103 162 128 188
0039 109 173 137 206 224 189 248 228
0040 123 181 144 211 224 189 248 229
0041 225 190 245 224 129 182 149 215
0042 225 191 247 228 134 184 152 210
0043 224 190 246 229 136 182 154 210
0044 224 189 250 229 137 183 159 213
0045 223 189 246 229 138 185 156 213
