0007 123 183 164 231 011 202 056 239 145 170 177 211
0008 003 174 050 224 124 155 171 203
0009 004 140 055 193 123 135 172 185
0010 013 126 057 181 125 123 175 179
0011 129 116 180 172 023 114 066 165
0012 131 112 179 168 027 109 069 159
0013 135 106 184 163 029 105 074 160
0014 038 100 080 160 136 105 184 159
0015 136 104 187 158 038 097 082 162
0016 140 105 191 163 037 097 088 155
0017 142 102 188 157 045 093 088 156
0018 042 094 093 150 142 103 186 157
0019 043 092 094 150 143 102 190 155
0020 046 090 092 154 143 100 191 154
0021 044 090 093 155 141 100 185 152
0022 042 090 091 148 144 100 190 155
0023 143 101 186 160 044 092 090 148
0024 042 092 093 148 139 098 190 151
0025 138 098 189 151 045 091 091 154
0026 137 098 187 152 040 090 091 147
0027 038 088 089 144 137 098 187 153
0028 039 088 088 144 138 098 185 156
0029 043 090 088 148 137 098 184 154
0030 042 090 086 148 137 099 183 153
0031 042 090 087 148 137 099 183 154
0032 043 087 085 148 136 099 182 154
0033 043 091 086 148 135 100 181 157
0034 137 098 178 163 042 093 086 147
0035 123 125 163 186 048 126 084 188
0036 040 177 086 233 108 178 150 239
0037 042 193 067 233
0038 048 222 072 239
