0000 191 216 224 237 111 215 132 239
0001 195 214 222 234 110 215 132 239
0002 192 214 225 238 111 215 132 239
0003 196 218 222 239 108 210 134 236
0004 108 214 130 239 202 218 230 239
0005 209 210 235 237 104 212 127 239
0006 213 202 238 239 095 205 121 235
0007 213 190 240 236 089 198 120 235
0008 209 164 237 211 094 178 127 226
0009 106 149 139 192 190 139 231 173
0010 118 113 147 147 181 090 213 135
0011 119 083 153 123 171 066 212 112
0012 115 062 156 104 176 056 212 102
0013 114 049 146 093 179 048 214 095
0014 181 049 221 093 108 046 140 093
0015 184 049 229 093 103 049 132 095
0016 089 055 123 104 203 055 236 102
0017 079 073 110 120 210 060 247 113
0018 223 112 257 150 076 113 107 155
0019 079 144 112 180 219 129 257 175
0020 080 162 110 191 223 157 249 197
0021 084 174 117 212 204 171 236 224
0022 207 190 235 232 093 188 122 226
0023 203 198 228 234 096 195 122 232
0024 198 208 231 237 103 206 126 238
0025 194 215 225 239 103 209 131 238
0026 195 213 230 237 107 214 128 239
0027 198 214 226 235 105 213 135 239
0028 196 215 227 236 114 214 139 239
0029 195 212 225 234 117 212 142 239
0030 197 213 225 234 118 214 139 239
0031 197 215 229 237 117 214 139 239
0032 197 213 231 239 117 213 139 239
