0001 079 217 100 239
0002 086 202 107 235 159 219 200 239
0003 114 167 155 210 103 130 142 173
0004 091 128 142 172 120 103 161 144
0005 095 094 137 135 137 085 172 125
0006 137 084 181 126 097 091 128 130
0007 140 087 181 125 098 090 137 127
0008 143 088 183 125 102 092 133 127
0009 143 084 183 126 099 089 137 128
0010 143 084 183 125 100 089 137 128
0011 142 084 183 125 100 090 134 124
0012 143 084 183 127 098 091 127 125
0013 143 084 183 127 098 091 127 125
0014 143 089 179 125 103 090 131 126
0015 144 082 183 126 103 090 131 126
0016 143 083 184 127 103 091 132 126
0017 143 090 181 128 103 092 132 127
0018 137 086 184 131 098 092 130 130
0019 101 108 135 150 131 089 164 135
0020 112 100 148 146 115 137 162 191
0021 149 195 189 238 081 132 114 182
0022 071 192 094 224
0023 068 215 089 239
