0000 109 205 143 235
0001 109 205 143 236
0002 107 200 148 236
0003 108 190 151 227 039 220 070 239
0004 046 200 079 234 113 169 146 214
0005 116 148 144 193 077 156 108 206
0006 096 119 129 184 112 122 154 178
0007 110 116 137 173
0008 110 118 132 169
0009 109 113 134 167
0010 107 103 136 163
0011 111 106 138 160
0012 111 101 138 163
0013 109 112 134 162
0014 111 101 137 168
0015 109 102 137 162
0016 109 104 138 163
0017 109 104 138 163
0018 109 103 137 164
0019 108 106 138 164
0020 108 103 138 161
0021 108 104 137 162
0022 109 105 136 162
0023 109 110 137 166
0024 108 110 136 166
0025 110 117 133 169
0026 109 110 139 169
0027 108 119 133 172
0028 111 120 146 176
0029 097 129 120 184 118 124 142 179
0030 115 148 155 188 081 151 116 196
0031 113 172 155 207 065 180 105 223
0032 062 195 096 235 122 193 157 221
0033 128 203 158 239 062 200 096 239
0034 060 207 098 236 127 205 160 239
0035 061 212 098 237 128 208 160 239
0036 128 209 159 239 062 211 098 238
0037 129 210 161 237 063 215 094 239
