0000 192 175 212 208 118 177 139 210
0001 117 175 139 209 193 174 212 206
0002 194 173 212 205 116 175 139 208
0003 112 175 134 209 195 172 214 205
0004 211 173 232 204 095 172 126 208
0005 224 153 259 188 080 166 104 195
0006 063 137 104 167 222 124 280 155
0007 058 077 099 115
0008 069 047 105 091
0009 216 014 240 055 106 022 130 050
0010 178 010 212 049 133 013 167 045
0011 151 017 190 055
0012 150 016 190 056
0013 166 005 206 044
0014 131 015 167 044 203 010 229 044
0015 105 018 131 055 240 021 267 063
0016 062 037 098 076 259 054 298 088
0017 057 052 088 091 261 064 296 093
0018 052 050 084 086 257 055 297 088
0019 069 027 104 070 246 028 284 070
0020 099 010 131 052 221 010 245 050
0021 133 010 166 043 184 006 220 047
0022 151 010 193 049
0023 144 012 187 051
0024 157 006 195 039
0025 158 008 198 037
0026 126 010 158 036 208 008 235 033
0027 096 007 132 047 230 014 256 054
0028 083 020 109 051 238 014 275 055
0029 069 025 102 067 241 021 281 065
0030 062 033 097 070 244 031 277 078
0031 062 036 095 075 237 025 276 075
0032 067 039 099 079 240 031 270 076
0033 071 048 103 088 235 045 261 083
0034 077 061 111 102
0035 081 090 115 134 214 097 250 137
0036 089 124 123 153 208 130 248 162
0037 200 152 235 189 103 145 127 179
0038 109 169 128 198 198 166 222 198
0039 114 175 134 207 195 170 214 204
0040 117 175 138 210 192 172 210 207
0041 117 176 138 211 192 170 211 204
0042 117 176 140 211 194 175 213 206
0043 117 174 140 210 193 173 213 207
0044 117 177 138 214 194 169 214 205
