0003 163 208 190 239
0004 187 207 232 239
0005 195 177 252 209
0006 214 147 268 189
0007 221 124 278 175
0008 227 099 276 159
0009 232 089 275 157
0010 232 081 273 153
0011 234 078 275 154
0012 234 084 275 150
0013 235 082 277 148
0014 234 083 277 142
0015 239 080 277 142
0016 240 076 279 147
0017 235 073 274 141
0018 234 073 277 139
0019 233 072 278 140
0020 236 077 275 141
0021 235 080 280 142
0022 237 077 279 147
0023 232 092 281 151
0024 223 123 277 165
0025 211 150 268 185
0026 191 178 244 221
0027 189 194 230 239
0028 163 208 195 239
0029 152 216 185 239
0030 148 217 179 239
0031 146 214 179 239
