0000 115 179 135 215 191 178 212 213
0001 115 178 136 215 192 175 214 209
0002 115 180 135 212 191 178 212 212
0003 116 179 135 210 192 172 212 211
0004 115 179 134 211 194 175 213 211
0005 115 180 134 211 196 174 217 209
0006 115 182 136 215 202 172 223 204
0007 115 180 135 211 207 151 233 189
0008 116 179 135 210 202 121 235 158
0009 114 179 134 211 188 105 227 131
0010 114 179 134 211 156 086 200 108
0011 116 179 135 210 152 081 187 105
0012 114 177 136 213 143 078 178 103
0013 115 177 137 213 134 076 170 100
0014 115 178 136 212 136 089 175 110
0015 116 180 135 209 128 090 167 119
0016 116 180 135 210 130 098 168 123
0017 114 182 136 214 134 100 165 121
0018 114 178 137 213 128 098 170 121
0019 116 180 135 210 129 098 169 120
0020 114 180 135 214 127 094 180 122
0021 115 179 133 211 129 098 170 120
0022 116 180 135 209 129 098 170 120
0023 115 180 135 210 131 093 181 119
0024 115 178 135 210 140 091 181 118
0025 115 180 135 214 155 091 185 114
0026 116 180 135 211 164 093 202 125
0027 115 180 134 209 172 111 207 140
0028 114 181 134 211
0029 113 181 134 213 198 152 219 188
0030 115 180 134 211 194 166 215 200
0031 115 179 137 215 193 170 213 204
0032 116 178 137 215 192 173 212 205
0033 116 181 137 216 189 171 209 202
0034 116 181 137 216 191 169 212 207
0035 114 181 134 212 191 173 210 208
