0000 060 221 081 239
0001 160 197 197 239 060 221 082 239
0002 164 159 196 219
0003 166 135 210 183
0004 177 129 210 180
0005 180 126 219 176
0006 183 123 215 178
0007 181 124 219 177
0008 188 123 228 174
0009 187 122 215 174
0010 181 121 213 167
0011 192 120 221 165
0012 192 120 221 169
0013 182 124 219 175
0014 192 123 220 177 061 223 083 239
0015 193 121 226 173 060 222 083 239
0016 188 121 216 174
0017 183 124 219 177
0018 193 122 222 176
0019 186 126 216 180
0020 186 131 219 183
0021 190 148 217 199
0022 185 163 215 220
0023 184 185 212 231 063 223 084 239
0024 168 211 197 239 064 218 083 239
0025 165 216 193 238 061 222 083 239
0026 061 221 083 239 166 223 184 239
0027 062 221 083 239 160 219 182 239
0028 064 224 083 239
0029 063 219 084 239
0030 165 218 186 239
0031 164 223 183 239
0032 164 219 183 239
