0000 145 197 200 239 105 200 142 239
0001 143 198 196 239 097 196 135 239
0002 135 199 195 238 091 193 129 234
0003 088 178 135 230 133 192 194 232
0004 128 188 190 227 084 173 134 225
0005 127 188 192 226 087 160 131 226
0006 085 157 127 222 129 180 193 222
0007 082 152 127 219 128 176 188 219
0008 081 148 126 214 124 173 192 214
0009 106 168 184 209 078 144 122 214
0010 109 165 175 208 080 150 122 208
0011 104 168 173 210 074 147 121 204
0012 078 147 127 204 113 167 173 203
0013 073 148 127 206 105 169 177 204
0014 104 165 172 207 073 151 119 209
0015 097 159 168 205 074 149 116 206
0016 096 162 167 201 072 146 122 204
0017 070 145 124 201 099 162 168 197
0018 072 143 120 200 094 164 169 204
0019 101 156 166 203 073 146 117 204
0020 098 155 164 201 075 144 118 203
0021 076 141 123 205 107 156 160 196
0022 076 144 127 200 099 157 160 196
0023 088 156 162 201 075 142 116 200
0024 084 149 159 206
0025 084 150 165 202
0026 093 150 164 193 071 138 125 198
0027 072 143 127 201
0028 077 140 127 202
0029 071 145 123 202 101 156 149 202
0030 068 144 134 200
0031 068 144 134 202 100 166 157 206
0032 068 146 132 205 106 157 155 206
0033 071 143 122 212 094 165 169 209
0034 071 148 129 211 108 164 168 206
0035 075 146 123 212 110 162 172 208
0036 073 151 125 215 113 163 174 209
0037 075 149 119 220 119 165 178 209
0038 122 166 182 211 074 157 125 221
0039 071 158 122 220 124 169 181 212
0040 073 163 123 225 126 172 183 214
0041 075 163 124 227 126 172 186 215
0042 074 173 124 225 126 172 183 218
0043 126 172 183 218 076 174 123 224
0044 126 172 182 218 075 172 123 224
0045 070 169 122 219 127 172 183 218
