0000 119 191 139 225 192 201 213 237
0001 122 189 141 225 194 201 211 231
0002 120 192 138 222
0004 141 145 186 169
0005 145 126 189 153
0007 128 091 191 122
0008 133 090 198 119 134 105 177 126
0009 132 103 178 126 138 092 204 118
0010 128 107 169 131 141 092 209 120
0011 126 112 159 132 161 098 207 122
0012 160 100 204 125 127 111 162 132
0014 138 123 185 147
0015 141 105 173 128 148 132 190 159
0016 152 145 195 173
0017 148 153 194 182 126 117 186 145
0018 128 131 170 156
0019 134 185 165 219
0020 184 136 218 183 124 192 144 229
0021 119 198 138 228 182 181 214 223
0022 112 202 132 230 192 198 213 231
