0000 102 204 124 236 177 190 199 227
0001 105 208 125 235 178 190 200 227
0002 102 205 124 236 180 188 204 227
0003 102 205 124 236 191 140 216 166
0004 102 205 125 236 182 092 208 123
0005 102 205 125 235 175 063 197 096
0006 102 205 124 236 171 062 196 092
0007 101 206 124 235 184 057 211 094
0008 101 206 124 235 186 059 213 097
0009 182 059 210 095 104 207 125 235
0010 186 060 213 097 104 207 125 235
0011 104 207 125 235 183 055 218 097
0012 183 056 209 094 100 210 124 238
0013 100 209 124 237 178 073 200 102
0014 100 211 124 238 169 084 196 117
0015 100 210 123 238 165 128 201 158
0016 100 211 123 238 177 179 197 210
0017 100 208 123 238 177 191 197 223
0018 100 207 123 238 180 189 202 225
0019 100 208 123 238 183 188 203 221
