0000 140 210 160 239 214 221 240 239
0001 141 210 160 239 214 220 241 239
0002 140 211 159 239 218 218 243 238
0003 140 208 157 236 218 219 243 239
0004 141 207 158 235 217 218 246 239
0005 218 218 247 239 138 208 158 234
0006 140 207 157 235 218 218 247 239
0007 140 208 158 237 218 217 247 239
0008 134 202 156 239 218 217 245 239
0009 124 192 153 230 219 215 246 238
0010 118 177 150 216 218 215 246 239
0011 105 168 143 209 220 216 247 239
0012 091 167 127 205 221 217 245 238
0013 082 161 120 202 222 218 244 239
0014 073 158 123 199 220 213 243 237
0015 075 157 122 197 217 215 243 239
0016 071 160 121 196 219 214 245 238
0017 067 156 116 197 218 216 244 239
0018 061 146 114 188 218 215 244 239
0019 055 132 109 169 215 213 244 239
0020 053 113 110 145 219 214 245 239
0021 055 100 102 134 219 213 244 239
0022 056 101 104 131 214 213 244 238
0023 056 106 105 137 214 215 243 239
0024 056 111 108 143 214 214 243 239
0025 063 126 112 161 215 214 243 239
0026 064 129 112 168 215 215 243 239
0027 089 148 119 181 219 215 244 238
0028 098 158 126 193 219 215 244 238
0029 216 215 242 239 119 176 142 214
0030 131 189 151 230 217 216 242 239
0031 134 196 155 234 216 214 242 239
0032 135 204 155 238 219 216 243 238
0033 137 207 156 239 217 221 242 239
0034 218 216 241 238 139 210 158 238
0035 215 220 242 239 141 211 158 238
0036 214 216 241 239 139 207 157 237
0037 214 216 241 239 139 207 157 237
0038 214 216 241 239 139 207 158 238
