0008 144 216 181 239
0009 145 215 189 239
0011 210 194 257 238
0012 197 161 250 213
0013 187 130 255 186
0014 180 117 231 180
0015 171 110 225 174
0016 174 107 225 172
0017 172 105 229 165
0018 168 102 218 173
0019 164 106 231 162
0020 163 105 230 163
0021 166 103 216 173
0022 166 102 217 175
0023 166 103 217 174
0024 163 104 231 161
0025 171 108 231 167
0026 170 102 218 175
0027 171 104 219 174
0028 173 107 222 174
0029 183 120 229 187
0030 207 173 249 228
0031 213 208 264 239
0032 148 213 194 239
0036 145 222 172 239
