0000 111 208 136 239 180 201 203 235
0001 181 201 205 237 114 207 137 236
0002 109 206 135 238 180 204 203 239
0003 181 202 205 238 115 206 139 239
0004 180 204 202 239 123 193 157 228
0005 180 203 203 239 141 166 178 197
0006 180 202 203 238 154 134 183 157
0007 181 203 203 238 149 122 179 149
0008 180 203 203 238 153 122 185 146
0009 180 204 203 239 157 119 195 149
0010 180 204 203 239 158 120 190 148
0011 180 204 203 239 161 120 190 148
0012 181 204 203 239 161 118 192 145
0013 181 204 203 239 160 118 191 145
0014 181 204 203 239 162 120 192 149
0015 181 204 203 238 162 120 192 149
0016 181 204 203 238 161 121 191 151
0017 181 204 203 238 160 122 192 150
0018 181 204 203 238 156 118 195 148
0019 181 204 203 239 160 123 191 151
0020 181 203 203 238 147 139 189 171
0021 134 173 168 215 183 202 206 237
0022 182 203 206 238 112 202 136 237
0023 103 198 125 235 183 203 206 238
0024 182 203 205 238 106 203 124 235
0025 183 203 204 239 111 202 129 234
