0000 092 220 111 239 176 208 197 239
0001 179 210 197 239 096 216 115 239
0002 179 210 198 239 088 221 112 239
0003 177 211 197 239 092 217 109 236
0004 178 215 201 238 095 217 115 239
0005 094 220 113 237 177 213 197 239
0006 178 214 197 239 094 220 113 237
0007 162 196 190 236 092 221 112 237
0008 153 130 193 160 093 220 112 236
0009 184 088 213 132 093 217 112 234
0010 176 124 232 160 094 219 113 239
0011 175 132 238 157 088 220 112 239
0012 188 125 234 148 091 218 112 239
0013 186 128 236 151 092 220 114 239
0014 184 130 235 153 092 219 112 237
0015 179 129 239 155 093 219 113 237
0016 186 131 235 156 092 217 112 236
0017 186 130 235 155 092 219 114 239
0018 187 127 235 150 092 221 114 239
0019 187 126 235 149
0020 188 127 236 149 092 220 114 239
0021 188 129 237 151 087 221 111 239
0022 190 126 237 148 087 221 111 239
0023 200 118 229 148 093 221 114 239
0024 182 148 217 184 093 221 113 239
0025 093 220 112 239
0026 178 199 196 234 094 219 114 237
