0000 109 207 152 239 182 213 224 239
0001 110 208 153 239 181 213 224 239
0002 109 208 151 239 181 214 224 239
0003 110 208 152 239 180 215 224 239
0004 109 208 155 239 180 215 224 239
0005 111 207 151 239 180 215 223 239
0006 101 199 142 239
0007 087 176 128 212
0008 076 160 117 193
0009 069 144 115 180
0010 065 128 108 170
0011 060 114 103 151
0012 059 101 100 141 187 210 223 239
0013 054 090 104 131
0014 057 083 099 126
0015 061 085 102 127
0016 057 087 105 132
0017 065 085 101 129
0018 065 086 104 131
0019 064 086 104 130
0020 065 088 106 130
0021 066 088 106 129
0022 067 084 109 125
0023 061 085 112 127
0024 067 087 108 130
0025 060 087 110 130 181 211 226 239
0026 066 088 107 132
0027 061 087 110 129
0028 065 090 105 129 180 216 223 239
0029 066 089 105 130 181 213 226 239
0030 067 090 105 129
0031 066 091 109 130
0032 070 099 110 140
0033 071 113 124 151
0034 089 142 134 176
0035 101 159 143 196
0036 110 176 151 211 181 206 226 239
0037 117 183 152 231 179 214 225 239
0038 109 193 150 239 179 214 225 239
0039 109 201 151 239
0040 111 198 151 239 178 215 224 239
0041 112 199 151 239 178 215 225 239
0042 108 201 150 239 179 216 223 239
0043 113 199 152 239 178 214 221 239
0044 109 203 151 239 179 215 224 239
0045 110 198 151 239 178 215 224 239
0046 110 198 151 239
0047 111 197 151 239
0048 113 200 155 239 180 213 224 239
0049 114 201 150 239
0050 115 201 151 236
0051 114 199 151 239
