0000 081 206 115 239 167 199 191 236
0001 083 210 114 239
0002 072 208 109 239 219 092 270 135
0003 069 205 108 239 222 077 268 119
0004 071 202 098 236 214 096 263 137
0005 073 203 099 235 205 121 255 163
0006 066 207 103 239 190 138 244 179
0007 065 204 102 238 194 105 247 149
0008 202 046 250 096 068 208 105 239
0009 201 025 242 079 068 208 102 239
0010 206 038 249 090 069 207 103 239
0011 209 076 255 121 084 212 106 239
0012 211 107 257 143 081 206 108 239
0013 081 207 110 239 207 124 257 159
0014 185 164 229 220 078 204 113 239
0015 171 200 201 239 082 205 118 239
0016 080 209 120 239
0017 091 210 120 239
