0000 122 208 155 239 244 214 273 239
0001 131 213 156 239 239 216 274 239
0002 129 213 156 239 239 220 266 239
0003 240 215 268 239
0004 240 219 269 239 106 203 143 236
0005 096 171 125 204 241 219 274 239
0006 244 217 272 239 076 127 119 168
0007 241 220 271 239 089 085 122 133
0008 102 061 138 109 241 216 275 239
0009 241 215 274 239 113 069 141 113
0010 107 068 142 118 239 213 275 239
0011 110 068 140 119 241 216 273 239
0012 109 065 142 113 242 220 270 239
0013 109 060 144 112 243 215 273 239
0014 111 060 143 111 242 219 270 239
0015 108 057 143 107 241 214 273 239
0016 110 059 141 106 241 217 268 239
0017 111 057 140 097 242 216 267 239
0018 110 055 141 101 242 215 271 239
0019 110 055 140 102 242 216 271 239
0020 109 055 141 102 241 216 272 239
0021 106 048 141 099 241 214 274 239
0022 105 048 140 100 241 216 275 239
0023 105 050 140 096 242 216 274 239
0024 104 047 141 098 243 214 275 239
0025 108 048 140 096 242 213 274 239
0026 108 048 140 096 240 216 272 239
0027 108 049 139 094 240 219 267 239
0028 104 048 140 097 241 222 270 239
0029 241 219 267 239 105 047 141 098
0030 104 046 141 097 242 216 271 239
0031 106 046 141 098 241 218 267 239
0032 105 054 140 100 242 218 269 239
0033 238 219 264 239 088 068 125 111
0034 241 217 266 239 074 124 121 159
0035 238 215 271 239 091 169 122 214
0036 239 214 272 239 111 202 139 239
0037 242 218 266 239
0038 134 209 162 239 241 217 270 239
0039 131 212 160 239 238 215 267 239
