0000 112 200 144 239 081 204 106 239
0001 079 197 106 235 108 194 142 236
0002 103 179 137 226 080 196 100 231
0003 102 166 136 213
0004 069 150 101 177 105 155 143 178
0005 107 144 147 171 068 142 108 174
0006 106 154 144 178 074 159 099 183
0007 113 163 144 199 076 173 094 206
0008 071 183 096 225
0009 130 154 156 191 075 183 095 219
0010 078 179 106 234 116 165 151 216
0011 063 200 094 239 095 186 132 239
0012 091 183 119 234 060 186 092 239
0013 085 146 131 178 049 139 087 183
0014 091 143 139 172 050 136 086 173
0015 055 131 090 166 109 142 155 172
0016 125 153 154 186 062 146 088 181
0017 060 148 093 192 138 148 164 190
0018 066 156 091 200 135 143 169 193
0019 063 154 093 202 129 153 157 192
0020 071 156 098 191 112 141 152 185
0021 101 147 139 195 067 156 099 195
0022 086 155 125 211 044 159 090 211
0023 040 156 089 207 090 155 129 215
0024 094 149 137 180 049 152 091 189
0025 055 157 090 198 106 156 147 181
0026 056 176 089 215 121 154 155 187
0027 051 182 085 226 154 150 175 184
0028 059 192 082 228 167 154 199 185
0029 060 196 082 227 171 155 206 187
0030 063 198 084 227 175 162 210 194
0031 057 201 087 231 181 166 206 196
0032 060 200 079 229
0033 058 198 079 228 171 171 198 210
0034 169 170 208 208 055 193 085 229
0035 060 195 082 227 167 167 203 200
0036 060 195 083 227 166 166 204 201
0037 055 191 083 227 171 170 199 202
