0000 185 214 212 239 104 219 124 239
0001 100 219 120 239
0002 104 221 124 239
0003 100 216 125 239
0004 104 220 121 239 186 215 211 239
0005 103 217 121 239 195 217 215 239
0006 102 217 120 239 208 205 234 237
0007 217 194 258 235 105 220 124 239
0008 226 175 272 214 103 218 120 239
0009 225 146 276 178
0010 230 093 270 136
0011 212 072 249 112
0012 105 220 124 239 199 061 225 107
0013 180 066 212 113 105 221 124 239
0014 105 220 124 239
0015 106 221 124 239
0016 105 218 124 239
0017 179 074 202 111 105 220 124 239
0018 188 065 212 113 104 217 121 239
0019 200 089 230 137 103 217 121 239
0020 184 142 235 178 103 217 121 239
0021 187 147 244 181 103 217 121 239
0022 105 220 124 239 186 125 238 171
0023 196 094 226 137 102 217 127 239
0024 180 066 207 117 104 221 125 239
0025 106 220 126 239 162 080 197 127
0026 106 219 125 239 135 165 173 206
0027 104 216 121 239 134 167 176 206
0028 181 073 203 112 105 215 125 239
0029 185 067 212 117 103 218 121 239
0030 201 077 233 126 104 218 121 239
0031 209 095 250 140 104 217 121 239
0032 209 122 262 159 104 217 121 239
0033 201 106 248 151 104 218 121 239
0034 193 067 222 116
0035 182 062 207 108
0038 101 214 126 239
0039 103 213 121 239 171 085 197 118
0040 173 088 209 131 104 216 120 239
0041 186 168 221 209
0042 202 207 227 239
0043 195 213 217 239
0047 187 213 206 237
0048 105 217 125 239
