0000 088 180 126 221 143 156 196 196
0001 086 179 129 218 144 151 193 191
0002 084 179 128 218
0003 083 175 126 219
0004 083 179 117 217
0005 158 151 197 189 072 170 113 198
0006 061 143 102 186 173 132 209 173
0007 058 115 100 170 179 110 218 159
0008 057 078 095 134 186 081 225 128
0009 053 053 093 107 193 054 229 100
0010 052 039 099 092 193 037 225 083
0011 192 020 227 065 051 024 090 074
0012 048 012 087 057 195 014 218 047
0013 052 007 093 046 191 009 219 043
0014 053 008 095 039
0015 060 008 100 036
0022 123 006 183 036
0023 128 007 186 037
0024 126 007 182 040
0025 126 006 175 037
0026 113 007 166 046
0027 107 006 153 037
0031 040 007 080 034
0032 034 009 064 039
0033 030 008 060 044
0034 029 006 063 046
0035 030 006 063 046
0036 030 011 073 037
0037 038 007 067 030
0038 033 005 064 039
0039 034 007 073 040
0040 040 009 070 043
0041 039 008 081 037
0042 045 006 087 036
0043 053 007 092 036
0045 070 006 103 040
0046 083 011 119 044
0047 100 011 137 050
0049 115 006 164 055
0050 115 010 166 058
0051 122 012 167 056 089 007 133 042
0052 122 011 172 063 087 006 127 046
0053 121 011 170 060 085 006 128 051
0054 120 010 170 062 090 009 133 044
0055 117 013 164 058 088 006 129 044
0056 122 012 168 059 092 006 138 044
0057 109 010 157 059
0058 108 011 154 058
0059 093 011 133 063
0060 067 010 117 064 134 008 170 046
0061 052 010 098 067 151 006 187 046
0062 045 009 084 064 176 008 207 051
0063 039 009 080 062 184 011 222 059
0064 041 009 073 057 202 014 234 053
0065 039 008 072 060 200 014 237 063
0066 042 010 076 062 202 011 236 067
0067 041 006 078 063 203 012 239 061
0068 037 014 071 065 208 016 241 070
0069 030 013 067 068 218 021 247 069
0070 021 023 056 082 221 030 255 082
0071 019 033 052 085 228 041 261 089
0072 016 045 049 101 227 052 255 092
0073 228 068 259 114 019 063 048 120
0074 229 092 264 134 014 094 041 144
0075 230 123 272 161
0076 227 143 270 184
0077 225 175 270 207
0078 214 197 258 229
