0000 255 174 303 214
0001 277 187 316 232
0002 274 195 319 234
0003 280 202 318 239
0004 282 203 319 234
0005 278 201 317 236
0006 279 202 318 239
0007 281 202 317 239
0008 282 202 319 239
0009 280 201 319 239
0010 281 195 317 236
0011 261 175 314 207
0012 237 180 280 217
0013 225 192 257 234
0014 207 207 237 239
0015 202 213 235 239
0016 197 209 232 239 127 211 172 238
0017 197 203 233 236 129 202 165 235
0018 130 182 163 232 199 175 241 222
0019 122 140 163 186 194 137 238 180
0020 123 113 164 158 198 105 237 153
0021 126 099 162 149 203 104 236 153
0022 126 093 159 139 192 088 229 133
0023 127 091 161 132 192 089 233 133
0024 125 087 168 130 199 090 232 134
0025 128 089 163 135 198 089 232 138
0026 126 088 166 136 192 092 234 145
0027 195 090 236 137 122 091 165 137
0028 189 088 234 135 123 092 166 142
0029 125 091 166 140 189 088 234 136
0030 189 088 234 137 124 092 165 139
0031 189 087 233 135 125 093 165 143
0032 189 089 233 134 127 093 166 139
0033 190 090 234 133 126 090 167 137
0034 126 095 168 147 190 098 232 140
0035 177 127 226 176 135 132 174 179
0036 128 166 179 216 187 157 226 213
0037 129 176 174 230 188 179 228 239
0038 192 196 234 239 134 197 169 239
0039 197 206 231 238 129 206 167 238
0040 199 214 233 237 129 209 170 239
0041 198 211 233 237
0042 199 217 234 239
0043 198 216 235 239
0044 197 217 235 239
0045 200 218 238 239
0046 202 220 234 239
0047 197 216 235 239
0048 205 208 241 239
0049 222 198 265 235
0050 244 183 290 217
0051 261 181 315 220
0052 269 190 319 235
0053 273 193 316 232
0054 276 197 316 239
0055 280 197 319 234
0056 279 200 319 239
0057 279 203 319 239
0058 278 203 319 238
0059 278 204 319 239
0060 270 194 316 232
0061 264 183 299 223
0062 242 175 289 213
0063 235 170 263 210
0064 211 151 257 204
0065 208 156 251 205
0066 212 161 243 203
0067 213 161 243 205
0068 212 160 243 205
0069 212 159 243 205
0070 212 160 243 203
