0015 188 211 238 239
0016 195 156 254 216
0017 204 099 250 150
0018 185 061 238 112
0019 177 036 223 082
0020 173 034 216 077
0021 167 030 207 072
0022 164 031 204 072
0023 159 033 199 074
0024 160 035 195 075
0025 161 039 194 076
0026 161 035 196 076
0027 161 035 195 078
0028 161 035 196 078
0029 161 035 194 077
0030 161 035 194 077
0031 161 035 194 078
0032 162 035 195 078
0033 162 037 197 079
0034 161 040 199 077
0035 161 047 206 089
0036 161 061 210 108
0037 157 099 207 150
0038 153 166 205 226
0039 151 209 190 239
