0007 090 181 144 239
0008 093 121 143 184
0009 106 096 146 156
0010 109 079 146 136
0011 105 072 148 136
0012 102 075 143 135
0013 103 073 147 136
0014 104 072 147 135
0015 104 073 147 135
0016 104 073 147 135
0017 104 075 143 134
0018 104 075 143 133
0019 103 075 143 133
0020 104 073 148 135
0021 104 074 144 134
0022 105 073 143 134
0023 105 073 143 134
0024 102 073 144 134
0025 103 079 149 135
0026 105 095 151 141
0027 098 209 148 239 097 106 150 147
0028 100 118 153 158 099 181 149 235
0029 111 130 159 168 104 163 154 216
0030 114 134 165 175
0031 109 135 164 185
0032 116 139 162 193
0033 112 137 167 189
0034 109 139 168 184
0035 110 139 158 189
0036 111 136 163 183
0037 105 133 164 174
0038 104 142 154 192
0039 106 137 159 188
0040 099 142 154 195
0041 097 143 150 193
0042 101 139 156 192
0043 094 142 148 196
0044 105 143 155 192
0045 112 142 168 179 098 162 139 215
0046 117 163 163 218 086 191 133 238
0047 115 206 164 239 073 222 113 239
