0000 139 221 175 238
0001 139 221 175 239
0003 139 220 177 239
0004 143 215 175 239
0005 143 219 175 239
0006 139 214 184 238
0007 209 210 273 238
0008 189 154 243 218
0009 178 125 225 199
0010 168 116 217 198 159 154 201 210
0011 164 121 208 194 156 159 196 212
0012 156 118 206 191 155 157 192 212
0013 149 114 200 210
0014 152 114 195 198
0015 153 115 195 199
0016 153 114 196 199
0017 153 114 196 196 153 165 188 207
0018 156 116 195 199
0019 155 116 195 202
0020 156 117 197 202
0021 158 117 197 196
0022 161 115 198 193
0023 157 116 210 209
0024 173 124 215 199 168 167 206 210
0025 196 164 245 226
0026 221 210 263 238
0029 144 219 180 239
0030 140 221 174 239
0031 139 216 175 239
0032 139 216 175 239
0033 139 217 176 239
