0000 110 194 144 236 156 189 199 220
0001 111 194 144 236 156 189 199 220
0002 110 194 144 236 156 189 199 220
0003 106 196 145 235 156 189 199 220
0004 106 196 145 237 156 189 199 220
0005 106 196 145 237 156 189 199 220
0006 106 196 145 237 156 189 199 220
0007 110 194 144 236 156 192 198 221
0008 106 196 145 237 154 191 197 221
0009 110 194 144 236 154 190 197 220
0010 110 194 144 236 157 188 197 218
0011 110 194 144 236 157 189 196 217
0012 106 195 146 236 162 189 203 217
0013 106 195 145 236 180 175 215 211
0014 106 195 145 236 199 149 235 197
0015 106 195 145 236 211 109 241 170
0016 106 195 145 236 206 082 232 146
0017 106 195 145 236 192 071 217 122
0018 106 195 145 236 177 065 207 127
0019 106 195 145 236 172 070 208 120
0020 110 196 143 237 168 069 198 127
0021 106 195 145 236 165 075 198 129
0022 106 195 145 236 165 074 196 126
0023 110 196 144 237 163 076 196 130
0024 110 196 144 237 161 076 198 131
0025 110 196 143 237 163 077 196 134
0026 110 196 144 237 163 082 194 136
0027 110 196 144 237 159 086 195 139
0028 110 196 144 237 159 088 193 140
0029 110 196 144 237 159 088 197 137
0030 110 196 144 237 158 088 194 142
0031 110 196 144 237 158 088 194 142
0032 110 196 144 237 160 088 194 141
0033 110 196 144 237 156 084 193 137
0034 110 196 144 237 162 088 194 139 141 087 179 117
0035 110 196 143 237 159 099 194 149 144 081 171 120
0036 110 196 143 237 157 120 201 167
0037 109 195 141 239 163 133 203 181
0038 104 194 132 235 173 136 207 181
0039 177 124 211 176 106 178 143 230
