0000 108 210 155 239 152 196 195 234
0001 108 210 155 239 151 196 195 234
0002 108 210 155 239 151 196 194 234
0003 152 197 195 229 108 210 155 239
0004 147 175 196 214 107 208 153 237
0005 107 208 157 239 145 142 190 188
0006 107 208 157 239 145 114 184 168
0007 107 208 157 239 142 096 181 153
0008 107 208 157 239 140 083 179 145
0009 107 208 157 239 139 080 180 140
0010 108 209 153 238 138 084 174 142
0011 142 080 180 139 108 209 152 238
0012 108 209 152 238 139 077 177 141
0013 107 208 152 238 139 077 177 141
0014 107 208 152 238 139 079 177 141
0015 107 208 152 237 139 078 178 142
0016 144 081 180 144 108 208 151 237
0017 143 081 181 141 107 207 151 237
0018 144 081 180 144 107 207 151 237
0019 143 080 180 141 107 207 151 237
0020 143 080 179 144 108 208 151 237
0021 111 211 153 238 143 081 179 144
0022 108 205 152 239 145 080 181 144
0023 144 080 182 141 109 203 142 239
0024 105 192 138 236 138 079 176 146
0025 105 184 147 232 135 093 181 147
0026 109 177 159 228 120 124 183 153
0027 112 167 167 220 134 140 194 169
0028 139 141 199 171 116 160 174 218
0029 123 160 174 228 142 143 205 171
0030 136 144 194 173 124 162 178 229
0031 137 147 200 181 132 160 179 232
0032 129 163 171 235 142 145 200 173
0033 139 145 199 172 130 167 168 236
0034 135 144 195 171 128 165 178 225
0035 135 150 199 180 128 162 176 227
0036 119 166 164 229 142 146 204 177
0037 133 143 197 170 124 166 171 224
0038 140 145 194 171 117 163 176 217
0039 109 165 171 220 137 146 197 174
0040 115 162 160 220 138 146 201 172
0041 135 142 197 170 111 164 166 218
0042 115 162 173 215 131 146 195 170
0043 119 156 167 214 134 146 193 171
0044 138 147 198 172 106 160 167 215
0045 114 159 164 221 139 146 199 172
0046 117 156 165 218 138 143 194 170
0047 116 155 166 217 141 146 199 172
0048 136 144 198 171 118 159 166 216
0049 130 150 200 176 117 163 162 206
0050 142 161 199 192 124 174 150 212
0051 147 168 201 211 119 186 159 238
0052 105 200 150 239 158 189 206 235
0053 159 195 203 235 109 201 146 237
0054 159 197 202 236 105 202 151 239
0055 160 198 202 237 110 204 150 239
0056 158 199 204 237 111 207 152 239
