0002 206 200 258 239 080 166 118 234
0003 070 146 118 202 207 174 261 223
0004 069 111 118 169 210 125 261 172
0005 081 089 125 160 199 094 265 144
0006 083 079 127 155 176 073 255 131
0007 082 075 130 166 166 070 239 136
0008 150 077 220 149 082 080 131 180
0009 080 079 131 186 150 079 215 164
0010 079 087 130 195 141 082 220 173
0011 144 085 214 175 075 093 129 189
0012 074 096 130 191 144 088 221 185
0013 148 091 218 187 079 090 130 189
0014 144 099 220 184 083 094 136 202
0015 150 100 213 183 078 099 133 181
0016 152 097 224 196 080 096 130 184
0017 082 087 133 182 161 096 225 187
0018 082 089 133 175 161 096 231 194
0019 079 081 135 175 162 096 230 190
0020 165 096 237 182 080 082 137 175
0021 163 094 232 193 087 085 136 174
0022 166 095 223 189 083 087 132 174
0023 161 092 227 196 081 088 136 180
0024 150 118 226 180 082 106 138 176
0025 153 132 225 193 082 127 142 192
0026 149 168 218 226 095 170 144 222
0027 152 196 205 235 090 193 140 237
0032 179 186 230 234
