0000 089 201 107 231 156 195 178 231
0001 089 201 107 230 159 194 179 232
0002 086 200 105 233
0003 086 201 105 232
0004 086 199 104 231 174 127 215 157
0005 084 198 101 230 199 085 249 125
0006 208 047 258 091 082 197 099 230
0007 213 020 265 067 080 198 099 232
0008 227 011 277 055 079 199 098 231
0009 223 006 280 050 081 200 099 231
0010 225 007 281 054 082 197 101 230
0011 224 008 284 052 082 197 100 230
0012 225 012 285 061 081 198 101 232
0013 226 034 278 074 081 198 100 232
0014 215 057 269 102 081 198 100 232
0015 082 200 100 232 203 098 253 137
0016 082 201 100 233
0017 083 200 100 230
0018 084 199 101 231 156 195 174 230
0019 084 199 101 230 151 193 173 230
0020 085 199 102 231 149 199 170 234
0021 085 199 102 230 154 201 172 230
