0006 155 205 209 239 102 204 151 239
0007 157 179 208 231 093 181 153 235
0008 154 166 209 222 096 167 152 227
0009 156 134 205 193 103 138 146 202
0010 107 115 150 184 156 107 207 170
0011 109 105 152 175 154 094 206 159
0012 111 090 152 162 150 087 200 148
0013 148 079 199 141 110 088 153 156
0014 147 077 199 140 111 083 150 155
0015 150 065 199 139 112 079 150 155
0016 147 064 205 134 108 070 159 157
0017 148 067 205 132 109 073 158 157
0018 149 073 206 136 113 076 154 143
0019 151 069 198 135 109 074 153 147
0020 152 071 205 135 111 074 156 138
0021 152 072 204 136 111 073 155 137
0022 153 074 204 140 108 076 153 148
0023 150 074 198 136 109 077 153 149
0024 153 074 205 140 109 077 158 150
0025 151 078 203 135 108 079 156 153
0026 105 088 149 167 155 090 211 151
0027 161 105 215 166 092 115 150 187
0028 168 139 213 203 087 165 146 230
0029 168 186 215 237 097 220 149 239
