0000 135 213 170 239
0001 135 213 170 239
0002 135 212 170 239
0003 129 207 170 239
0004 129 206 169 236
0005 129 208 166 236
0006 124 199 165 235
0007 114 183 157 222 164 216 206 239
0008 110 169 144 211 162 216 207 239
0009 165 217 210 239 096 151 142 195
0010 094 128 141 180 164 218 210 239
0011 090 123 133 169 164 217 207 239
0012 096 117 124 159 164 216 208 239
0013 088 107 123 163 168 222 208 239
0014 087 108 133 160 168 221 207 239
0015 087 106 133 159 168 221 207 239
0016 088 105 132 160 168 221 207 239
0017 088 105 131 159 168 221 207 239
0018 087 105 131 159 167 215 208 238
0019 087 104 130 158 167 215 208 238
0020 087 105 129 160 167 215 208 238
0021 087 105 128 161 167 215 208 238
0022 087 106 128 160 167 215 208 238
0023 087 106 129 161 167 215 208 238
0024 088 107 127 160 164 216 207 239
0025 089 107 126 160 164 216 207 239
0026 089 107 126 159 164 216 207 239
0027 089 107 126 159 164 216 207 239
0028 090 105 124 159 164 216 207 239
0029 089 114 127 169 163 216 207 239
0030 090 137 129 183 163 216 207 239
0031 099 157 136 213 170 221 207 239
0032 110 194 138 237 170 217 211 239
0033 117 202 158 236
0034 132 206 163 239
0035 142 203 172 239
0036 138 206 177 236
0037 143 213 175 239
0038 141 216 179 237
0039 143 215 175 239 177 210 211 236
0040 143 215 174 239 177 210 211 236
0041 143 215 174 239
0042 143 215 174 239
0043 143 215 175 239 177 210 211 235
0044 143 216 175 239 178 210 211 236
0045 141 219 179 237
0046 141 219 179 237
0047 143 216 174 239
0048 142 217 178 236 170 214 206 237
0049 141 220 179 239
