0000 119 200 155 239 163 208 217 239
0001 118 200 157 239 165 208 218 239
0002 112 199 150 239 172 212 212 239
0003 171 211 211 239 102 172 135 219
0004 170 211 210 239 091 163 125 203
0005 165 209 216 239 076 144 119 182
0006 165 209 216 239 062 123 103 161
0007 165 208 215 239 058 111 098 146
0008 048 101 093 137 165 209 209 239
0009 039 094 089 126 165 209 209 239
0010 035 084 085 120 164 208 216 239
0011 034 081 084 119 165 210 209 239
0012 163 209 214 239 034 080 084 118
0013 036 083 084 119 165 210 208 239
0014 033 082 083 114 165 208 216 239
0015 034 081 081 113 165 208 215 239
0016 036 084 084 117 165 208 215 239
0017 038 091 081 126 165 208 215 239
0018 164 208 217 239 051 115 089 152
0019 165 208 215 239 053 126 095 164
0020 053 141 095 183 165 208 217 239
0021 164 208 217 239 049 151 097 199
0022 164 209 217 239 055 154 102 208
0023 057 157 103 212 164 209 217 239
0024 057 157 102 213 165 208 218 239
0025 165 209 218 239 055 158 098 207
0026 164 208 216 239 053 150 096 197
0027 164 207 217 239 048 146 091 192
0028 164 208 218 239 046 135 089 172
0029 164 208 217 239 042 122 086 158
0030 166 210 209 239 040 106 082 141
0031 032 093 081 131 163 208 218 239
0032 030 081 079 119 164 208 217 239
0033 030 072 078 111 166 210 210 239
0034 031 070 077 111 171 211 210 239
0035 030 070 077 111 166 209 210 239
0036 030 075 075 113 164 208 217 239
0037 031 084 079 119 164 208 217 239
0038 165 208 217 239 037 101 085 137
0039 164 208 215 239 046 127 090 163
0040 164 208 216 239 051 139 092 180
0041 163 209 217 239 052 145 097 193
0042 163 208 218 239 058 149 098 192
0043 164 208 218 239 056 150 100 193
0044 163 208 217 239 055 150 101 193
0045 164 208 218 239 055 145 100 193
0046 164 208 216 239 067 153 102 198
0047 164 209 217 239 085 170 115 223
0048 104 186 139 236 164 209 215 239
0049 115 196 148 239 164 209 215 239
0050 122 192 159 239 165 209 216 239
0051 120 193 159 239 171 212 214 239
0052 123 195 160 239 171 209 212 239
0053 120 196 160 239 170 209 211 239
0054 122 198 157 239 171 212 210 239
0055 118 194 159 239 171 212 210 239
0056 123 198 163 239 171 211 211 239
0057 121 194 161 239 171 211 210 239
0058 122 195 161 239 171 210 209 239
0059 119 193 160 239 171 210 210 239
0060 121 196 160 239 164 209 218 239
