0000 114 216 154 239
0001 117 209 155 239
0002 034 193 074 239 110 196 149 239
0003 094 183 136 221 043 179 082 225
0004 093 176 135 214 048 174 088 217
0005 087 169 132 208 053 168 091 210
0006 091 165 132 212 053 164 092 211
0007 089 164 132 209 056 162 095 215
0008 090 167 125 212 062 164 099 209
0009 080 168 130 215 057 167 099 214
0010 064 168 107 212 091 165 128 211
0011 077 166 124 213
0012 085 165 128 209 061 165 104 211
0013 077 167 127 212 056 167 099 216
0014 085 166 127 211 063 165 104 213
0015 089 169 124 210 066 169 100 211
0016 086 167 127 211 059 166 105 214
0017 089 169 126 212 060 167 100 215
0018 087 170 132 227 055 172 090 217
0019 094 191 135 239 044 188 083 239
0020 104 199 144 239 032 194 074 239
0021 113 200 152 239 027 204 069 239
