0000 190 205 233 238 123 209 164 239
0001 190 204 233 239 123 213 170 239
0002 191 206 233 239 125 212 163 239
0003 191 204 234 239 123 209 163 239
0004 185 205 238 239 122 209 162 239
0005 192 204 235 239 122 209 162 239
0006 193 202 233 239 122 209 167 239
0007 205 207 237 239 123 210 168 239
0008 232 180 276 223 123 211 167 239
0009 251 143 290 197 122 210 167 239
0010 256 109 297 174 123 210 167 239
0011 258 079 299 155 122 209 167 239
0012 251 056 289 136 120 207 159 239
0013 245 055 280 127 119 205 160 237
0014 240 041 278 126 122 211 159 239
0015 234 044 271 122 120 207 161 239
0016 227 045 265 122 120 207 161 239
0017 224 047 261 118 121 211 159 239
0018 221 052 265 117 121 210 159 239
0019 222 048 259 126 122 210 159 239
0020 223 047 261 123 122 211 159 239
0021 221 052 265 119 121 210 159 239
0022 223 047 260 124 121 209 159 239
0023 224 056 267 120 122 211 159 239
0024 228 053 264 121 120 206 161 239
0025 228 048 267 126 122 208 160 239
0026 229 049 266 126 122 208 160 239
0027 240 050 276 127 122 208 160 239
0028 247 069 290 137 120 207 162 239
0029 256 094 303 155 121 208 158 238
0030 120 206 162 239 252 138 295 184
0031 121 210 160 239 227 175 269 215
0032 203 201 241 239 123 207 160 239
0033 192 205 233 239 123 208 160 239
0034 123 207 160 239 190 205 233 238
