0000 133 207 156 238 201 201 218 233
0001 134 207 155 238 201 201 218 233
0002 132 207 155 239 200 198 218 228
0003 129 207 151 238 201 199 218 232
0004 126 205 147 238 202 201 218 232
0005 122 202 143 237 203 199 220 230
0006 202 195 222 230 113 207 132 236
0007 106 204 131 235 206 198 226 226
0008 100 205 121 233 209 194 233 229
0009 099 199 125 232
0010 225 202 251 236 098 200 133 231
0011 225 201 252 237 105 199 133 235
0012 220 198 247 234 122 196 145 235
0013 206 191 230 233 136 183 163 231
0014 157 190 181 235 199 192 219 233
0015 163 183 185 232 194 189 217 232
0016 170 181 192 230 191 185 216 224
0017 173 171 193 221 194 173 213 217
0018 171 164 195 214 198 169 220 207
0019 167 160 203 212 199 157 219 200
0020 167 163 202 207 192 154 216 198
0021 170 158 194 203 195 151 214 196
0022 171 153 199 204
0023 168 157 197 202 195 153 217 198
0024 198 164 222 212 163 168 187 207
0025 207 180 233 225 154 175 181 221
0026 211 188 233 228 134 175 170 224
0027 133 195 156 236 206 198 237 233
0028 124 202 143 235 211 196 230 230
0029 121 203 141 238 208 201 226 233
