0000 106 211 127 237 181 211 215 238
0001 181 211 214 238 106 208 129 239
0002 181 211 214 238 108 208 132 238
0003 181 211 215 238 105 212 129 237
0004 185 211 213 238 106 211 128 237
0005 186 214 212 239 106 211 128 237
0006 180 211 214 239 105 209 129 235
0007 184 215 211 239 105 204 129 239
0008 184 198 211 236 109 189 133 228
0009 183 161 208 197 119 160 150 196
0010 120 124 158 158 175 120 207 154
0011 129 106 156 138 173 095 208 135
0012 125 095 153 135 177 091 204 132
0013 175 091 204 137 135 104 161 133
0014 175 093 205 139 131 101 166 134
0015 177 095 205 135 130 101 165 133
0016 175 093 204 137 127 099 161 132
0017 126 100 152 135 177 098 201 136
0018 171 093 205 135 126 099 153 134
0019 177 098 203 137 126 101 162 134
0020 124 117 163 146 168 117 204 154
0021 165 158 202 197 127 142 158 177
0022 172 185 211 237 113 174 141 218
0023 178 207 213 239 111 202 133 239
0024 177 212 209 239 106 209 128 239
0025 180 212 208 236 104 211 127 239
