0000 076 208 116 238
0001 075 208 116 238
0002 075 208 116 238
0003 075 208 115 238
0004 075 209 111 239 121 215 160 239
0005 118 207 164 234 075 209 111 239
0006 128 196 167 238 078 214 116 239
0007 152 140 194 195 076 214 113 239
0008 165 084 207 138 075 211 114 235
0009 170 057 213 111 074 209 110 238
0010 172 039 214 093 076 209 111 238
0011 170 035 215 088 073 209 110 238
0012 169 031 215 087 071 212 108 239
0013 176 031 216 085 076 211 112 234
0014 175 028 221 082 075 208 109 237
0015 183 030 224 084 075 208 110 237
0016 184 026 225 085 075 208 110 237
0017 183 029 226 093 075 208 110 238
0018 184 030 225 089 075 208 110 238
0019 183 035 223 087 075 209 110 238
0020 184 035 224 088 076 211 112 234
0021 185 035 225 089 076 211 113 234
0022 185 035 225 088 071 212 108 239
0023 183 029 224 089 071 213 108 239
0024 184 035 224 091 075 208 109 237
0025 185 051 223 106 075 208 109 237
0026 178 085 223 139 075 208 110 238
0027 178 149 224 202 075 208 110 237
0028 169 200 217 239 075 208 109 238
0029 172 208 212 238 071 213 107 239
