0000 137 215 173 236
0001 146 210 181 239
0003 174 159 215 210
0004 173 141 221 186
0005 184 116 227 160
0006 186 104 228 145
0007 188 092 228 142
0008 188 086 230 135
0009 187 085 231 132
0010 189 089 231 131
0011 188 087 234 131
0012 186 084 233 129
0013 186 084 232 129
0014 186 084 232 128
0015 186 085 233 130
0016 186 085 232 130
0017 186 087 231 130
0018 186 086 232 129
0019 185 089 231 130
0020 184 091 231 131
0021 182 093 229 137
0022 184 101 227 140
0023 180 117 221 169
0024 164 145 211 198
0025 155 170 195 234
0026 140 204 179 239
0027 137 214 175 237
0028 135 211 177 239
0029 135 212 177 239
0030 135 212 177 239
