0000 125 180 148 213 196 173 215 210
0001 125 179 147 213 196 173 215 210
0002 125 178 145 212 199 173 217 208
0003 120 179 139 212 194 173 215 210
0004 110 182 133 212 194 173 215 210
0005 104 183 125 211 195 173 215 210
0006 099 182 122 209 195 174 215 210
0007 195 174 215 210 096 182 119 210
0008 195 174 215 210 101 181 122 208
0009 099 181 121 212 199 173 217 207
0010 100 181 121 212 196 173 214 208
0011 101 180 122 212 199 174 217 211
0012 102 180 122 211 205 177 226 207
0013 103 181 124 212 208 165 234 197
0014 222 163 256 194 103 182 126 212
0015 103 182 126 212 233 145 276 173
0016 103 182 125 212 242 114 286 138
0017 102 181 123 211 245 075 285 099
0018 103 181 124 211 223 035 262 077
0019 203 022 229 065 106 182 127 211
0020 173 037 213 069 104 182 126 211
0021 106 181 127 211
0022 106 181 127 211 161 073 205 109
0023 105 182 126 211 173 089 206 120
0024 180 093 223 130 101 186 123 213
0025 106 182 127 212 185 095 227 137
0026 106 182 127 212
0027 235 138 279 168 102 181 125 210
0028 242 122 291 156 100 181 126 209
0029 101 181 126 209 245 094 295 126
0030 105 178 130 209 242 070 283 094
0031 106 181 128 210
0032 107 181 127 209
0033 108 181 128 210 186 030 209 070
0034 108 181 129 210 174 042 205 069
0035 107 181 127 214 160 058 203 085
0036 106 181 126 210 156 063 197 093
0037 106 181 127 210 152 066 193 098
0038 106 181 126 210 155 080 199 100
0039 107 181 127 211 161 083 205 108
0040 107 181 129 211 174 089 205 117 196 093 239 128
0041 110 179 130 210 177 096 216 129
0042 110 180 129 209 187 119 224 147
0043 113 180 132 211 197 143 222 178
0044 114 179 137 210 204 166 225 194
0045 115 180 138 210 202 173 222 209
0046 118 181 137 212 202 173 220 210
0047 119 182 138 214 196 173 216 211
0048 119 182 140 214 196 172 215 208
0049 120 181 140 213 199 171 217 205
0050 121 180 140 212 200 174 217 210
0051 122 181 140 214 201 176 221 212
0052 120 179 139 212 201 174 227 212
0053 206 171 233 210 119 178 138 210
