0000 152 215 173 239
0007 163 215 186 239
0008 171 209 210 239
0009 200 207 238 238
0010 210 183 250 221
0011 217 168 262 195
0013 210 128 284 158
0014 220 116 284 146
0015 236 110 284 132
0016 226 102 286 134
0017 234 121 281 145
0018 234 135 279 157
0019 212 151 275 180 045 212 078 239
0020 219 160 272 189 044 212 077 239
0021 050 212 075 239 225 158 274 183
0023 206 117 276 150
0024 235 106 278 128 124 213 147 239
0025 239 096 282 117 124 215 148 239
0026 240 096 281 117 124 217 147 239
0027 235 111 279 132 124 216 147 239
0028 220 124 280 151
0029 235 144 280 168
0030 213 154 275 182
0031 215 158 277 192
0032 216 161 275 193
0033 206 146 271 178
0034 209 136 276 166
0035 240 111 281 133
0036 238 095 283 119
0037 238 092 282 115
0038 226 103 285 130
0039 209 126 280 157
0040 211 145 278 173
0041 213 160 278 190
0043 122 209 148 239
0044 125 213 155 239 221 177 266 210
0045 212 182 252 215
0046 207 200 244 233
0047 189 214 223 239
0048 164 209 191 239 056 210 088 239
