0000 096 213 122 239
0001 096 210 122 239 166 210 186 238
0002 097 212 121 239
0003 097 212 122 239
0004 164 210 189 239 097 212 121 239
0005 182 194 216 236 096 210 116 239
0006 210 178 239 217
0009 231 085 273 109
0010 232 079 272 102
0011 228 079 269 100 097 210 123 239
0012 101 212 122 239 233 081 274 106
0013 098 210 126 239 233 080 271 106
0014 238 086 270 111 098 208 124 239
0015 096 210 124 239
0016 096 209 125 239 210 182 245 220
0017 098 214 123 239 118 044 160 096
0018 093 210 118 239 120 044 163 098
