0000 101 146 120 177 157 145 176 179
0001 163 140 182 172 090 124 110 156
0002 069 105 105 133
0003 056 094 084 123
0004 036 079 074 109
0005 170 113 203 154 018 070 060 103
0006 180 113 212 145 019 073 062 103
0007 193 116 229 142 017 074 054 102
0008 199 111 252 138 024 068 050 097
0009 023 072 049 099 205 105 260 132
0010 215 104 255 127 017 073 053 100
0011 214 110 254 132 021 072 058 100
0012 014 071 053 101 202 104 258 132
0013 014 071 051 100 192 087 250 116
0014 207 065 231 087 022 070 050 098
0015 023 073 051 094 193 027 217 063
0016 019 070 057 098 171 008 197 049
0017 020 065 056 096
0018 019 063 057 096 164 009 202 046
0019 022 065 050 092 183 019 207 053
0020 189 013 214 056 023 065 051 093
0021 022 064 051 093 208 025 231 058
0022 023 067 049 095 205 048 247 080
0023 015 064 053 096 203 061 263 088
0024 015 066 051 096 197 043 237 071
0025 180 012 202 055 016 070 053 098
0026 018 063 057 094 150 009 187 039
0027 018 062 057 095 133 011 170 031
0028 018 063 058 098 130 006 172 029
0029 018 063 056 096
0030 022 063 049 091
0031 018 063 057 094
0032 023 064 053 094 189 014 210 039
0033 022 065 052 095 200 019 221 043
0034 018 063 056 097 198 023 220 050
0035 205 035 225 065 018 063 055 097
0036 027 082 056 108 206 067 229 096
0037 025 095 062 120 184 099 226 126
0038 179 121 213 156 034 107 074 136
0039 170 144 191 175 051 120 086 146
0040 160 151 178 185 066 123 101 159
0041 157 156 175 184 088 138 111 168
0042 157 155 175 185 097 145 114 177
0043 155 154 175 186 101 148 119 180
0044 156 151 175 184 104 152 121 182
0045 154 154 174 187 103 153 121 183
0046 103 152 122 182 155 150 174 183
