0000 183 219 207 238
0001 091 223 111 239 184 220 208 237
0002 189 215 213 239
0003 076 218 097 239 209 221 233 239
0004 045 216 076 239 239 186 275 217
0005 032 208 061 238 269 135 296 158
0006 033 203 069 239 269 112 300 132
0007 020 200 052 234 264 100 304 131
0008 261 100 304 128
0009 264 097 305 126
0010 260 094 302 122
0011 260 093 301 118
0012 262 086 303 120
0013 263 094 302 124 067 063 120 092
0014 262 095 301 124 004 051 026 089
0015 261 094 302 117
0016 266 088 302 116
0017 267 087 304 117
0018 266 090 306 121 117 070 159 096
0019 266 094 307 125
0020 264 100 304 125 006 029 025 067
0021 261 094 300 119
0022 264 088 303 117
0023 265 093 305 120 098 191 117 218
0024 123 092 163 127 269 093 306 121 065 076 132 113
0025 272 105 306 133 092 147 123 186
0026 071 189 110 236 267 122 305 147
0027 263 138 304 169
0028 256 158 296 185 080 221 102 239
0029 247 178 282 212
0030 222 201 249 236 074 222 098 239
0031 197 221 221 239 086 219 108 239
0032 088 218 112 239 182 216 205 239
0033 090 221 113 239
0034 092 223 110 239
0035 182 217 205 239
0036 183 223 204 239
