0002 119 210 163 238
0003 119 188 163 239
0004 124 149 170 207
0005 127 123 173 187
0006 130 104 176 176
0007 138 089 177 161
0008 137 077 187 157
0009 144 075 184 153
0010 144 068 186 153
0011 145 067 186 149
0012 146 067 188 149
0013 145 064 188 151
0014 146 071 194 158
0015 147 061 191 153
0016 144 060 193 150
0017 149 064 193 148
0018 149 065 193 146
0019 150 056 194 153
0020 148 059 196 151
0021 147 060 194 149
0022 152 065 192 147
0023 150 065 196 148
0024 147 067 196 143
0025 150 072 195 152
0026 152 069 193 147
0027 151 060 193 143
0028 152 062 193 143
0029 151 059 197 147
0030 151 059 194 142
0031 151 061 194 148
0032 150 060 194 146
0033 150 063 194 147
0034 149 060 195 144
0035 149 062 194 145
0036 148 062 193 149
0037 149 072 192 156
0038 146 082 189 163
0039 141 104 185 176
0040 134 137 179 194
0041 122 192 166 239
0042 142 217 182 239
