0000 117 206 139 239 204 215 231 239
0001 106 193 129 229 205 214 227 239
0002 207 215 230 239 106 173 131 210
0003 207 215 230 239 107 157 144 189
0004 114 138 151 168 200 213 232 239
0005 117 129 160 162 200 214 232 239
0006 119 127 161 162 200 213 232 239
0007 126 123 164 157 205 215 236 239
0008 130 119 168 152 207 215 236 239
0009 129 122 173 154 211 210 234 236
0010 131 120 169 152 209 210 235 238
0011 131 120 169 152 209 209 235 239
0012 131 120 169 153 204 209 232 239
0013 130 119 170 153 207 210 235 239
0014 130 119 170 152 208 214 235 239
0015 130 122 169 156 211 216 234 239
0016 131 122 169 155 210 215 235 239
0017 131 123 169 157
0018 131 129 174 162
0019 132 138 169 170 211 216 234 239
0020 132 158 167 190 204 213 229 239
0021 131 179 167 209 197 212 230 239
0022 199 208 230 239 134 195 160 229
0023 196 211 224 239 127 213 152 239
0024 199 208 229 239 119 214 147 239
0025 197 204 230 239 118 210 142 239
0026 116 214 138 239 198 214 229 239
0027 202 210 228 239 117 214 140 239
0028 198 207 229 239 118 215 144 239
