0000 061 207 096 238 110 210 152 239
0001 110 209 148 239 060 209 094 239
0002 061 206 097 238 110 209 148 239
0003 061 207 096 238 112 206 150 239
0004 062 207 097 239 112 207 151 239
0005 062 209 095 239 110 211 152 239
0006 062 205 096 237 111 209 153 239
0007 110 194 148 239 059 204 096 236
0008 062 210 095 238 125 176 161 229
0009 063 208 097 238 129 150 162 196
0010 060 207 096 239 125 129 165 182
0011 063 207 095 239 136 113 170 167
0012 060 208 096 239 138 108 178 156
0013 134 106 172 161 060 208 096 239
0014 135 100 170 157 061 207 096 238
0015 127 091 168 146 060 204 097 237
0016 061 207 094 237 130 090 162 144
0017 066 206 098 237 115 086 159 142
0018 105 089 152 143 066 205 099 236
0019 102 093 147 147 058 204 097 236
0020 063 206 093 237 113 098 148 157
0021 065 208 094 235 122 101 164 154
0022 064 209 102 239 128 098 173 153
0023 133 094 174 146 060 207 097 238
0024 127 086 164 139 063 205 096 238
0025 064 208 094 238 114 087 155 137
0026 060 204 097 237 101 088 145 139
0027 061 205 097 237 101 093 143 151
0028 061 207 096 238 109 102 143 161
0029 111 101 152 162 065 208 094 237
0030 120 103 162 159 061 206 098 237
0031 061 205 098 237 119 103 161 149
0032 060 206 096 237 117 102 152 147
0033 061 206 096 237 098 106 141 146
0034 090 105 144 156 062 207 096 238
0035 103 112 146 166 062 208 096 238
0036 060 207 097 238 120 112 155 175
0037 060 207 097 237 121 117 168 171
0038 061 206 098 237 129 112 167 159
0039 062 207 099 238 112 111 160 158
0040 100 119 150 159 061 207 098 238
0041 061 206 097 238 108 115 151 171
0042 064 204 102 235 123 122 163 178
0043 065 205 102 235 130 119 168 171
0044 060 205 096 237 136 131 166 171
0045 061 207 094 238 136 134 172 177
0046 061 207 096 237 127 147 162 185
0047 061 208 095 238 124 176 154 209
0048 060 208 094 238 117 194 149 235
0049 063 206 095 237 110 208 153 239
0050 110 212 152 239 064 204 096 237
0051 112 207 150 239 061 207 097 238
0052 111 208 149 239 062 207 098 238
0053 062 208 096 237 111 207 148 239
0054 062 207 097 237 115 213 148 239
0055 114 213 147 239 063 209 097 238
0056 062 206 098 238 110 211 151 239
0057 062 205 100 237 107 214 153 239
0058 063 206 099 237 108 213 152 239
