0000 198 222 234 239
0003 195 221 234 239
0004 098 215 140 239 192 221 241 239
0005 092 193 134 239 193 216 248 239
0006 077 145 118 193 159 210 199 239 192 221 244 239
0007 065 111 108 165 199 221 234 239
0008 058 077 108 148 199 221 234 239
0009 056 059 112 128 227 198 262 239 199 221 235 239
0010 063 050 114 119 197 221 233 239
0011 062 049 117 127 197 217 237 239
0012 066 046 114 118 192 220 238 239
0013 067 045 114 119 193 219 239 239
0014 067 046 114 123 199 222 235 239
0015 067 045 116 120 199 222 234 239
0016 068 046 116 122 200 224 234 239
0017 069 045 116 115 197 220 239 239
0018 068 047 115 120 197 223 234 239
0019 068 045 116 122 199 223 235 239
0020 069 047 115 117 197 223 236 239
0021 064 052 118 124 199 220 234 239
0022 062 057 116 124 200 221 233 239
0023 066 069 117 137 199 221 235 239
0024 075 114 125 165 199 222 234 239
0025 087 167 135 225 197 218 238 239
0026 101 195 147 239 196 221 239 239
0027 105 206 149 239 200 217 234 239
0028 199 222 238 239 103 211 150 239
0029 194 220 243 239
0030 192 215 236 239 226 196 268 238
0031 198 224 234 239
0032 195 215 237 239
0033 191 216 235 239
0035 196 221 236 239
0036 235 196 263 235 197 217 244 239
0038 198 216 240 239
