0003 073 186 133 239
0004 079 171 137 220
0005 086 165 153 220 108 127 162 159
0006 108 099 167 137 092 158 148 205
0007 106 114 161 163
0008 085 078 140 116 106 164 158 212
0009 076 102 146 151
0010 115 069 161 115 088 113 141 160
0011 082 085 146 124 110 134 161 171
0012 080 083 139 128 107 127 163 157
0013 090 112 148 163 118 056 166 098
0014 091 096 147 141 114 065 169 104
0015 083 064 147 105 111 118 163 167
0016 113 108 167 162 075 062 141 104
0017 120 105 176 164 063 063 135 103
0018 064 069 139 112 122 106 176 165
0019 045 054 111 099 153 106 203 162
0020 018 035 075 085 202 116 254 175
0021 015 034 065 083 208 122 266 176
0022 009 039 067 083 204 123 259 178
0023 012 041 065 089 195 132 243 186
0024 011 055 056 106 184 148 239 204
0025 009 125 054 178 169 201 217 239
0026 016 164 062 217
0027 027 211 062 239
