0000 151 169 180 208 201 183 225 219
0001 150 164 182 202 199 179 224 215
0002 156 158 194 193 192 171 218 206
0003 152 134 200 169
0004 159 110 212 140 186 136 219 160
0005 161 087 214 115
0006 163 071 218 098 186 093 222 141
0007 163 066 218 092 183 082 230 138
0008 185 074 231 133 170 061 217 088
0009 168 061 212 085 183 071 236 127
0010 161 059 219 087 181 073 229 130
0011 182 074 226 131 166 057 222 086
0012 180 072 228 125 167 055 210 085
0013 179 070 229 122 170 060 210 086
0014 187 071 229 128 164 059 218 087
0015 188 071 234 126 173 061 218 087
0016 172 060 232 085 189 074 238 128
0017 185 062 234 088 192 077 230 117
0018 193 060 238 084
0019 199 058 238 082 208 069 235 118
0020 201 058 243 081 207 066 246 115
0021 209 066 247 115 196 058 251 086
0022 204 057 250 082 209 066 251 118
0023 209 060 249 090 152 062 213 100 218 072 248 116
0024 215 060 251 118 193 053 256 085 161 060 218 093
0025 211 061 256 112 160 059 222 090
0026 217 068 245 108 190 056 256 085
0027 218 071 250 115 212 058 254 088
0028 208 061 251 092 157 061 222 092
0029 209 058 255 095 165 059 223 087
0030 216 070 248 117 209 056 255 092 165 056 222 086
0031 215 063 251 114 167 059 222 088
0032 213 071 245 116 188 060 255 090
0033 208 062 251 097 164 059 219 087
0034 209 067 249 118 161 058 224 090 208 056 254 084
0035 214 068 244 116 197 058 254 089 165 058 223 087
0036 216 072 248 118 190 061 249 089
0037 215 078 240 119 186 059 248 087 149 063 213 099
0038 209 079 237 118 200 061 244 086
0039 187 065 243 096 208 076 236 115
0040 191 068 233 093
0041 182 076 222 113
0042 168 088 210 122
0043 164 103 204 131
0044 158 119 207 153
0045 150 137 190 168 185 135 210 160
0046 156 151 182 177 184 148 212 177
0047 153 155 186 194 186 157 222 190
0048 154 167 179 197 195 175 222 206
0049 204 188 226 221 146 179 172 217
0050 210 199 234 233
0051 137 184 159 220 215 194 239 225
0052 221 188 241 225 131 185 153 220
0053 127 187 151 222 221 189 244 226
0054 127 190 146 224 221 190 245 227
0055 128 187 150 222 217 190 241 228
