0005 165 209 208 239
0006 172 150 206 200
0007 168 103 213 161
0008 171 070 208 140
0009 174 065 212 130
0020 237 200 277 239
0021 173 059 211 124 196 205 244 239
0022 190 187 240 235 184 078 231 130
0023 189 100 239 146 183 175 234 225
0024 192 117 247 155 183 169 244 211
0025 185 129 244 167 186 165 240 212
0026 185 166 235 214 170 142 240 179
0027 184 170 244 219 166 149 233 185
0028 170 142 227 180 189 181 244 227
0029 169 142 235 182 198 173 242 233
0030 174 147 238 186 183 183 242 225
0031 187 160 239 235 179 148 231 189
0032 178 159 245 233 172 144 236 189
0033 183 151 236 197 181 185 239 230
0034 173 142 231 195 192 186 247 239
0035 182 138 237 192 189 190 244 235
0036 173 138 230 184 193 186 245 234 201 143 243 204
0037 181 147 245 189 184 186 234 232
0038 179 150 242 190 187 185 243 236
0039 174 150 238 193 187 188 233 239 198 163 259 222
0040 179 148 238 196 187 192 240 237
0041 183 143 240 201 190 191 241 236
0042 181 134 235 190 190 189 244 238
0043 195 135 243 183 179 185 240 235
0044 184 144 251 192 183 190 234 232
0045 194 187 245 235 186 152 249 200
0046 192 197 239 239 185 156 253 205
0047 180 147 231 195 192 194 240 235
0048 188 148 241 204 189 194 245 235
0049 190 146 239 200 192 198 241 239
0050 185 144 233 199 196 194 242 239
0051 178 155 226 209 198 199 255 239
0052 168 193 211 239 214 204 255 239
0053 166 208 208 239 235 196 287 239 213 217 260 239
0054 171 218 207 239
