0000 115 199 158 237
0001 102 200 142 239
0002 118 168 156 197
0003 123 126 160 163 108 216 150 239
0004 121 109 154 143 109 216 150 239
0005 115 080 148 116
0006 113 068 150 108
0007 114 066 147 105
0008 111 061 151 104
0009 107 063 146 102
0010 110 063 145 103
0011 106 067 148 106
0012 106 067 144 106
0013 110 066 148 107
0014 110 061 147 105
0015 110 067 146 108
0016 110 097 143 127
0017 088 145 149 179
0018 102 178 142 228
0019 102 201 139 235 080 154 114 183
0020 111 204 152 239
0021 109 207 151 239
0022 108 202 153 239
0023 109 202 154 239
0024 109 209 151 239
