0003 198 218 231 239
0006 168 223 222 239
0007 161 217 219 239
0008 166 208 211 239
0009 162 201 212 236
0010 162 188 213 235
0011 160 170 217 222
0012 160 161 208 217
0013 156 156 204 215
0014 156 154 205 215
0015 155 158 206 215
0016 159 157 208 218
0017 158 159 208 217
0018 157 162 210 216
0019 157 164 209 217
0020 156 165 211 217
0021 150 163 212 217
0022 150 168 214 215
0023 151 169 210 214
0024 158 171 213 215
0025 150 169 209 217
0026 155 170 214 214
0027 148 171 211 213
0028 145 165 206 215
0029 149 170 207 216
0030 150 163 207 210
0031 149 160 211 211
0032 150 159 210 210
0033 153 159 206 208
0034 146 157 214 205
0035 150 162 214 207
0036 149 157 210 206
0037 149 162 216 211
0038 149 153 208 207
0039 150 156 209 209
0040 147 157 209 208
0041 149 154 209 207
0042 148 158 206 206
0043 148 154 204 205
0044 147 159 207 208
0045 151 159 208 209
0046 150 171 206 219
0047 151 183 205 227
0048 155 202 207 239
0049 171 220 224 239
