0000 067 153 113 203 161 157 211 206
0001 067 154 114 203 162 152 214 205
0002 068 155 114 203 164 153 214 204
0003 068 155 114 203 163 147 213 200
0004 067 155 114 203 159 153 207 202
0005 067 154 114 203 162 153 211 204
0006 067 155 114 203 158 152 212 203 190 127 237 170
0007 068 152 113 206 156 139 206 181 194 126 241 160
0008 067 155 114 203 162 113 210 148 207 116 237 154
0009 068 153 113 206 162 075 211 111
0010 068 153 113 206 159 049 206 089
0011 068 153 113 206 146 045 210 085
0012 067 153 113 204 143 043 207 085
0013 069 154 117 206 141 049 205 104
0014 069 154 117 206 154 053 199 111
0015 069 154 117 205 158 052 200 120
0016 157 050 199 119 069 155 117 205
0017 068 155 117 205 153 052 194 116
0018 068 154 117 206 143 052 189 112
0019 068 154 117 205 133 063 177 118
0020 068 154 117 205 139 065 179 125
0021 067 155 114 204 145 067 184 129
0022 067 155 114 204 153 064 187 134
0023 067 155 114 204 147 069 186 137
0024 068 153 111 206 139 073 182 131
0025 068 154 111 206 138 073 180 130
0026 068 154 111 206 139 078 181 135
0027 067 154 112 206 146 077 185 138
0028 067 154 111 205 149 068 188 147
0029 066 156 113 203 146 076 189 138
0030 066 156 113 203 142 076 185 137
0031 066 155 113 203 140 072 179 139
0032 066 155 113 203 141 073 184 135 152 067 205 107
0033 066 155 113 203 154 070 187 142
0034 066 155 113 203 148 071 187 141
0035 066 155 113 203 141 075 181 141
0036 070 152 116 207 139 076 180 134
0037 071 152 116 207 140 080 182 138
0038 070 154 116 206 142 085 188 153
0039 071 156 114 203 150 098 184 162
0040 070 152 115 207 154 119 194 176
0041 068 152 111 207 155 140 198 193
0042 163 147 203 200 069 152 113 203 202 121 242 163
0043 067 155 114 200 163 159 202 201
0044 071 151 116 200 164 153 215 203
0045 071 152 116 200 165 158 210 201
0046 071 152 115 200 167 153 213 197
0047 069 154 117 206 165 159 209 200
0048 069 152 116 206 163 161 208 201
0049 070 152 116 206 161 163 211 204
0050 070 153 116 206 161 163 211 204
0051 070 153 116 206 163 162 206 201
0052 070 153 116 206 163 162 206 202
