0000 196 215 219 239 128 171 151 202
0001 199 211 219 238 128 170 151 202
0002 198 215 219 239 128 170 150 201
0003 198 215 219 239 128 170 150 201
0004 128 171 150 201 198 215 224 239
0005 129 169 151 201 217 218 241 239
0006 235 197 270 234 126 170 152 202
0007 242 153 284 196 129 170 151 200
0008 235 109 272 142 129 170 152 200
0009 127 169 152 202 211 078 249 116
0010 127 167 152 201 195 068 230 102
0011 127 167 153 201 176 063 213 101
0012 126 165 152 199 168 065 204 104
0013 126 166 151 198 159 063 193 105
0014 126 166 151 196 153 065 194 102
0015 126 165 151 195 155 065 200 101
0016 126 165 151 196 154 071 189 107
0017 126 165 151 196 153 069 189 112
0018 127 166 151 196 161 067 192 112
0019 128 168 152 198 169 083 212 125
0020 128 168 153 199 161 126 213 162
0021 127 167 151 201 188 169 217 217
0022 199 209 223 239 126 167 152 202
0023 125 166 152 203 201 214 224 236
0024 200 210 223 239 125 166 151 202
0025 127 170 150 200 199 212 223 239
