0000 104 187 140 237 191 187 228 225
0001 107 180 143 226 202 174 230 213
0002 115 165 161 203 197 163 230 207
0003 183 158 223 200 128 148 178 179
0004 180 156 214 200 136 143 184 173
0005 172 154 215 193 140 144 179 178
0006 147 151 210 188
0007 169 148 217 190 139 156 182 187
0008 175 149 211 191 137 156 182 189
0009 172 153 211 195 143 154 186 190
0010 172 155 210 193 147 151 186 180
0011 170 152 207 191
0012 169 153 217 189 141 156 183 187
0013 174 152 211 191 140 156 178 193
0014 175 152 211 194 144 154 182 190
0015 161 152 213 192
0016 146 150 211 187
0017 166 151 212 185 137 154 179 185
0018 143 151 210 184
0019 137 150 200 187
0020 131 152 183 188
0021 168 153 201 184 121 148 167 188
0022 169 148 206 180 117 144 153 184
0023 103 132 146 175 172 138 207 172
0024 106 122 146 155 173 123 205 154
0025 109 119 147 151 172 115 205 146
0026 160 123 201 175 106 124 158 169
0027 160 140 209 187 104 137 151 186
0028 157 141 206 190 102 139 151 194
0029 157 141 208 194 102 140 151 194
0030 158 141 208 193 102 140 152 194
0031 163 144 205 188 101 139 153 195
0032 160 140 208 190 101 139 154 194
0033 159 142 209 193 101 141 153 192
0034 106 134 146 167 170 143 207 178
0035 172 151 216 184 102 138 143 170
0036 103 157 138 188 175 165 218 194
0037 098 168 135 211 177 178 220 218
0038 181 185 222 222 098 182 136 222
0039 184 188 219 227 093 186 133 228
0040 181 191 222 228 097 192 136 237
0041 098 193 138 234 181 192 222 228
0042 099 195 138 239 184 193 218 225
0043 096 197 139 238 180 197 217 225
0044 096 198 138 238 184 196 218 228
0045 096 198 138 238 185 195 218 227
0046 096 198 138 238 185 197 218 228
0047 095 198 138 238 185 197 218 228
0048 096 197 138 239 183 194 216 228
