0000 122 190 142 216 190 183 211 213
0001 190 184 213 215 121 190 141 219
0002 122 190 143 217 190 184 212 214
0003 120 190 142 218 188 186 207 212
0004 122 191 144 217 189 184 208 212
0005 120 190 140 219 189 187 206 212
0006 120 190 141 219 188 185 210 214
0007 123 190 145 219 188 185 210 214
0008 188 187 207 212 125 187 151 218
0009 190 189 211 211 143 173 170 203
0010 160 149 195 177 186 185 206 209
0011 189 189 210 212 176 136 198 162
0012 188 184 211 214 181 132 202 157
0013 189 184 212 214 177 133 197 157
0014 189 186 208 213 179 129 200 153
0015 190 184 212 214 182 131 201 157
0016 190 184 212 214 180 132 200 158
0017 190 184 212 214 180 132 201 158
0018 190 184 212 214
0019 190 184 212 214
0020 190 185 212 214
0021 174 140 195 168 190 185 212 214
0022 147 170 178 197 191 184 213 215
0023 106 192 131 215 192 185 213 214
0024 192 183 214 212 097 189 118 213
0025 192 184 214 214 094 187 116 212
0026 191 184 214 215 097 189 118 212
0027 190 185 213 215 098 189 118 210
