0004 236 205 261 239
0005 071 207 100 239 201 137 241 171 229 152 264 198
0006 195 108 248 156 075 144 116 197
0007 095 112 136 151 157 072 198 103
0008 109 073 157 117 130 057 177 084 080 105 120 145
0009 111 052 160 091
0010 116 045 170 080
0011 118 044 168 081
0012 120 046 173 079
0013 119 047 174 079
0014 125 050 168 085
0015 118 055 167 091
0016 121 062 161 097
0017 119 061 158 097
0018 117 061 158 097
0019 120 064 152 098
0020 111 064 156 100
0021 109 062 155 101
0022 112 061 153 097
0023 112 060 154 098
0024 109 060 151 095
0025 108 060 152 097
0026 103 062 155 098
0027 108 060 150 097
0028 112 067 148 101
0029 107 062 149 106 174 076 225 120
0030 096 093 127 136 126 069 175 109
0031 084 137 125 185 145 113 196 155
0032 182 199 214 239 093 197 133 235
