0001 057 214 101 239
0002 043 192 089 237 066 200 119 237
0003 038 179 089 229
0004 036 145 086 185 059 155 125 195
0005 064 150 123 191 043 133 082 170
0006 057 126 089 161 074 150 128 192
0007 060 134 097 180 083 158 137 209
0008 087 179 149 222 053 154 106 199
0009 074 176 119 236 102 190 155 234
0010 086 197 125 236 110 191 165 236
0011 114 190 167 237 090 195 128 238
0012 093 181 132 238 115 179 172 229
0013 095 171 136 219 119 168 185 215
0014 133 154 177 196 105 149 143 190
0015 108 138 158 174 150 147 183 181
0016 116 128 175 168 148 144 181 185
0017 125 137 192 181
0018 133 151 195 194
0019 138 176 188 236
0020 126 194 172 238
0021 121 199 163 239
0022 105 197 143 239
0023 090 200 126 236 139 192 190 237
0024 075 207 118 238 140 219 168 239
0030 126 212 170 235
0031 118 207 162 239 071 204 105 239
0032 116 193 165 239 059 186 103 236
0033 051 168 093 224 115 179 162 233
0034 109 150 157 196 047 144 092 197
0035 106 142 160 181 051 126 102 172
0036 102 125 163 165 051 108 104 158
0037 051 102 106 152 107 117 159 157
0038 046 085 097 131 105 096 164 139
0039 048 067 100 112 112 082 163 125
0040 047 050 099 097 114 079 166 122
0041 046 038 097 083 115 064 164 104
0042 050 036 095 081 119 064 170 108
0043 046 030 094 076 120 049 168 096
0044 044 031 092 077 113 054 165 104
0045 044 035 090 080 118 053 169 100
0046 047 047 089 093 120 069 179 116
0047 048 065 091 123
0048 041 104 083 168 130 133 169 170
0049 036 177 077 231 141 196 174 237
0050 144 220 185 238
