0000 212 211 237 239 124 203 142 237
0001 208 213 238 239 122 204 144 235
0002 121 206 142 239 210 214 238 239
0003 122 204 146 239 207 211 235 239
0004 211 208 233 239 125 204 146 236
0005 210 211 233 239 121 204 142 238
0006 211 210 234 239 118 203 144 238
0007 210 212 237 238 113 204 137 236
0008 096 202 119 233 211 214 236 239
0009 209 214 236 239 061 186 095 220
0010 208 216 242 239 038 166 074 196
0011 210 211 244 239 012 143 048 170
0012 210 215 237 239 006 130 041 160
0013 210 215 237 239 009 128 045 152
0014 213 215 239 239 009 127 044 153
0015 213 216 239 239 009 128 043 155
0016 212 214 242 239 008 126 042 154
0017 209 211 242 239 006 128 042 157
0018 209 214 244 239 012 143 048 175
0019 209 213 238 239 017 159 056 191
0020 209 214 238 239 027 166 064 206
0021 209 216 237 239 038 173 076 213
0022 210 216 241 239 040 173 078 218
0023 210 214 236 239 042 173 077 211
0024 210 213 235 239 038 170 075 210
0025 209 218 235 239 033 166 069 202
0026 210 212 236 239 024 158 064 194
0027 211 217 242 239 013 147 050 177
0028 209 213 238 239 008 125 046 157
0029 212 213 240 239 007 110 040 139
0030 213 215 239 239 005 109 038 133
0031 213 218 239 239 005 100 038 130
0032 211 212 237 239 006 105 041 134
0033 209 215 237 239 007 113 040 143
0034 211 215 236 239 013 128 040 157
0035 210 215 236 239 015 140 052 171
0036 209 214 237 239 013 151 051 181
0037 210 215 243 239 023 159 059 192
0038 212 217 236 239 022 158 061 192
0039 210 215 243 239 026 167 063 203
0040 208 215 243 239 035 173 072 211
0041 211 212 236 239 053 180 087 220
0042 209 210 240 239 076 195 099 231
0043 212 211 238 238 099 205 119 238
0044 206 213 236 239 112 205 131 238
0045 210 212 233 239 119 201 139 236
0046 122 208 142 239 209 209 235 239
0047 211 211 233 239 125 205 143 239
0048 210 211 234 239 124 206 144 239
0049 207 209 236 239 124 208 143 239
0050 211 209 233 239 123 205 143 239
