0000 110 195 131 233 155 168 184 206
0001 111 199 131 231 140 125 181 152
0002 134 081 166 123 106 194 135 232
0003 110 197 131 231
0004 111 194 133 230
0005 111 198 132 230 124 076 162 114
0006 111 195 133 231
0007 106 196 135 235 128 089 166 124
0008 134 082 163 119 107 195 135 233
0009 108 195 134 234
0010 107 194 135 235 130 094 174 129
0011 107 194 135 234 138 131 187 165
0012 105 195 133 234 157 157 191 199
0013 111 196 130 229 171 184 198 225
0014 110 198 131 231
0015 110 200 130 230
0016 110 196 130 229
0017 103 194 123 231 180 190 203 225
