0000 122 199 162 238
0001 116 195 161 239
0002 115 197 158 239
0003 117 207 152 239
0004 118 201 160 239
0005 119 198 158 239
0006 118 201 158 238
0007 118 200 158 238
0008 119 199 160 239
0009 121 202 157 238
0010 119 200 157 239
0011 117 200 161 239
0012 112 201 157 239
0013 110 184 153 219
0014 110 164 150 199
0015 115 147 148 181
0016 112 118 151 154
0017 111 106 150 147
0018 110 089 149 135
0019 113 087 151 132
0020 107 087 144 122
0021 110 087 147 116
0022 112 078 145 126
0023 115 079 145 126
0024 111 083 147 118
0025 111 079 149 119
0026 120 078 147 119
0027 124 084 153 117
0028 125 077 156 115
0029 127 077 167 117
0030 127 076 166 110
0031 138 073 174 113
0032 138 070 173 108
0033 147 068 185 111
0034 145 064 183 104
0035 154 056 184 103
0036 152 053 188 097
0037 155 052 190 096
0038 155 051 190 099
0039 164 049 192 094
0040 164 049 197 094
0041 164 051 192 097
0042 166 051 196 094
0043 160 050 196 095
0044 166 053 196 098
0045 161 054 193 101
0046 156 056 193 099
0047 147 067 184 107
0048 139 078 176 119
0049 136 091 176 133
0050 134 101 170 145
0051 130 119 171 162
0052 127 140 168 188
0053 127 175 159 213
0054 121 195 156 237
0055 123 206 153 237
0056 117 207 156 239
0057 120 210 158 239
0058 120 209 158 239
0059 120 208 158 239
0060 118 208 155 239
0061 119 213 156 239
0062 119 210 158 239
0063 114 207 155 239
0064 119 206 157 239
