0018 265 207 313 239
0019 257 136 315 203
0020 248 085 303 181
0021 240 070 299 158
0022 235 059 292 151
0023 233 062 299 143
0024 232 061 292 150
0025 233 065 291 145
0026 227 059 292 152
0027 237 060 291 157
0028 230 064 296 151
0029 232 063 292 149
0030 234 064 297 151
0031 230 065 297 152
0032 233 064 301 145
0033 234 065 297 150
0034 235 065 295 148
0035 234 064 297 151
0036 231 065 294 144
0037 235 063 299 149
0038 240 065 296 149 152 192 187 237
0039 236 067 298 147 157 192 193 235
0040 265 101 307 173
0041 273 183 310 238
