0003 137 212 180 239
0004 141 192 187 234
0005 144 170 187 216
0006 148 132 192 188
0007 155 091 203 163
0008 157 058 202 139
0009 156 043 204 132
0010 163 039 210 123
0011 161 038 209 124
0012 163 037 212 121
0013 164 030 217 120
0014 165 032 217 123
0015 164 031 214 122
0016 165 028 215 120
0017 164 029 216 123
0018 170 031 221 122
0019 166 031 220 121
0020 170 029 222 123
0021 170 028 221 122
0022 170 029 221 122
0023 166 031 219 123
0024 165 028 215 122
0025 169 030 220 122
0026 165 027 216 122
0027 171 030 216 124
0028 171 027 218 124
0029 172 029 217 121
0030 166 032 216 120
0031 166 032 215 119
0032 170 026 218 120
0033 172 027 220 113
0034 173 027 221 114
0035 173 027 222 113
0036 171 028 221 122
0037 171 026 221 115
0038 171 026 222 115
0039 171 027 219 115
0040 174 026 224 114
0041 174 027 224 114
0042 173 028 222 119
0043 172 025 223 120
0044 175 027 223 113
0045 175 027 225 117
0046 175 026 225 115
0047 176 029 223 116
0048 175 025 225 114
0049 178 024 225 116
0050 177 026 226 114
0051 176 027 226 115
0052 177 026 226 115
0053 176 026 227 116
0054 176 026 227 116
0055 176 024 228 112
0056 176 026 228 116
0057 175 025 228 114
0058 176 032 227 119
0059 176 025 227 114
0060 177 023 227 114
0061 176 024 228 116
0062 176 026 227 115
0063 177 024 226 113
0064 176 024 227 114
0065 177 024 226 113
0066 176 023 226 112
0067 177 029 227 122
0068 176 023 225 113
0069 176 025 223 112
0070 178 022 227 116
0071 178 025 224 111
0072 179 026 222 113
0073 177 024 225 118
0074 177 027 225 118
0075 176 031 223 122
0076 178 022 224 112
0077 177 025 225 111
0078 177 024 226 112
0079 182 024 224 122
0080 175 025 227 112
0081 180 023 228 115
0082 179 024 225 110
0083 179 024 225 110
0084 181 025 224 124
0085 177 025 226 113
0086 178 025 226 113
0087 180 023 229 120
0088 179 029 228 121
0089 173 046 218 134
0090 158 132 203 184
0091 150 172 194 223
0092 144 212 185 239
