0015 171 213 232 239
0016 161 171 227 233
0017 164 123 225 198
0018 159 101 226 184
0019 155 086 233 175
0020 154 070 227 161
0021 150 057 219 149
0022 148 046 217 142
0023 148 039 216 135
0024 145 034 213 134
0025 151 033 212 138
0026 146 033 208 131
0027 148 036 216 131
0028 150 032 210 132
0029 148 035 213 134
0030 157 039 219 136
0031 153 040 224 136
0032 153 043 224 137
0033 151 038 221 137
0034 153 041 220 136
0035 156 045 220 143
0036 159 064 221 158
0037 172 097 225 178
0038 167 136 230 209
0039 168 187 230 239
0040 181 209 233 239
