0000 102 213 141 239 045 215 087 239
0001 097 208 146 239 044 211 089 239
0002 042 207 087 239 099 217 147 239
0003 042 200 090 239 102 208 144 239
0004 037 182 085 237 092 188 147 238
0005 099 152 154 212 032 164 084 216
0006 099 125 152 182 036 132 080 193
0007 105 102 156 165 027 110 072 181
0008 111 087 163 155 023 107 071 163
0009 110 089 168 149 016 096 071 151
0010 111 091 172 146 021 091 076 150
0011 108 096 168 151 026 093 080 153
0012 109 097 169 150 020 098 079 151
0013 107 097 168 152 017 097 077 148
0014 108 093 170 152 026 092 078 152
0015 107 093 165 148 021 092 075 149
0016 106 099 161 156 032 088 083 152
0017 104 104 156 163 030 109 078 171
0018 103 127 149 190 037 119 076 188
0019 104 164 147 214 032 163 075 222
0020 104 178 150 230 034 198 080 239
0021 106 197 143 237 035 210 081 239
0022 098 202 148 239 037 209 088 239
0023 100 211 139 239 042 207 089 239
0024 101 208 140 239 044 208 087 239
0025 102 208 141 239 042 208 086 239
0026 099 208 148 239 042 207 087 239
0027 041 205 088 239 099 209 148 239
0028 041 207 087 239 102 210 139 239
