0000 007 159 046 210
0012 098 196 157 238
0013 011 147 042 187 097 151 154 199
0014 089 103 137 159 037 130 079 185
0015 078 087 123 142 077 118 122 179
0016 071 082 119 149 113 100 157 157
0017 125 081 166 148 077 083 127 149
0018 072 087 131 147 128 085 168 151
0019 074 088 131 145 128 090 168 156
0020 075 078 129 150 126 086 166 158
0021 075 087 133 151 127 081 169 156
0022 070 086 129 147 131 083 164 152
0023 072 084 129 156 130 081 164 152
0024 073 089 129 147 128 087 169 151
0025 073 089 129 149 126 080 168 153
0026 073 091 128 148 130 087 168 149
0027 074 085 124 152 132 088 171 149
0028 077 090 126 149 135 084 160 131
0029 073 082 127 146
0030 074 083 127 147 128 084 168 144
0031 077 083 127 149 131 084 167 143
0032 076 082 130 150 131 090 168 152
0033 077 086 128 151 131 090 169 154
0034 077 085 127 153 131 085 169 150
0035 075 079 128 152 133 085 161 140
0036 073 083 130 147 133 084 161 138
0037 075 081 131 148 128 086 165 146
0038 081 076 128 149
0039 083 077 131 155
0040 085 080 130 151
0041 082 079 128 154
0042 082 080 131 153
0043 082 080 131 152
0044 081 083 131 150
0045 082 083 130 150
0046 083 079 130 153
0047 075 084 125 149
0048 081 076 121 154
0049 081 077 121 156
0050 079 076 123 150
0051 079 076 124 150 133 091 154 139
0052 079 077 124 151
0053 079 075 124 151
0054 081 076 127 150
0055 079 077 123 151
0056 076 077 126 154
0057 070 098 129 163 132 110 171 157
0058 081 126 138 177 099 166 148 206
0059 093 154 147 202 056 182 106 230
0060 090 173 145 225 039 190 081 234
0061 093 207 150 239 008 181 050 227 133 205 175 236
0062 137 214 186 239
0063 135 214 180 239
0064 137 214 180 239
0065 137 214 180 239
0066 135 214 181 239
0067 139 215 180 239
0068 139 215 179 239
0069 139 213 178 239
0071 137 212 180 238
