0008 218 209 259 239
0009 202 202 252 239 035 151 080 235
0010 185 193 235 239 069 155 133 206
0011 101 146 163 205 175 183 217 239
0012 140 184 191 239 114 139 194 189
0013 130 133 209 178 123 191 180 239
0014 116 189 173 239 137 132 223 178
0015 109 179 172 224 150 133 229 179
0016 163 135 229 181 106 177 169 217
0017 087 179 159 218 154 136 229 178
0018 149 135 228 177 081 175 150 215
0019 145 132 229 175 078 177 151 215
0020 171 138 224 180 068 176 137 216 132 128 191 177
0021 069 181 140 222 152 140 227 187
0022 156 142 229 187 066 182 137 228
0023 069 186 136 230 157 144 229 189
0024 070 189 137 239 156 148 225 196
0025 069 189 140 239 152 149 232 192
0026 073 189 132 239 151 146 225 194
0027 072 190 139 239 151 147 228 193
0028 072 189 138 239 158 142 222 196
0029 074 189 135 239 154 147 225 194
0030 161 148 226 196 073 185 140 239
0031 079 185 131 237 157 148 220 196
0032 074 190 138 239 155 148 225 198
0033 075 186 142 238 156 144 219 201 119 156 164 219
0034 082 189 137 239 146 142 219 197
0035 091 190 148 239 133 148 206 198
0036 089 148 164 202 123 191 176 239
0037 154 204 200 239 051 164 128 234
0038 184 197 221 239
0039 178 197 226 239
0070 042 221 080 239
0071 043 208 087 235
0072 043 205 084 236
0073 036 204 081 239
0074 039 205 076 239
0075 038 206 078 239
0076 038 207 077 239
0077 042 211 079 239
0078 039 212 076 239
0079 039 207 072 239
0080 036 211 075 239
0081 040 219 074 239
0082 033 218 077 239
0083 035 217 072 239
