0000 200 211 240 239 112 209 153 239
0001 200 210 241 239 111 209 153 239
0002 199 209 241 239 113 210 153 239
0003 200 212 242 239 113 210 151 239
0004 200 212 242 239 112 208 150 239
0005 197 216 245 239 113 209 152 239
0006 111 206 150 239 196 210 244 239
0007 196 210 243 239 113 201 152 239
0008 086 179 126 227 199 209 242 239
0009 198 210 246 239 062 142 103 199
0010 043 097 084 164 197 215 245 239
0011 030 082 080 139 196 205 244 239
0012 036 074 078 139 198 211 246 239
0013 034 075 077 136 200 210 241 239
0014 035 076 078 133 199 210 242 239
0015 033 075 077 131 200 210 243 239
0016 034 073 076 132 196 210 243 239
0017 034 071 076 133 197 210 244 239
0018 035 073 075 131 196 215 244 239
0019 035 073 076 133 195 209 243 239
0020 033 074 079 132 196 208 245 239
0021 033 073 078 131 199 210 241 239
0022 033 074 080 134 199 210 241 239
0023 034 074 079 133 199 209 243 239
0024 035 073 078 132 202 205 249 239
0025 034 072 077 133 197 206 244 239
0026 035 073 079 133 198 213 241 239
0027 048 078 086 141 196 210 244 239
0028 197 206 243 239 064 103 098 161
0029 197 210 244 239 088 152 126 200
0030 101 170 143 210 199 215 245 239
0031 111 191 158 236 199 215 245 239
0032 117 208 162 239 200 212 241 239
0033 114 208 157 239 195 217 246 239
0034 197 216 245 239 114 208 156 239
0035 197 216 245 239 114 208 157 239
0036 114 209 158 239 199 208 241 239
0037 115 211 158 239 198 209 242 239
