0001 135 212 173 239
0002 257 202 298 239 139 214 173 239
0003 255 164 297 224
0004 248 095 287 149
0005 235 051 276 107
0006 233 029 271 075
0007 238 019 269 071 134 211 174 239
0008 235 013 268 071
0009 137 215 171 239 237 014 267 067
0010 235 014 266 067
0011 221 011 254 049
0012 139 211 171 239 228 008 262 061
0013 233 011 265 064 137 213 173 239
0014 238 011 267 070 139 212 169 239
0015 234 013 265 068
0016 236 018 267 073
0017 233 018 268 075
0018 235 013 267 068
0019 239 013 271 070
0020 237 032 274 095 135 205 170 239
0021 137 187 179 239 238 074 282 130
0022 243 102 299 160 142 178 182 235
0023 253 159 299 212 145 158 190 204
0024 154 132 203 163 255 192 297 235
0025 156 129 214 158 257 202 293 239
0026 161 127 213 161 262 209 292 239
0027 264 217 293 239
0028 144 136 205 175
0029 145 129 194 169
0030 141 120 189 163
0031 134 111 180 149
0032 129 099 174 134
0033 114 099 178 139
0034 084 087 129 133 114 103 169 149
0035 111 114 155 163 089 090 121 138
0036 101 115 139 162
0037 089 092 132 136
0038 083 088 128 130
0039 083 075 131 126
0041 079 071 120 118
0042 076 073 118 121
0043 061 071 105 116
0044 040 058 092 104
0045 029 052 082 091
0046 021 032 079 073
0047 028 021 074 069
0048 045 040 080 082
0049 048 054 092 096
0050 072 100 113 146
0051 089 130 128 183
0052 107 152 143 211
0053 114 169 157 226
0054 125 181 165 239
0055 136 200 180 239 259 212 298 239
0056 138 209 176 239 261 215 290 239
0057 138 211 179 239
