0000 195 209 224 239 101 207 131 239
0001 197 211 225 239 106 213 130 239
0002 198 210 224 239 104 211 130 236
0003 196 210 222 239 104 209 131 236
0004 196 207 223 239 104 209 131 237
0005 195 209 222 239 104 210 129 239
0006 196 208 222 239 100 212 131 239
0007 196 213 223 239 100 212 132 239
0008 195 209 222 239 107 210 136 239
0009 192 212 227 239 117 202 163 239
0010 192 214 226 239 132 188 175 229
0011 192 212 226 239 140 174 186 215
0012 194 219 222 239 147 152 208 187
0013 196 212 221 239 154 132 215 168
0014 194 210 226 239 156 132 219 166
0015 196 214 223 239 171 132 217 166
0016 196 212 226 239 167 135 219 169
0017 195 212 225 239 168 133 218 164
0018 196 215 223 239 168 132 218 165
0019 196 214 223 239
0020 196 213 222 239 145 128 212 164
0021 197 207 225 239 165 127 225 161
0022 196 210 222 239 171 129 220 166
0023 196 212 222 239 172 129 221 165
0024 195 208 224 239 154 129 221 167
0025 191 217 225 239 171 129 219 163
0026 195 214 222 239 159 128 223 162
0027 196 215 223 239 159 128 224 162
0028 192 213 227 239 148 131 209 165
0029 196 214 227 239
0030 194 217 224 239
0031 116 202 154 239 192 216 225 239
0032 101 213 135 239 194 214 227 239
0033 197 214 228 239
0034 087 211 114 239 197 208 230 239
0035 197 211 225 239 089 211 117 239
0036 196 210 222 239 096 210 121 237
