0006 246 196 307 235
0007 239 141 296 199
0008 230 089 280 172
0009 228 082 270 160
0010 210 063 255 158
0011 210 058 248 149
0012 203 056 245 152
0013 200 058 244 150
0014 200 061 243 151
0015 197 063 243 147
0016 196 067 240 144
0017 200 057 242 151
0018 204 058 245 150
0019 202 055 242 153
0020 197 058 240 149
0021 202 056 242 155
0022 203 061 241 152
0023 200 058 248 148
0024 201 059 243 157
0025 202 056 242 154
0026 201 058 242 149
0027 201 061 244 150
0028 202 060 242 153
0029 201 059 242 153
0030 202 062 246 153
0031 202 059 247 146
0032 202 058 242 155
0033 202 058 243 156
0034 201 058 242 150
0035 202 059 244 150
0036 204 058 250 154
0037 206 059 245 157
0038 206 062 252 151
0039 221 075 261 157
0040 236 092 275 175
0041 244 123 292 187
0042 247 154 308 210
