0000 058 143 109 201
0001 057 141 104 202
0002 059 141 102 198
0003 068 135 107 204
0004 061 139 105 209
0005 054 136 091 201
0006 064 135 099 204
0007 063 125 108 207 178 148 222 205
0008 175 136 221 205 064 121 104 192
0009 166 118 208 182 067 123 113 176
0010 076 116 127 171 159 106 204 170
0011 079 101 136 171 153 096 201 162
0012 079 099 135 164 148 094 195 163
0013 076 091 131 159 130 092 180 169
0014 077 092 132 162 136 093 184 168
0015 080 096 134 168 136 089 184 165
0016 078 096 132 170 133 092 179 170
0017 079 095 130 171 132 095 179 167
0018 080 094 126 169 132 096 185 166
0019 082 093 131 167 135 095 184 167
0020 085 091 131 161 133 090 174 171
0021 128 093 170 169 087 090 133 174 146 085 212 139
0022 132 090 173 170 088 091 135 172
0023 088 095 130 175 127 098 172 167
0024 128 094 173 177 084 098 132 169
0025 128 093 172 174 086 092 136 171
0026 128 087 170 178 087 089 132 166
0027 085 090 136 172 130 094 173 179
0028 091 089 133 170 133 091 174 177
0029 129 092 177 176 087 093 132 169
0030 131 088 176 175 091 089 133 174
0031 087 091 132 169 127 094 177 170
0032 086 092 132 169 130 091 176 171
0033 083 090 132 171 127 095 172 175
0034 086 092 129 171 127 093 177 175
0035 085 090 131 173 122 093 168 168
0036 080 094 132 168 126 098 173 169
0037 081 095 132 170 126 102 170 170
0038 079 104 125 180 127 101 175 183
0039 059 118 099 205 150 108 192 182
0040 163 137 202 201 049 146 092 201
0041 166 154 208 205 055 167 103 210
0042 157 156 197 208 056 163 106 210
0043 047 163 110 213 163 161 218 211
0044 049 166 111 212
0045 052 159 106 209 160 158 216 203
0046 051 160 105 211
0047 053 155 101 209 163 157 216 204
0048 049 151 099 208 161 155 217 201
0049 050 162 111 213
