0000 072 198 097 237 176 208 198 239
0001 068 199 094 235 176 209 197 239
0002 072 200 096 236 176 211 197 239
0003 072 200 096 236 176 211 197 239
0004 069 197 094 234 175 212 194 239
0005 070 197 099 233 179 205 201 239
0006 072 199 097 235 180 206 200 235
0007 072 200 096 237 182 203 206 239
0008 071 199 095 237 157 146 200 189
0009 063 194 097 232 150 094 186 144
0010 134 031 167 093 066 197 093 234
0011 136 044 164 100 067 197 093 234
0012 133 036 168 106 071 192 097 228
0013 134 045 170 107 065 194 091 231
0014 135 037 169 104 066 197 101 238
0015 068 201 099 234 137 044 170 103
0016 131 032 168 104 062 195 095 234
0017 133 037 168 105 060 196 092 232
0018 133 039 168 105 066 197 098 235
0019 135 041 167 101 062 200 096 235
0020 131 042 161 085 068 199 099 234
0021 063 194 097 232 135 046 171 091
0022 063 199 097 234 150 093 186 134
0023 065 199 099 234 169 155 206 193
0024 072 196 098 235 185 192 213 227
0025 068 198 099 234 181 196 203 236
0026 067 198 100 235 176 199 198 234
0027 070 197 100 236 177 201 198 234
0028 069 196 101 236 176 200 197 235
0029 070 197 100 237 177 200 199 235
0030 070 198 099 235 177 204 199 236
0031 073 202 096 236
0032 069 198 100 237 177 206 200 238
0033 070 198 100 236 177 201 199 234
0034 075 200 103 236 179 201 201 235
