0000 097 217 116 239
0001 129 208 167 239 099 216 117 239
0002 100 211 119 235 130 190 155 217
0003 098 214 117 239 135 151 173 194
0004 096 213 115 239 135 137 158 165
0005 095 213 115 239 133 136 159 166
0006 094 215 113 239
0007 127 123 153 154 092 217 112 239
0008 118 118 144 151 093 218 112 239
0009 118 114 147 149 099 218 117 239
0010 122 112 152 146 094 220 111 239
0011 126 109 153 144
0012 129 104 157 140
0013 130 097 160 135
0014 134 097 162 128
0018 099 223 118 239
0020 099 222 119 239
0021 151 147 187 184 099 220 120 239
0022 154 169 187 203 096 219 116 239
0023 162 195 192 237 093 218 113 239
0024 169 215 194 239 093 214 111 236
0025 091 213 110 239 171 222 192 239
0026 091 214 110 239
