0000 122 209 151 239 078 207 106 235
0001 122 209 151 239 078 207 106 234
0002 123 209 151 239 078 207 106 234
0003 123 209 152 239 078 207 106 234
0004 123 209 151 239 078 207 106 234
0005 123 209 151 239 078 207 106 234
0006 120 212 148 239 078 207 106 234
0007 116 208 152 238 073 205 107 234
0008 078 207 106 233 122 196 147 227
0009 074 205 105 235 122 177 155 210
0010 078 206 106 235 127 152 162 188
0011 078 206 106 235 129 130 172 176
0012 073 205 105 235 148 107 186 161
0013 153 103 197 149 073 205 105 235
0014 159 106 206 157 073 205 105 235
0015 074 205 104 235 166 106 214 157
0016 074 204 104 235 172 113 218 161
0017 172 112 217 162 073 204 104 235
0018 173 115 217 165 073 205 104 235
0019 172 115 216 165 076 206 108 235
0020 171 116 216 165 074 204 104 235
0021 171 116 217 165 074 204 104 235
0022 172 116 217 165 074 204 104 235
0023 171 116 216 165 074 204 104 235
0024 171 114 214 164 074 204 105 235
0025 167 113 215 163 073 204 105 235
0026 159 106 200 162 073 204 105 235
0027 074 204 105 235 152 117 186 166
0028 073 204 104 235 138 144 162 178
0029 073 204 104 235 131 169 157 199
0030 128 192 157 223 077 207 106 235
0031 122 203 155 234 073 204 103 234
0032 073 204 104 235 123 208 157 237
0033 078 207 106 234 123 212 158 238
0034 078 207 106 234 123 212 158 238
0035 078 207 106 234 123 213 158 238
