0000 068 205 089 239 172 172 199 210
0001 068 204 089 239 174 173 204 212
0002 067 203 089 239 170 169 200 211
0003 068 203 089 238 168 168 194 199
0004 071 207 088 236 155 168 177 196
0005 071 208 088 237 137 179 162 217
0006 066 193 088 228 113 176 152 211
0007 094 148 133 178
0008 050 128 092 160 092 116 123 154 136 127 173 160
0009 066 080 125 117
0010 060 055 128 095
0011 098 036 137 085 066 031 116 063
0012 075 022 118 048 107 022 130 053
0013 079 016 129 043
0014 082 013 133 042 114 016 139 049
0015 088 017 141 044
0016 092 017 145 046
0017 093 020 133 042 116 016 142 047
0018 082 027 122 048 115 024 150 052
0019 065 029 108 055 133 026 175 053
0020 155 027 185 063 049 029 093 061
0021 046 030 090 067 148 030 188 065
0022 140 057 177 091 045 045 082 087
0023 119 122 153 155
0024 119 161 148 196 055 127 090 195
0025 132 191 158 236 061 201 082 235
