0003 129 208 171 239
0004 144 178 194 230
0005 151 143 206 208
0006 161 104 212 174
0007 167 075 218 152
0008 171 059 222 136
0009 174 052 224 134
0010 173 042 223 127
0011 173 040 226 119
0012 168 031 227 122
0013 171 033 224 117
0014 172 033 224 119
0015 172 034 224 118
0016 173 039 226 117
0017 175 037 227 116
0018 174 040 226 121
0019 174 042 227 118
0020 173 040 227 118
0021 173 041 226 117
0022 172 041 226 125
0023 173 041 226 120
0024 172 040 222 122
0025 163 044 203 120
0026 139 066 185 130
0027 118 089 165 146
0028 105 109 150 167
0029 099 139 142 190
0030 091 185 135 229
