0000 167 215 190 239 090 209 115 239
0001 168 214 190 239 089 211 115 239
0002 167 215 190 239 088 211 113 239
0003 167 214 190 239 086 208 112 239
0004 174 194 198 236 087 211 111 239
0005 086 211 112 239 189 160 214 211
0006 200 123 230 160 091 212 112 238
0007 211 078 242 123 085 208 110 239
0008 214 042 244 093 085 208 111 239
0009 207 033 245 069 081 204 109 238
0010 086 207 109 239 204 025 247 061
0011 084 207 108 239 209 022 250 059
0012 084 207 108 239 204 021 261 064
0013 084 209 107 239 205 027 265 067
0014 084 208 107 239 227 032 266 067
0015 084 208 107 239 228 032 267 068
0016 086 209 108 239 236 031 270 067
0017 086 209 109 239 236 031 270 068
0018 086 209 109 239 236 031 270 067
0019 087 208 111 239 236 032 270 067
0020 087 209 111 239 238 030 273 067
0021 087 207 112 239 236 031 269 067
0022 086 206 108 238 236 031 270 068
0023 086 207 108 239 236 031 270 068
0024 086 207 109 239 237 030 270 067
0025 086 208 109 236 236 029 270 067
0026 086 207 109 236 221 030 260 065
0027 213 039 242 078 086 209 111 239
0028 203 056 232 091 086 208 108 237
0029 200 077 232 113 087 209 108 237
0030 198 113 232 155 089 208 113 239
0031 190 151 224 208 088 207 110 238
0032 181 189 211 234 090 209 113 239
0033 169 205 198 239 089 210 112 239
0034 162 211 188 239 089 210 112 239
0035 166 209 189 235 089 211 113 239
0036 163 211 189 239 088 211 112 239
