0000 188 199 213 234 092 207 115 239
0001 083 208 109 239 183 197 210 233
0002 169 189 208 228 086 214 108 239
0003 089 212 112 239 159 182 197 220
0004 153 178 192 216 093 209 115 239
0005 147 169 182 207 096 211 120 239
0006 098 214 120 239 133 161 171 196
0007 094 213 118 236 122 155 156 184
0008 096 214 120 239 106 131 145 162
0009 094 212 118 239 098 121 133 149
0010 093 211 116 239 099 114 131 145
0011 091 210 116 239 096 113 131 141
0012 091 211 116 239 099 113 129 146
0013 091 211 116 239 106 133 145 166
0014 091 209 116 239 146 172 195 221
0015 087 209 114 239 224 189 257 229
0016 239 172 275 209 089 208 109 239
0017 242 166 271 199 086 208 107 239
0018 091 208 113 239 237 173 264 203
0019 233 177 256 208 092 211 112 239
0020 228 177 255 209 091 213 112 239
0021 227 183 251 216 092 209 114 234
0022 093 209 114 239 222 180 249 218
0023 220 187 244 220 094 209 117 239
0024 097 208 120 239 219 188 244 219
0025 094 207 119 235 214 190 239 224
