0000 077 216 096 237
0001 075 221 095 239
0002 060 219 085 238
0004 007 166 050 199
0005 008 144 042 180
0006 005 103 042 146 088 142 109 164
0007 005 073 050 122 062 109 087 136
0008 015 049 052 101
0009 022 035 056 088
0010 023 023 066 076
0011 034 014 067 065
0012 056 014 090 065 169 217 191 239
0013 073 035 116 073 168 218 192 239
0014 116 072 150 108 168 216 190 239 095 084 120 106
0015 106 141 151 181 166 215 186 239
0016 100 166 144 207 164 217 185 239
0017 088 179 127 219 165 215 187 239
0018 070 183 108 223 166 221 187 239
0019 059 182 090 220 166 215 193 239
0020 028 169 056 205 166 216 193 239
0021 013 153 040 181 164 215 194 236
0022 010 122 034 155 168 217 191 239
0023 007 075 036 121 169 216 193 239
0024 021 039 055 090
0025 050 029 084 064
0026 084 022 115 058 167 216 188 239
0027 113 049 163 091 165 217 187 239
0028 125 132 168 167
0029 125 144 164 181 165 218 186 239
0030 108 163 147 204 166 218 188 239
0031 084 169 113 211 168 217 192 239
0032 165 216 193 237 061 167 095 199
0033 036 144 073 185 167 224 188 239
0034 017 112 053 151
0035 016 073 053 123 052 103 089 133
0036 028 042 062 090
0037 050 026 084 067
0038 071 022 100 062
0039 110 052 157 097
0040 131 114 181 151
0041 122 159 166 199
0042 104 185 151 223
0043 094 200 123 238
0044 084 207 105 236
0045 079 205 099 236
0046 077 207 097 236
0047 076 210 097 238
0048 076 212 098 239
0049 077 215 096 238
