0000 226 189 251 227 141 181 161 220
0001 226 187 251 226 139 181 160 220
0002 226 186 251 225 131 176 155 214
0003 226 188 249 226 123 165 148 198
0004 221 183 253 227 105 139 139 171
0005 220 183 254 226 096 109 134 135
0006 221 183 255 226 106 069 133 095
0007 221 183 255 228 106 047 141 077
0008 226 188 255 230 119 033 152 067
0009 227 187 255 228 124 023 151 055
0010 226 188 254 230 124 018 159 055
0011 227 189 253 229 130 019 158 051
0012 223 184 256 228 125 020 159 056
0013 226 188 252 229 118 028 154 056
0014 223 185 255 229 118 030 154 061
0015 226 190 253 230 119 030 155 060
0016 225 188 254 231 119 022 154 056
0017 226 190 254 231 125 016 159 050
0018 226 189 253 229 123 011 158 049
0019 226 188 252 229 126 014 161 050
0020 225 188 252 231 122 012 155 047
0021 224 190 248 228 120 020 154 053
0022 226 187 251 228 122 025 155 055
0023 225 188 251 229 115 024 151 055
0024 226 189 252 230 121 025 155 057
0025 224 184 256 228 124 021 151 050
0026 221 185 255 227 128 019 152 049
0027 224 185 258 228 125 014 161 049
0028 225 187 256 228 121 015 156 054
0029 226 187 254 228 115 022 151 057
0030 225 189 253 230 118 035 150 067
0031 223 186 255 227 118 061 146 090
0032 225 187 250 227 124 110 148 137
0033 225 188 252 229 123 156 146 188
0034 222 186 254 231 133 180 152 216
0035 225 188 251 230 138 184 158 220
0036 222 193 250 228 139 185 158 219
0037 226 187 252 231 138 183 157 218
0038 226 190 253 232 138 181 159 217
0039 226 189 253 231 140 185 159 218
0040 225 188 252 232 139 187 159 223
0041 222 184 256 230 139 184 159 222
0042 223 186 255 229 140 184 158 217
0043 223 186 255 229 140 184 158 217
0044 223 185 256 229 140 183 158 216
0045 224 187 251 230 140 184 157 216
0046 225 186 251 230 139 186 157 220
