0000 086 198 130 239 172 209 211 239
0001 083 191 131 236 178 208 219 239
0002 086 197 128 239 175 211 214 239
0003 175 206 225 239 083 196 128 239
0004 178 184 233 236 085 195 127 239
0005 087 196 127 238 182 135 226 183
0006 185 065 226 127 082 191 131 236
0007 174 028 229 101 084 195 131 239
0008 175 012 235 085 084 197 128 239
0009 177 012 237 077 081 197 129 239
0010 178 010 236 077 085 193 129 237
0011 178 011 235 076 081 196 129 239
0012 179 007 237 073 080 193 129 239
0013 179 009 234 071 083 194 129 239
0014 178 005 239 075 085 193 129 239
0015 178 004 240 075 082 193 130 239
0016 177 008 238 077 079 192 129 239
0017 178 007 235 079 083 192 131 239
0018 180 004 234 074 079 191 130 239
0019 178 010 236 076 084 197 136 239
0020 180 006 231 078 080 193 130 239
0021 180 006 231 077 081 195 129 239
0022 179 010 232 080 081 194 129 239
0023 181 008 231 076 083 192 131 239
0024 176 008 231 079 080 194 131 239
0025 181 009 230 079 083 193 131 239
0026 182 004 230 079 088 195 136 239
0027 181 004 230 078 082 194 130 239
0028 180 006 231 078 081 194 131 239
0029 183 013 233 095 079 192 130 239
0030 188 039 227 110 079 192 131 239
0031 081 193 130 239 175 136 216 163
0032 165 195 215 239 080 194 131 239
0033 168 204 214 239 081 193 129 239
0034 171 201 214 239 084 194 128 239
0035 173 198 215 239 081 195 130 239
0036 171 200 217 239 078 191 125 239
0037 166 203 216 239 081 198 128 239
0038 171 201 214 239 083 195 129 239
0039 169 204 214 239 082 196 128 239
