0000 194 206 218 237 121 210 140 239
0001 195 206 219 238 118 208 138 239
0002 195 206 218 238 108 208 126 238
0003 082 206 106 234 195 205 218 238
0004 195 205 219 238 057 190 084 218
0005 195 205 219 239 035 142 075 170
0006 045 083 079 130 195 205 220 239
0007 066 059 095 107 199 207 219 235
0008 075 047 110 100 196 204 219 238
0009 084 049 111 096 195 205 219 238
0010 084 047 113 096 194 206 216 238
0011 086 046 114 097 194 206 216 238
0012 086 047 114 097 194 206 216 237
0013 084 045 113 096 198 204 219 239
0014 085 046 113 098 198 203 220 238
0015 087 046 113 098 196 206 219 237
0016 087 045 115 098 194 203 218 237
0017 087 046 114 098 194 203 218 237
0018 085 045 113 097 193 203 219 238
0019 085 048 112 103 193 203 219 238
0020 080 059 109 109 195 206 217 235
0021 193 207 216 239 080 110 107 141
0022 193 205 216 238 090 156 114 189
0023 195 204 218 238 103 185 125 219
0024 112 200 130 231 195 205 219 238
0025 195 207 218 238 117 205 140 237
0026 195 207 219 238 122 208 142 238
0027 195 207 219 238 122 206 143 235
