0003 045 196 108 237 211 167 266 210
0004 226 137 279 180 038 161 103 207
0005 034 114 098 164 240 097 283 138
0006 033 102 092 155 246 082 290 125
0007 030 101 094 146 251 078 289 120
0008 035 099 089 150 249 077 287 120 072 107 116 152
0009 053 104 130 150 235 080 283 125
0010 088 099 163 141 199 084 255 135 001 155 032 190
0011 098 098 165 139 193 085 242 135
0012 094 105 164 144 193 093 244 136
0013 097 105 166 145 204 088 249 132
0014 097 106 167 145 199 089 248 137
0015 099 105 167 146 197 088 247 140
0016 091 107 165 149 198 090 247 143
0017 192 095 249 141 094 107 162 147
0018 086 115 158 158 178 100 236 149
0019 079 170 149 224 158 154 210 206
0020 154 199 200 239 076 216 141 239
