0007 267 201 313 239
0008 252 157 299 209
0009 243 124 294 188
0010 230 110 291 170
0011 227 100 284 165
0012 219 109 276 156
0013 222 090 277 159
0014 216 081 277 162
0015 214 083 277 162
0016 213 092 272 157
0017 217 086 280 156
0018 216 093 274 157
0019 217 094 273 158
0020 216 093 273 157
0021 220 084 274 159
0022 220 085 274 160
0023 220 085 274 159
0024 217 093 273 159
0025 215 083 276 155
0026 214 083 276 155
0027 215 083 276 155
0028 223 086 276 159
0029 230 088 277 160
0030 243 128 298 182
0031 261 153 306 211
0035 188 214 210 238
