0000 099 199 137 237 184 193 215 224
0001 099 199 138 237 184 192 215 222
0002 101 198 140 237 184 192 216 224
0003 101 185 139 239 187 189 219 221
0004 105 181 143 233 186 182 223 216
0005 106 164 151 204 185 163 223 197
0006 176 152 216 183 108 152 154 190
0007 171 144 214 178 107 139 150 176
0008 164 140 210 178 102 134 137 180
0009 163 139 208 177 098 136 135 181
0010 162 139 208 179 101 135 140 179
0011 163 140 206 184 109 135 147 177
0012 163 139 201 182 106 135 147 178
0013 162 134 201 181 109 129 144 178
0014 157 133 200 175 108 127 142 180
0015 158 135 200 178 108 126 143 181
0016 158 137 200 183 112 130 146 179
0017 163 136 203 182 115 131 152 180
0018 157 133 194 181 116 130 154 177
0019 159 133 200 179 114 130 152 177
0020 160 135 201 180 111 128 143 174
0021 159 138 201 181 110 128 142 181
0022 160 136 202 184 107 131 141 183
0023 161 136 201 182 110 131 145 184
0024 157 141 199 180 115 131 149 177
0025 157 137 197 175 112 130 150 176
0026 158 136 197 177 109 127 145 180
0027 160 136 200 181 109 131 143 183
0028 161 136 199 181 109 131 145 182
0029 156 141 200 179 107 131 150 173
0030 154 139 198 175 112 132 151 176
0031 156 139 197 176 110 127 146 181
0032 160 137 198 176 108 128 145 180
0033 161 136 199 176 110 131 146 179
0034 160 140 201 176 111 135 146 179
0035 163 149 207 185 106 143 145 182
0036 172 155 216 192 104 146 149 189
0037 097 153 146 191 185 170 222 209
0038 099 153 146 185 196 180 238 227
0039 101 145 147 178 205 195 239 234
0040 205 202 242 238 105 135 148 172
0041 206 204 241 238 110 126 158 165
0042 207 204 238 237 114 126 164 160
0043 208 207 240 236 119 125 169 168
0044 207 208 241 239 120 130 167 177
0045 131 139 173 191 206 209 243 237
0046 206 212 238 239 135 145 180 194
0047 207 212 238 239 141 152 192 190
0048 207 212 240 235 140 147 202 178
0049 146 137 204 174 207 214 240 236
0050 207 215 240 236 147 125 201 158
0051 207 215 240 236 152 122 201 149
0052 202 215 238 239 145 118 197 148
0053 150 115 204 147 202 215 238 238
0054 207 215 240 236 151 118 202 149
0055 207 215 240 236 153 127 204 157
0056 207 215 240 236 160 138 205 173
0057 207 215 240 236 165 145 212 181
0058 207 215 240 237 167 152 223 183
0059 208 215 240 236 162 149 222 178
0060 206 213 241 239 166 151 220 180
0061 163 147 218 182 207 212 238 239
0062 206 207 237 239 162 147 207 181
0063 203 199 241 236 156 151 200 183
0064 199 195 229 231 144 159 188 192
0065 131 168 175 202 187 191 224 229
0066 118 176 160 212 189 189 221 223
0067 188 190 221 230 109 187 145 224
0068 103 187 137 228 186 188 220 228
0069 097 189 133 229 185 193 217 228
0070 097 191 131 231 179 200 222 226
0071 098 190 135 234 183 193 217 228
0072 098 190 135 235 185 194 216 229
0073 101 191 139 239 182 195 220 228
0074 101 193 139 239 183 195 221 228
0075 101 193 139 239 182 195 220 230
0076 101 194 138 239 183 194 215 230
0077 101 194 139 239 182 196 215 230
0078 101 194 138 239 182 196 215 230
0079 101 193 139 239 182 196 215 230
0080 101 193 139 239 182 197 215 230
0081 101 193 139 239 183 197 215 231
0082 101 193 139 239 183 196 215 230
0083 101 193 139 239 182 196 215 230
0084 101 194 134 239 183 195 214 229
0085 101 191 139 239 182 195 220 229
0086 101 192 139 239 182 195 220 229
0087 101 192 139 239 182 195 220 229
0088 101 192 139 239 182 196 220 229
0089 101 192 139 239 181 195 220 229
0090 101 192 139 239 180 195 218 228
0091 101 192 139 239 179 195 218 228
0092 101 192 139 239 179 195 218 228
0093 101 191 139 239 179 195 218 228
0094 101 191 139 239 181 195 221 230
0095 101 191 139 239 181 195 221 230
0096 101 191 139 239 184 198 216 228
0097 101 192 140 239 182 195 220 230
