0000 135 202 179 239 094 197 141 236
0001 099 196 141 239 136 198 179 239
0002 094 193 144 236 135 198 182 238
0003 095 190 143 235 139 190 185 239
0004 141 188 189 239 101 185 147 237
0005 140 181 191 236 098 187 147 239
0006 140 171 189 230 103 173 147 233
0007 142 160 191 219 094 169 149 222
0008 147 151 194 217 098 163 148 215
0009 144 147 198 204 095 158 145 208
0010 147 141 198 201 094 156 146 204
0011 092 153 146 197 145 142 199 198
0012 148 141 198 196 091 147 148 193
0013 153 134 205 193 086 142 145 189
0014 164 133 213 191 085 137 136 182
0015 168 132 219 186 081 131 134 178
0016 173 127 223 183 080 131 130 175
0017 176 132 224 185 073 132 128 181
0018 175 134 220 188 070 137 122 183
0019 172 139 218 191 076 136 129 181
0020 080 139 133 181 166 142 215 196
0021 163 139 212 191 081 138 141 180
0022 158 138 207 190 090 140 145 183
0023 155 138 207 188 089 140 147 183
0024 146 138 199 188 091 140 147 182
0025 096 136 151 179 152 136 204 188
0026 152 136 200 189 098 141 150 181
0027 152 136 200 189 099 141 150 181
0028 096 134 152 177 152 136 199 189
0029 098 137 149 180 149 132 198 186
0030 092 134 143 177 149 132 201 182
0031 160 132 209 182 087 129 137 175
0032 164 130 213 182 084 128 137 174
0033 167 130 220 185 085 129 135 174
0034 169 131 220 187 079 132 132 176
0035 168 133 218 185 080 133 131 178
0036 167 133 213 185 085 134 136 179
0037 163 131 214 187 083 136 132 178
0038 158 130 211 184 086 133 138 177
0039 152 129 200 185 087 136 139 177
0040 150 130 203 184 089 135 146 178
0041 146 130 197 185 090 135 145 177
0042 092 129 145 174 149 130 204 183
0043 093 129 146 174 150 131 203 183
0044 092 133 146 177 149 134 202 183
0045 149 133 202 184 099 133 151 178
0046 153 132 202 184 093 136 145 179
0047 152 131 199 182 102 131 151 178
0048 150 126 202 178 096 132 150 177
0049 155 125 208 177 092 128 145 170
0050 155 123 210 173 085 125 140 169
0051 160 123 215 175 081 127 133 168
0052 164 123 216 177 079 127 131 170
0053 167 124 217 177 080 129 126 170
0054 170 126 219 182 084 129 132 178
0055 081 134 130 178 168 127 216 181
0056 166 125 214 178 079 131 131 173
0057 163 131 212 183 084 135 131 178
0058 164 132 209 184 085 133 137 176
0059 154 131 208 181 086 130 139 173
0060 149 130 199 181 088 131 144 172
0061 146 129 199 181 092 131 145 170
0062 144 129 199 181 092 132 144 170
0063 150 130 203 181 096 126 148 167
0064 152 125 200 181 096 125 148 167
0065 152 126 200 180 098 131 147 170
0066 151 126 201 180 091 132 141 171
0067 097 132 146 171 145 126 199 179
0068 146 126 199 178 092 132 140 171
0069 151 125 201 178 091 132 141 171
0070 152 125 200 178 091 132 140 171
0071 151 125 201 177 095 125 148 169
0072 152 125 201 178 091 131 141 171
0073 152 125 201 177 093 130 145 174
0074 152 126 202 177 093 130 149 175
0075 089 127 143 174 147 125 202 178
0076 085 126 136 169 156 126 209 177
0077 083 124 138 170 160 125 210 178
0078 080 123 133 165 159 127 212 182
0079 165 128 214 180 081 129 129 173
0080 166 127 213 180 076 128 126 175
0081 165 128 213 180 076 129 126 177
0082 160 131 211 185 077 129 129 177
0083 158 131 206 182 085 129 133 173
0084 083 124 137 166 156 131 207 182
0085 082 125 141 164 143 122 197 177
0086 144 122 196 174 086 127 142 170
0087 089 123 146 166 148 126 204 176
0088 092 124 145 166 149 126 202 176
0089 090 126 144 169 146 125 200 175
0090 085 127 141 169 150 123 202 176
0091 087 125 143 169 143 123 201 172
0092 148 122 206 172 091 119 143 163
0093 157 122 211 170 089 118 141 163
0094 163 123 214 175 083 120 131 163
0095 173 124 218 181 075 123 120 169
0096 072 128 118 173 176 121 216 183
0097 174 126 218 182 073 130 120 179
0098 169 127 216 179 078 131 123 180
0099 165 128 211 179 076 133 129 176
0100 159 125 209 178 083 131 134 172
0101 083 125 142 166 151 124 202 175
0102 149 124 206 171 085 127 142 168
0103 149 122 205 170 094 125 147 168
0104 148 122 205 171 092 128 144 170
0105 150 122 202 173 085 129 141 169
0106 150 124 202 177 084 131 140 174
0107 085 133 137 180 154 132 209 183
0108 162 136 214 190 076 133 126 179
0109 170 135 218 194 071 133 122 177
0110 169 134 218 187 076 135 127 181
0111 074 130 127 175 165 127 214 180
0112 157 120 211 173 078 128 136 172
0113 084 130 144 174 152 119 204 172
0114 094 134 150 172 150 121 203 173
0115 152 122 200 174 094 132 151 172
0116 153 121 203 172 091 128 146 169
0117 087 124 142 165 157 117 210 168
0118 160 117 215 168 080 125 134 164
0119 168 118 215 173 080 125 133 174
0120 168 125 218 180 079 129 127 177
0121 167 124 214 177 075 131 127 179
0122 079 134 133 178 161 125 207 180
0123 086 135 138 176 152 124 200 179
0124 084 134 139 176 146 128 201 180
0125 150 127 202 180 089 131 143 172
0126 091 130 147 172 151 125 199 176
0127 091 130 145 172 143 126 192 175
0128 091 130 145 172 143 124 193 172
0129 091 130 145 172 143 124 193 172
0130 091 129 144 172 142 126 192 176
0131 091 130 144 173 142 126 192 176
0132 090 130 144 174 142 127 193 176
0133 141 127 193 176 085 132 137 175
0134 141 128 193 178 091 133 142 176
0135 089 130 142 174 148 133 200 182
0136 149 130 200 183 087 135 138 180
0137 088 141 138 183 142 132 192 184
0138 140 134 196 188 084 141 139 185
0139 143 139 197 192 092 149 139 194
0140 083 158 133 204 139 145 192 196
0141 088 164 138 216 139 157 189 210
0142 088 184 138 235 141 175 184 232
0143 131 186 185 239 085 194 136 239
0144 088 189 138 236 139 187 187 239
0145 090 189 137 239 139 188 187 239
0146 087 189 138 237 133 188 181 236
0147 089 190 139 239 132 184 188 239
0148 090 190 138 239 131 185 179 236
0149 090 189 137 239 134 187 188 238
0150 088 192 133 236 129 185 186 234
0151 088 190 135 239 126 186 188 231
0152 131 187 198 232 089 195 131 239
0153 127 188 198 227 089 194 132 239
0154 129 181 201 222 088 189 132 239
0155 086 188 135 235 133 173 202 221
0156 084 190 133 235 133 166 198 220
0157 088 191 140 239 130 159 202 212
0158 086 191 139 239 125 159 200 208
0159 086 192 138 239 124 168 206 206
0160 086 190 140 239 125 168 206 202
0161 086 190 140 239 126 166 204 199
0162 087 189 142 239 121 158 200 202
0163 086 190 139 239 124 147 198 197
0164 087 190 138 239 121 150 203 194
0165 086 191 139 239 119 153 196 185
0166 087 189 143 239 118 153 189 190
0167 087 193 137 239 114 151 205 186
0168 087 191 142 239 114 141 201 186
0169 086 190 138 239 121 136 204 183
0170 092 192 143 239 116 130 206 180
0171 087 194 142 239 118 133 201 176
0172 087 194 143 239 113 140 204 177
0173 086 189 143 239 122 142 199 182
0174 087 191 144 239 122 146 201 183
0175 087 192 143 239 129 141 207 181
0176 087 192 144 239 128 140 204 184
0177 086 192 139 239 131 138 208 183
0178 086 192 140 239 136 141 212 183
0179 086 191 140 239 140 144 212 185
0180 086 192 141 239 136 144 212 185
0181 086 192 137 239 133 144 207 190
0182 086 191 137 239 135 143 209 190
0183 085 191 136 239 138 141 209 190
0184 086 191 137 239 139 139 213 188
0185 085 190 140 236 140 143 211 189
0186 087 190 138 239 143 142 215 184
0187 085 190 143 239 142 150 210 189
0188 088 189 143 236 145 148 213 186
0189 091 191 144 239 148 141 210 186
0190 090 189 144 239 143 140 208 189
0191 090 191 145 239 143 137 208 185
0192 086 190 139 239 146 138 207 182
0193 091 191 144 239 149 142 205 181
0194 091 191 144 239 148 147 211 186
0195 091 191 142 239 148 146 206 193
0196 091 192 142 239 148 145 207 195
0197 091 191 142 239 149 150 208 198
0198 087 194 137 239 153 157 207 203
0199 083 191 134 236 149 168 206 218
0200 146 177 201 235 084 194 139 239
0201 150 190 202 239 081 195 133 236
0202 084 198 128 239 146 204 197 239
0203 085 202 129 239 155 211 197 239
0204 081 200 133 239 166 217 208 239
0205 082 200 134 239 177 221 213 239
0206 081 207 135 239
0207 081 207 134 239 184 223 221 239
0208 081 208 133 239
0209 086 204 131 239 144 214 184 239
0210 086 203 130 239 137 203 179 239
