0000 100 207 126 239 182 189 205 226
0001 183 189 206 226 100 210 119 239
0002 103 203 126 236 173 180 197 212
0003 110 183 147 218 146 125 188 156
0005 151 055 190 088
0006 145 074 180 097
0007 136 088 185 120
0008 142 051 181 082 085 083 139 124
0009 086 079 142 117 150 104 177 130
0010 138 083 183 112
0011 085 083 150 120 136 049 175 081
0012 148 099 179 126 144 071 179 095
0013 126 077 185 110
0014 139 050 177 082 082 081 133 118 115 095 165 124
0015 150 097 178 122
0016 130 079 179 109
0017 138 096 176 127 082 081 147 120 139 067 178 094
0018 085 091 154 127 152 088 192 119
0019 114 095 170 130
0020 169 159 203 196 115 136 158 165
0021 178 182 202 217 107 176 141 216
0022 106 200 132 239 183 187 206 225
0023 101 202 122 236 187 188 210 218
0024 095 202 119 239 192 191 211 222
