0007 134 201 170 239
0008 139 127 171 181
0009 144 074 178 140
0010 144 100 172 151
0011 142 151 174 191
0012 141 169 180 211
0013 141 138 178 178 154 168 178 213
0014 159 076 188 138
0015 169 095 197 143
0016 148 157 190 203
0017 147 130 178 169
0018 162 090 191 140
0019 173 094 197 137
0020 173 138 205 175
0021 153 161 186 208
0022 140 144 176 179 153 174 177 217
0023 156 106 185 150
0024 173 095 196 139
0025 166 137 202 174
0026 152 152 190 194
0027 152 118 183 160
0028 163 081 199 132
0029 168 089 205 137
0030 166 111 194 154
0031 153 160 193 208
0032 141 213 169 235
0033 144 180 181 232
