0002 142 215 180 238
0003 148 209 185 237
0004 157 197 195 236
0005 169 142 210 191
0006 173 106 213 169
0007 167 065 198 131
0008 162 050 192 118
0009 160 056 195 124
0010 162 075 196 134
0011 159 091 185 122
0012 143 057 178 117
0013 153 051 181 115
0014 166 075 201 134
0015 155 087 188 135
0016 141 062 177 123
0017 147 053 180 118
0018 164 067 195 128
0019 163 077 200 132
0020 144 070 174 120
0021 137 053 177 115
0022 150 050 182 116
0023 158 059 193 127
0024 154 070 180 117
0025 139 055 173 116
0026 137 047 176 108
0027 148 044 180 109
0028 161 060 191 122
0029 162 068 190 128
0030 145 071 176 128
0031 139 058 172 118
0032 152 053 180 114
0033 163 054 194 119
0034 161 067 194 136
0035 153 069 181 129
0036 141 062 173 126
0037 146 050 177 110
0038 152 046 185 109
0039 166 059 196 119
0040 159 062 184 123
0041 145 054 176 112
0042 146 045 176 108
0043 155 045 184 109
0044 168 062 196 123
0045 169 084 197 145
0046 162 145 198 193
0047 159 171 198 222
0048 162 196 195 239
0049 164 214 199 239
