0000 122 182 143 214 196 175 214 212
0001 124 181 145 213 195 175 215 211
0002 122 181 146 214 194 174 214 212
0003 123 184 146 215 196 173 215 210
0004 124 183 146 215 195 174 217 209
0005 123 183 146 215 194 176 212 211
0006 125 182 147 213 194 172 215 209
0007 122 182 144 215 196 173 216 210
0008 117 183 138 213 204 170 227 211
0009 110 180 131 207 214 168 241 198
0010 224 148 266 180 098 169 127 195
0011 230 125 275 151 089 136 116 161
0012 095 090 122 125 229 082 270 115
0013 107 063 132 107 215 065 251 102
0014 124 038 148 079 204 041 225 079
0015 177 033 218 067 138 032 164 067 172 027 197 056
0016 168 035 199 065 146 028 172 056
0017 147 030 201 060
0018 165 037 208 063 145 029 171 057
0019 170 037 212 065 143 033 169 060
0020 189 039 224 070 131 039 163 062
0021 124 040 153 074 204 048 226 084
0022 110 065 133 095
0023 106 085 132 119 227 089 253 120
0024 223 133 258 161 104 140 130 165
0025 211 152 250 182 105 160 133 189
0026 110 175 133 203 208 162 237 193
0027 206 170 236 207 117 179 139 210
0028 119 179 140 210 202 173 227 210
0029 204 171 232 205 117 177 140 212
0030 214 168 243 200 106 174 139 200
0031 236 146 271 174 092 157 122 184
0032 084 121 113 147 242 112 278 137
0033 093 074 114 109 231 074 276 106
0034 110 039 133 075
0035 125 025 152 065 197 031 221 065
0036 141 027 167 060 175 029 211 063
0037 176 035 212 067 144 027 168 057
0038 175 036 202 063 147 029 171 057
0039 174 035 203 065 150 029 176 057
0040 168 036 199 063 150 029 176 057
0041 173 035 203 068 150 032 176 059
0042 164 034 207 068 144 030 175 057
0043 174 036 203 071
0044 172 038 208 070
0045 181 042 210 072 139 041 164 076
0046 128 056 151 090 190 050 215 082
0047 125 064 145 098 201 063 223 105
0048 114 091 140 127 209 099 232 132
0049 211 131 239 160 109 125 132 151
0050 110 154 134 180 202 151 238 180
0051 207 169 235 193 109 168 135 200
0052 116 183 136 210 204 166 225 202
0053 118 183 138 214 206 169 225 204
0054 121 181 142 214 200 173 219 212
0055 123 183 145 214 196 174 213 207
