0003 137 214 182 239
0004 152 178 198 230
0005 179 141 211 186
0006 183 100 233 157
0007 194 076 242 143
0008 200 072 245 135
0009 200 069 248 134
0010 199 068 248 129
0011 199 063 247 126
0012 201 069 248 133
0013 200 065 247 129
0014 198 070 239 129
0015 208 081 246 128
0016 204 078 242 131
0017 204 083 243 131
0018 205 080 241 122
0019 204 078 241 123
0020 204 078 241 130
0021 203 077 240 122
0022 204 078 240 122
0023 204 078 240 123
0024 207 077 244 130
0025 208 079 243 131
0026 200 091 239 144
0027 193 126 227 178
0028 171 176 206 226
0029 156 214 193 239
