0000 221 209 244 239 140 207 160 239
0001 221 209 244 239 144 208 164 239
0002 221 209 244 238 144 205 165 236
0003 220 206 244 238 144 208 161 236
0004 220 209 243 238 131 209 151 238
0005 103 203 132 236 221 208 244 238
0006 061 178 102 210 222 208 246 238
0007 048 164 085 192 223 208 247 238
0008 032 136 077 165 224 207 249 239
0009 029 118 073 147 224 207 248 239
0010 027 109 072 138 223 207 247 239
0011 023 103 066 134 222 208 247 239
0012 027 103 072 131 222 208 247 239
0013 026 103 071 132 222 208 247 239
0014 027 104 072 135 221 207 247 239
0015 025 107 071 137 223 208 247 239
0016 024 107 072 138 224 208 248 239
0017 022 106 073 137 224 208 248 239
0018 024 110 072 141 224 208 248 239
0019 030 125 073 156 224 208 248 239
0020 045 150 090 185 223 209 248 239
0021 089 187 117 228 221 209 247 239
0022 108 200 132 237 221 209 247 239
0023 222 209 247 239 128 208 150 239
0024 224 207 248 238 139 211 162 239
0025 223 207 248 239 147 207 164 237
0026 223 208 247 239 145 209 165 239
0027 223 207 247 238 145 210 164 239
0028 222 207 246 239 145 208 164 237
0029 222 207 246 239 146 213 165 239
0030 222 207 246 239 146 207 163 238
0031 222 207 246 239 146 208 163 237
0032 222 208 245 239 145 208 163 237
0033 222 208 245 239 146 209 165 237
0034 222 208 245 239 147 210 164 237
0035 222 208 245 239 147 210 165 237
0036 222 208 245 239 147 210 166 239
