0000 256 209 297 239 155 205 194 239
0001 140 188 187 239 256 206 298 239
0002 127 161 175 216 255 208 297 239
0003 258 209 297 239 110 121 155 165
0004 254 208 298 239 101 109 138 150
0005 257 213 299 239 073 102 130 152
0006 256 212 299 239 056 103 116 154
0007 053 107 106 158 255 211 302 239
0008 257 209 301 239 056 110 105 169
0009 255 205 298 239 067 124 106 198
0010 255 205 298 239 103 136 142 205
0011 114 132 157 206 257 207 297 239
0012 255 209 300 239 133 132 190 180
0013 255 205 298 239 132 130 192 178 098 107 139 153
0014 258 211 301 239 130 128 190 180
0015 253 204 301 239 123 132 187 183
0016 256 212 301 239 118 138 170 195
0017 256 211 296 239 107 137 142 208
0018 254 211 294 239
0019 256 213 298 239 065 135 109 198
0020 054 123 107 183 254 208 300 239
0021 255 207 298 239 048 122 115 175
0022 255 209 297 239 058 119 114 175
0023 250 205 299 239 070 117 111 193
0024 252 204 300 239 087 128 123 209
0025 252 206 299 239 102 138 142 212
0026 116 137 171 194 252 210 298 239
0027 251 211 299 239 122 140 187 193
0028 249 206 300 239 130 137 188 195
0029 253 204 301 237 136 147 188 201
0030 253 206 298 239 135 150 190 213
0031 256 210 300 239 144 165 193 228
0032 150 188 201 239 251 209 301 239
0033 158 202 201 239 251 210 301 239
0034 256 210 297 239 161 208 198 239
0035 257 212 302 239
0036 256 209 303 239
0037 249 208 296 239
0038 257 211 300 239
0039 255 208 301 239
0040 255 209 300 239
0041 253 210 295 239
0042 258 207 301 239
