0002 250 198 306 239
0003 235 174 301 222
0004 231 140 284 201
0005 219 125 277 191
0006 218 112 280 188
0007 211 111 273 180
0008 211 107 272 180
0009 206 102 278 173
0010 207 096 272 175
0011 210 092 274 176
0012 211 091 272 172
0013 211 086 277 172
0014 212 089 276 166
0015 215 087 274 170
0016 219 087 276 166
0017 219 088 277 165
0018 217 088 273 170
0019 221 083 281 169
0020 219 087 277 166
0021 219 083 276 169
0022 212 080 277 164
0023 217 080 277 163
0024 215 085 272 163
0025 215 083 274 165
0026 215 084 273 162
0027 214 083 273 161
0028 214 083 275 160
0029 214 083 274 164
0030 213 081 273 163
0031 213 084 272 163
0032 212 082 272 164
0033 213 084 271 161
0034 212 081 269 167
0035 213 082 271 165
0036 213 082 270 163
0037 210 080 273 170
0038 213 084 271 162
0039 211 079 272 168
0040 215 079 272 169
0041 216 080 271 169
0042 215 079 272 169
0043 213 084 274 167
0044 214 088 270 166
0045 214 084 272 166
0046 212 094 274 177
0047 224 111 274 186
0048 237 147 290 206
0049 252 187 305 232
