0000 126 181 148 216
0001 185 189 203 218 128 185 150 221
0002 185 187 207 221 125 176 151 211
0003 188 182 210 218 130 182 153 214
0004 186 184 209 218 127 186 151 222
0005 183 187 205 218 126 187 149 223
0006 182 183 205 217 124 186 148 223
0007 184 185 206 220 124 187 145 224
0008 186 182 211 218 120 186 143 222
0009 195 180 220 217 118 185 144 219
0010 113 188 136 220 203 174 228 210
0011 098 185 122 217 214 170 251 208
0012 078 167 108 206 219 158 275 188
0013 055 157 100 192 215 150 280 186
0014 054 143 101 178
0015 052 128 103 163 243 129 289 152
0016 060 110 120 147 244 120 276 143
0017 071 106 128 144 232 112 273 133
0018 083 102 128 136 224 107 268 127
0019 214 077 255 105 104 081 137 126
0020 206 038 234 074 114 051 140 085
0021 197 027 218 066 115 035 149 074
0022 110 034 145 073 187 039 211 072
0023 108 042 144 081
0024 109 050 145 086 093 058 142 116
0025 108 048 143 086
0026 113 046 147 082
0028 198 049 220 082 113 048 145 082
0029 208 056 231 099 112 058 147 096
0030 217 085 242 123
0031 108 119 144 150 215 125 253 147
0033 203 150 240 183 118 155 144 192
0034 124 167 146 197 202 159 228 197
0035 122 175 142 209
0036 196 178 216 218
0037 190 187 211 221 116 171 151 219
0038 184 187 205 221
0039 182 187 202 221
0040 186 186 204 219 129 184 147 224
0041 126 177 148 215 186 187 204 217
