0006 130 188 171 238
0007 134 157 170 198
0008 139 129 180 155
0009 140 124 178 151
0010 138 133 180 166 175 157 204 197
0011 138 156 180 199
0012 137 185 181 233
0013 134 189 176 239
0014 133 184 171 239
0015 129 161 168 203
0016 129 144 170 173
0017 129 132 177 169
0018 133 128 175 152
0019 136 123 178 147
0020 135 134 181 172
0021 141 150 176 194 174 164 202 206
0022 140 166 175 211
0023 133 176 177 223
0024 131 177 168 218
0025 128 163 169 199
0026 134 141 178 170
0027 131 128 175 160
0028 132 119 176 151
0029 130 120 174 150
0030 133 132 169 168
0031 129 159 167 193
0032 123 194 161 239
0033 127 210 166 235
