0000 109 208 129 237 177 200 201 238
0001 109 208 129 237 177 200 201 237
0002 108 208 128 237 177 200 201 237
0003 102 205 123 236 177 202 202 238
0004 178 201 202 237 086 195 112 229
0005 178 201 202 238 079 175 102 196
0006 178 202 202 238 050 125 089 160
0007 047 074 092 128 177 200 202 236
0008 058 053 088 104 177 200 203 237
0009 060 036 096 094 178 200 203 237
0010 062 034 104 082 178 200 203 236
0011 069 034 101 079 178 200 203 236
0012 069 034 101 084 178 200 202 237
0013 069 034 101 085 178 201 203 237
0014 069 034 102 079 178 201 202 237
0015 178 200 204 236 066 032 099 079
0016 067 034 097 077 179 201 205 238
0017 061 041 096 089 180 199 205 238
0018 060 069 093 119 179 202 203 236
0019 071 137 102 178 178 202 201 236
0020 178 200 199 234 086 181 108 225
0021 178 201 202 237 097 197 116 227
0022 178 202 202 238 101 203 122 236
0023 179 201 202 236 103 205 125 239
