0000 059 181 111 230 134 110 200 140
0001 061 182 112 234 136 108 203 141
0002 062 182 114 230 129 112 201 142
0003 134 119 206 153 062 185 110 234
0004 061 186 108 234 141 119 210 156
0005 060 185 112 234 144 115 215 150
0006 059 183 107 234 162 101 230 138
0007 059 184 107 234 170 093 242 131
0008 061 183 111 234 193 067 251 102
0009 062 185 112 234 203 042 256 080
0010 062 182 107 235 211 017 261 056
0011 062 184 108 236 219 001 264 036
0012 058 185 105 236 109 055 160 112 220 000 268 020
0013 060 188 110 238
0014 058 183 109 237
0015 058 184 108 236
0016 059 183 110 232
0017 058 183 108 237
0018 059 183 109 232
0019 060 183 109 232
0020 060 183 112 233
0021 061 184 112 233
0022 058 187 105 237
0023 058 187 104 237
0024 061 190 110 238
0025 061 189 112 239
0026 056 186 110 238
0027 058 186 106 238
0028 057 185 110 238
0029 056 186 109 239
0030 056 186 110 239
0031 062 183 108 233
0032 057 184 107 236
0033 059 182 104 236
0034 061 183 110 233
0035 061 184 110 234
0036 061 183 109 233 103 049 154 110
0037 061 184 110 233 102 051 153 110
0038 061 185 110 233
0039 059 185 110 234
0040 059 186 111 235
0041 059 186 111 235
0042 059 186 111 235
0043 061 184 106 238 103 050 155 110
0044 057 187 108 238 109 057 158 110
0045 058 187 110 238 109 053 161 113
0046 058 187 110 238
0047 059 187 109 238
0048 057 184 106 232 105 059 160 115
0049 061 182 107 238 105 059 159 116
0050 059 187 110 238
0051 061 184 108 235
0052 061 183 108 234
0053 060 187 111 235
0054 060 183 111 235 207 000 260 032
0055 061 187 110 236 204 011 257 056 105 056 154 112
0056 063 190 112 237 191 055 253 092 106 059 154 111
0057 065 190 112 239 184 103 252 152 110 062 152 105
0058 067 197 115 239 171 147 228 198
0059 068 198 115 239 156 181 213 235
0060 069 200 114 239 157 201 208 239
0061 067 201 113 239 164 209 215 239
0062 068 199 115 239
0063 071 202 117 239
0064 071 204 118 239
0065 071 211 116 239
0066 073 212 116 239
0067 073 218 117 239
0068 074 217 112 237
