0007 196 212 235 239
0008 140 195 183 239 202 176 244 234
0009 204 163 241 235 148 178 197 237 016 170 036 201
0010 204 133 241 220 163 149 208 213
0011 165 126 209 189 208 120 244 212
0012 167 115 212 180 204 108 240 203
0013 201 091 239 192 167 107 210 166
0014 165 098 208 160 199 089 240 178 117 124 149 152
0015 115 125 145 153 196 088 239 165 163 094 206 153
0016 197 082 230 160 114 122 140 152 160 094 207 150
0017 193 085 237 162 117 125 143 154 159 088 205 157
0018 192 087 236 161 113 121 144 150 159 088 205 158
0019 112 125 141 151 194 084 233 168 161 090 208 155
0020 192 090 235 163 111 123 141 151 163 093 206 158
0021 112 126 140 152 194 085 234 169 163 094 206 158
0022 194 086 234 169 111 126 141 152 163 093 206 158
0023 195 087 234 170 111 126 141 152 163 093 205 158
0024 194 089 233 169 114 124 144 151 161 091 207 154
0025 114 126 142 152 194 090 235 168 162 095 206 158
0026 194 090 236 171 153 100 205 158 117 128 142 157
0027 204 097 237 185 137 109 198 166
0028 205 125 242 204 119 143 179 206 021 116 056 157
0029 202 164 240 235 089 189 157 237 008 146 043 186
0030 194 208 233 236 005 180 037 221
