0009 107 218 154 239
0011 095 197 154 234
0012 093 190 154 222
0015 077 165 150 199
0016 077 155 142 190
0017 068 151 139 183
0018 072 150 144 183
0019 084 153 149 187
0020 086 155 149 194
0021 079 159 147 190
0022 071 156 142 190
0023 075 149 144 185
0024 073 150 143 186
0025 080 153 150 191
0026 080 161 145 196
0028 077 150 143 186
0029 072 147 139 180
0030 076 145 141 177
0031 074 146 141 179
0032 077 162 147 194
0033 087 167 153 202
0034 082 159 153 199
0035 076 161 143 192
0036 075 153 148 190
0037 075 150 145 186
0038 075 156 144 194
0039 076 169 129 211
0040 090 183 133 232
0041 091 208 134 239
