0010 094 209 147 236
0011 096 199 152 232
0012 100 190 152 224
0013 093 181 148 215
0014 081 170 146 208
0015 068 170 138 205
0016 063 168 142 207
0017 064 169 137 206
0018 076 171 148 208
0019 079 181 149 213
0020 095 181 151 214
0021 097 181 150 212
0022 084 175 155 209
0023 074 164 144 202
0024 062 164 134 201
0025 062 165 132 202
0026 072 171 148 207
0027 083 179 149 208
0028 098 175 162 209
0029 101 170 167 207
0030 087 163 152 201
0031 073 161 146 201
0032 062 160 128 194
0033 062 169 134 206
0034 076 176 145 213
0035 088 181 154 212
0036 104 178 166 214
0037 086 171 156 209
0038 068 170 140 204
0039 063 172 133 207
0040 075 177 140 213
0041 090 180 159 215
0042 100 175 164 214
0043 081 168 149 206
0044 060 163 134 201
0045 057 164 129 203
0046 071 172 142 208
0047 082 171 154 211
0048 097 171 148 208
0049 088 167 141 207
0050 068 161 135 202
0051 062 164 129 204
0052 064 171 135 210
0053 078 178 144 213
0054 092 178 150 211
0055 096 172 153 212
0056 085 166 148 209
0057 069 163 139 203
0058 060 172 129 209
0059 063 188 134 226
0060 086 206 133 238 072 222 117 239
0061 111 223 152 239
