0002 179 213 208 239
0003 175 192 219 232
0004 181 169 234 209
0005 193 142 237 193
0006 197 140 241 189
0007 193 145 250 187
0008 200 141 246 182
0009 200 132 238 176
0010 188 125 240 168
0011 196 118 238 171
0012 195 121 243 182
0013 183 137 237 208
0014 171 127 233 178
0016 201 125 257 178
0017 188 125 240 187
0018 188 106 246 147
0019 196 116 250 157
0020 190 118 241 169
0021 189 105 238 145
0022 198 098 253 146
0023 206 120 258 154
0024 208 121 253 156
0025 206 117 246 162
0026 189 147 224 195
0027 175 182 216 223
0028 170 210 199 238
