0000 110 220 130 235
0001 194 211 222 239
0002 184 173 217 212
0003 177 129 203 178
0004 171 091 196 136
0005 152 071 193 115 107 221 128 239
0006 137 074 186 103 111 220 130 239
0007 132 072 182 105 110 218 128 237
0008 137 088 176 114 110 222 131 239
0009 130 105 160 150 112 216 132 239
0010 127 123 165 162 109 222 130 239
0011 111 218 131 239 125 131 165 170
0012 107 223 127 239
0013 107 222 127 239 132 127 176 156
0014 126 131 177 159 110 218 129 239
0015 131 151 182 188 110 219 128 239
0016 152 194 190 232 107 223 127 239
0017 165 214 209 239 110 220 130 239
0018 176 215 209 236 106 224 126 239
0019 172 196 211 228 106 223 126 239
0020 166 162 190 206 111 222 130 239
0021 159 124 182 174 107 223 128 239
0022 156 099 180 140
0023 109 216 128 239
0024 127 068 170 099 106 223 126 239
0025 127 076 167 111 106 223 126 239
0026 128 093 157 128 107 224 127 239
0027 127 101 159 140 110 216 130 239
0028 121 114 162 150 110 217 130 239
0029 119 118 158 156 110 218 127 237
0030 121 118 159 156 110 221 128 239
0031 124 119 163 153 107 222 127 239
0032 125 118 167 152 111 220 131 239
0033 132 131 174 167 108 222 128 239
0034 144 157 188 202 110 217 130 233
0035 170 205 212 239 110 220 128 239
0037 105 224 125 239
0038 106 224 125 239
0040 108 217 127 239
0041 109 217 128 239
