0001 043 216 069 239 174 203 198 239
0002 027 193 061 227 180 175 206 210
0003 015 135 050 172 182 110 216 164
0004 014 103 050 155 194 088 221 135
0005 018 072 051 126 189 062 215 123
0006 025 058 055 113 186 054 211 110
0007 027 054 059 112 185 056 212 113
0008 029 058 065 112
0009 033 055 064 114
0010 037 058 071 108
0011 044 057 074 112
0012 047 059 075 118
0013 047 057 081 114
0014 054 061 084 121
0015 063 060 088 117
0016 066 062 093 113 137 050 166 114
0017 067 064 093 110 138 062 159 108
0018 075 063 099 115
0019 077 062 101 113 130 060 153 102
0020 129 061 151 111 084 063 108 109 118 059 139 105
0021 112 056 149 111 091 064 114 108
0022 117 058 147 112 090 066 112 114
0023 118 059 146 112 092 065 116 116
0024 115 059 143 112 093 068 115 114
0025 114 060 142 112 097 069 119 113
0026 114 061 141 112 095 066 117 113
0027 117 059 145 108 095 069 117 109
0028 116 061 141 112 092 071 114 115
0029 112 070 149 119 082 077 110 129
0030 071 090 101 147 118 099 156 140
0031 130 154 166 202 056 124 088 177
0032 148 202 179 239 059 159 081 206
0033 059 202 080 238
