0000 145 188 202 239 061 220 111 239
0001 146 110 204 168 061 220 111 239
0002 147 078 198 134 061 220 111 239
0003 147 055 197 121 061 220 111 239
0004 147 051 197 117 061 220 111 239
0005 147 062 200 114 061 222 108 239
0006 148 055 201 109 061 220 111 239
0007 150 046 202 113 061 220 111 239
0008 147 065 199 105 061 220 111 239
0009 155 045 205 106 057 221 112 239
0010 156 048 206 106 058 221 113 239
0011 153 062 206 111 061 220 113 239
0012 153 065 202 110 063 218 107 236
0013 155 066 200 111 061 220 113 239
0014 148 094 199 145 061 220 113 239
0015 140 163 196 217 057 219 112 239
0016 139 210 206 238 061 222 109 239
0017 061 223 109 239 140 214 205 238
0018 061 223 109 239 145 215 207 238
