0013 121 216 189 239
0014 131 152 187 218
0015 137 104 187 184
0016 139 102 187 179
0017 143 106 190 185
0018 140 120 190 187 272 150 310 217
0019 134 120 189 189 252 135 294 195
0020 145 120 194 184 199 126 239 178
0021 159 118 205 167
0022 135 111 188 162
0023 126 113 183 160
0024 125 112 175 161
0025 115 113 178 163
0026 121 114 173 165
0027 114 112 169 162
0028 117 108 175 161
0029 122 113 174 164
0030 128 121 178 175
0031 132 122 183 172
0032 133 123 191 175
0033 135 124 191 175
0034 134 123 192 175
0035 134 123 191 175
0036 133 126 197 178
0037 130 126 191 180
0038 129 126 182 179
0039 131 126 186 177
0040 140 123 187 183 176 111 227 161
0041 134 126 194 186 159 103 216 152
0042 129 121 184 181 150 093 201 144
0043 123 119 183 182 147 086 190 131
0044 114 114 174 167 119 156 166 206
0045 111 109 162 163
0046 109 103 158 156
0047 110 102 153 162 121 154 160 202
0048 107 111 154 170
0049 144 082 175 134
0050 143 086 179 136 106 114 153 160
0051 144 089 188 135 109 116 149 168
0052 144 096 194 148 107 112 149 171
0053 110 112 160 166 159 109 209 156
0054 110 115 163 166 174 115 220 165
0055 115 117 173 172 181 122 226 166
0056 115 125 181 182
0057 120 121 180 179
0058 122 124 185 179
0059 119 123 181 181
0060 122 125 183 180
0061 117 124 181 180
0062 119 123 181 181
0063 120 124 179 179
0064 128 123 177 180 190 121 238 170
0065 134 123 185 185 188 116 239 164
0066 136 129 193 183 177 118 229 163
0067 145 136 198 191
0068 151 154 208 211
0069 180 192 229 239 140 170 186 224
0070 120 223 165 239
