0000 155 208 191 239 077 199 110 236
0001 078 200 109 236 161 214 188 239
0002 079 204 109 235 156 214 191 239
0003 167 202 195 238 077 200 108 236
0004 158 173 196 208 079 204 111 236
0005 078 203 109 236 163 139 198 170
0006 079 203 114 239 156 119 192 155
0007 077 204 109 236 155 106 191 145
0008 078 204 110 235 162 097 190 137
0009 080 205 107 234 164 086 198 128
0010 167 094 206 141 081 199 105 232
0011 165 092 202 138 082 206 113 238
0012 165 092 202 140 080 200 111 235
0013 165 093 202 142 080 203 110 237
0014 165 094 205 143 079 203 112 237
0015 166 095 205 142 077 202 115 239
0016 168 095 202 137 079 202 112 236
0017 163 093 205 142 079 202 113 236
0018 079 201 113 237 163 107 203 146
0019 079 200 111 236 163 133 202 180
0020 164 191 194 239 082 207 107 237
0021 078 203 109 235 163 207 196 239
0022 078 203 109 235 165 217 190 239
0023 080 204 118 238 165 216 188 239
0024 159 215 193 239 078 200 111 236
0025 085 203 121 239 169 216 194 239
0026 165 216 198 239 082 200 117 238
0027 169 215 195 239 082 202 119 238
0028 083 205 114 238 166 219 188 239
