0000 117 200 155 239
0002 138 199 177 239
0003 143 200 180 239
0005 039 222 086 239
0006 042 221 088 239
0007 046 212 087 239 136 203 180 239
0008 131 203 171 239 046 190 087 229
0009 135 158 176 196 045 148 084 184
0010 051 088 094 146 135 103 165 142
0011 113 054 155 108 057 054 100 109
0012 113 037 152 091 064 042 093 104
0013 115 036 145 096
0014 112 037 147 092
0017 111 036 148 090
0018 120 027 157 085 058 034 096 096
0019 039 036 086 099 142 023 179 088
0020 026 037 069 106 151 028 191 088
0021 022 035 073 102 155 029 194 093
0022 024 040 073 103 157 029 193 090
0023 027 036 070 109 156 029 197 089
0024 028 035 071 109 154 032 194 091
0025 027 038 070 108 150 031 192 089
0026 023 043 074 107 151 039 191 096
0027 034 067 073 127 153 057 190 111
0028 036 102 075 148 149 089 189 134
0029 137 164 180 204 035 181 082 232
0030 129 203 173 239 037 210 085 239
0031 039 222 084 239 125 218 166 239
0032 136 204 178 239 038 222 078 239
0033 136 204 177 238
0034 138 202 178 239
0035 137 201 179 239
