0000 189 153 230 190 107 218 158 239
0001 191 154 228 194
0002 185 155 228 195
0003 189 154 229 196
0004 188 150 231 190 113 215 155 239
0005 187 156 231 195
0006 189 153 232 191
0007 190 156 231 194 114 216 155 239
0008 194 152 237 195 115 216 154 239
0009 196 151 232 190 110 217 156 239
0010 190 155 231 192 112 197 160 239
0011 196 152 238 194 109 148 158 193
0012 195 153 233 194 111 101 154 137
0013 108 044 167 095 192 157 233 198
0014 191 154 233 192 115 029 172 079
0015 194 154 232 195 114 025 174 072
0016 191 155 231 192 118 020 175 069
0017 110 019 178 069 192 157 232 194
0018 114 020 174 069 198 157 231 194
0019 191 154 234 193 114 021 173 070
0020 191 158 233 196 111 020 171 070
0021 112 020 169 066 190 156 233 197
0022 115 021 173 069 190 156 231 194
0023 192 158 233 197 110 025 167 067
0024 196 157 230 195 114 023 170 072
0025 195 155 236 191 109 027 167 076
0026 189 155 233 191 110 074 164 117
0027 119 137 171 190 195 156 236 192
0028 128 185 173 239 189 157 233 195
0029 196 156 236 191 119 207 167 239
0030 191 157 233 193 117 215 166 239
0031 191 155 233 193
0032 193 154 229 192
0033 189 156 227 200 112 217 156 239
0034 188 154 229 198 117 214 158 239
0035 186 159 232 196
