0005 077 198 121 238
0006 214 177 253 239 081 176 128 239
0007 087 128 131 220 194 128 232 218
0008 173 107 218 190 100 100 142 191
0009 120 093 155 183 164 088 200 166
0010 120 097 157 181 161 087 203 160
0011 127 102 161 200 146 110 179 196
0012 119 116 154 205 157 115 196 190 140 128 172 214
0013 116 123 158 199 161 126 201 206
0014 115 126 158 197 163 128 209 203
0015 122 122 156 223 157 127 201 206
0016 115 121 158 201 158 116 193 210
0017 126 123 160 217 157 114 194 209
0018 157 121 196 201 116 120 159 210
0019 160 122 194 211 116 120 156 200
0020 126 123 160 221 156 118 193 211
0021 128 116 160 225 158 115 192 207 105 118 152 174
0022 124 116 156 219 156 121 189 220
0023 157 125 197 204 109 117 154 187 134 136 179 219
0024 076 153 119 227 185 157 230 232
0025 048 191 095 239 216 189 266 239
