0000 109 191 132 228 180 192 201 224
0001 110 188 129 223 183 193 203 228
0002 111 195 129 225 188 186 222 227
0003 108 187 130 223
0004 104 187 127 224 262 134 287 152
0005 268 119 294 137 105 187 126 223
0006 100 186 124 225 262 113 299 131
0007 105 188 125 223 255 134 294 157
0008 107 192 128 227 233 160 274 190
0009 109 191 130 227 227 176 265 215
0010 108 189 128 225 229 164 268 199
0011 108 189 128 225
0012 107 189 127 225 280 108 306 126
0013 108 191 129 226 275 092 308 112
0014 108 193 130 228 279 089 304 110
0015 110 193 131 227 274 106 299 127
0016 112 197 132 226
0017 110 191 132 225 229 170 269 205
0018 111 191 132 225 219 183 246 216
0019 110 190 131 224 219 161 272 198
0020 107 190 128 229
0021 110 190 131 227 259 112 297 132
0022 109 194 131 229 262 084 300 108
0023 110 193 131 229 267 078 304 100
0024 262 087 301 111 106 188 129 229
0025 108 189 130 229 253 120 291 143
0026 111 193 132 228
0027 108 189 130 228 206 182 240 221
0028 111 192 132 228 187 187 207 223
0029 109 192 131 228
0030 109 192 130 228
