0000 083 215 123 239
0001 082 221 128 239
0002 082 218 128 239
0003 082 218 128 239
0004 081 218 126 239 178 214 212 239
0005 082 218 129 239 177 210 219 239
0006 082 218 130 239
0007 082 218 130 239
0008 080 216 126 239 178 209 213 239
0009 081 220 129 239 182 212 219 238
0010 082 218 129 239 221 207 249 235
0011 081 219 128 239 242 187 279 232
0012 254 159 290 209 081 215 125 239
0013 259 133 300 193 081 218 127 239
0014 265 104 303 164 080 216 128 239
0015 263 087 302 144 081 218 127 239
0016 264 067 303 127 080 215 127 239
0017 264 065 304 125 081 218 122 239
0018 256 063 302 118 080 217 128 239
0019 259 058 301 119 081 220 127 239
0020 258 060 301 120 080 218 128 239
0021 263 060 303 119 081 221 127 239
0022 259 058 300 120 081 220 127 239
0023 263 066 304 122 081 216 127 239
0024 256 063 302 116 078 216 123 239
0025 260 058 300 119 083 214 124 239
0026 261 065 307 122 081 218 127 239
0027 262 072 305 130 082 215 126 239
0028 261 089 305 147 082 219 129 239
0029 261 111 308 162 081 218 126 239
0030 254 141 300 184 081 217 127 239
0031 243 173 283 214 081 217 126 239
0032 083 220 127 239 223 195 262 235
0033 197 211 240 239 083 218 128 239
0034 083 220 125 239 185 213 223 239
0035 083 220 126 239 185 210 222 239
0036 080 215 127 239
