0000 105 194 124 225 188 193 209 227
0001 109 185 129 218 186 185 207 222
0002 108 170 129 203 189 163 209 197
0003 183 129 218 165 105 145 129 173
0004 180 110 214 146 105 126 134 154
0005 106 108 141 139 186 096 214 138
0006 108 097 147 134 183 096 219 138
0007 108 098 145 137 182 093 215 134
0008 111 100 140 133 175 100 216 140
0009 110 094 149 131 174 100 214 140
0010 112 100 148 136 176 099 213 140
0011 109 101 147 136 181 104 214 143
0012 105 107 144 143 182 109 211 144
0013 181 121 217 154 105 123 139 158
0014 183 154 218 188 099 148 133 180
0015 100 168 123 202 190 172 213 206
0016 104 180 126 215 188 189 208 221
