0000 173 203 196 237 092 203 114 236
0001 177 205 200 239 091 202 117 239
0002 175 201 199 238 091 205 113 239
0003 174 207 194 235 090 201 111 236
0004 150 201 180 235 089 202 114 238
0005 135 173 174 203 091 202 110 234
0006 092 204 110 236 125 138 177 163
0007 120 076 160 121 093 201 113 236
0008 092 198 113 234 132 057 167 104
0009 092 202 111 232 129 050 164 087
0010 129 053 163 090 092 202 113 237
0011 093 201 112 234 130 054 164 091
0012 095 201 116 234 129 055 164 088
0013 096 201 116 235 131 052 163 092
0014 093 206 113 236 132 053 163 092
0015 094 203 114 235 127 054 165 086
0016 094 205 116 239 130 058 165 098
0017 094 205 117 239 130 074 160 114
0018 091 201 117 239 126 135 180 163
0019 156 202 184 237 096 203 116 232
0020 176 212 198 239 093 203 114 239
0021 174 204 193 236 093 203 114 239
0022 175 200 195 235 094 205 114 238
0023 093 202 117 239 175 201 193 234
