0000 069 196 094 233 169 207 201 237
0001 176 206 198 239 069 198 094 234
0002 070 200 093 234 176 207 198 238
0003 070 198 095 236 176 206 198 238
0004 070 198 095 234 176 206 198 238
0005 069 199 094 235 176 207 201 239
0006 185 206 208 239 065 198 098 234
0007 067 198 093 233 196 197 226 234
0008 068 197 094 234 154 144 188 186 194 162 239 207
0009 064 194 096 232 153 151 184 190 187 120 247 156
0010 187 040 216 086 062 198 095 234
0011 071 201 094 235 159 031 186 076
0012 068 200 093 235 146 043 181 082
0013 065 198 096 235 141 049 179 090
0014 062 197 097 234 146 052 174 102
0015 071 196 097 236
0016 063 199 098 234 141 051 184 107
0017 070 198 097 235 145 051 174 099
0018 064 200 095 234 144 049 179 107
0019 067 199 097 235
0020 147 052 179 094 071 200 096 234
0021 149 055 184 096 071 199 094 234
0022 067 198 097 235 167 089 200 135
0023 067 201 092 237 179 145 214 180
0024 189 193 214 228 068 199 094 235
0025 069 201 095 236 180 203 202 239
0026 176 203 199 238 069 197 100 236
0027 175 202 199 238 066 200 099 235
0028 068 201 095 236 179 202 201 239
0029 070 197 100 236 176 207 199 239
