0000 104 208 129 238 189 194 209 230
0001 106 207 131 239 186 196 210 236
0002 106 189 142 231 205 193 225 232
0003 191 145 225 179 128 144 169 176
0004 135 077 178 118 172 068 205 105
0005 171 056 206 091 116 048 155 090
0006 158 067 196 127 120 060 157 097
0007 170 062 196 100 115 060 154 095
0008 158 065 196 128 120 058 150 095 172 058 199 094
0009 158 062 197 129 119 057 152 096
0010 119 059 152 097 157 061 196 129
0011 157 062 198 129 118 057 151 096
0012 115 058 155 095 165 061 195 101
0013 129 061 164 098 149 060 188 133
0014 139 074 180 118
0015 123 106 163 149 173 145 211 181
0016 191 169 225 213 107 156 139 189
0017 104 183 129 218 195 193 216 228
0018 099 196 129 235 195 193 215 229
0019 194 194 216 229 105 209 129 239
0020 108 211 132 239 191 193 217 231
0021 111 208 137 239 188 197 211 230
0022 111 209 139 239 188 198 207 229
0023 106 211 134 239 188 198 208 230
0024 189 195 212 232 109 205 135 235
