0004 118 217 160 239
0005 120 190 154 238
0006 114 184 157 236
0007 116 179 153 239
0008 115 175 153 239
0009 117 180 153 239
0010 116 181 153 239
0011 115 177 149 233
0012 109 155 153 221
0013 118 127 156 207
0014 118 099 158 179
0015 118 087 164 173
0016 118 083 163 172
0017 114 079 163 170
0018 116 079 162 173
0019 118 085 161 174
0020 117 080 162 170
0021 115 077 163 168
0022 116 080 162 169
0023 117 080 163 171
0024 119 079 161 171
0025 116 080 165 171
0026 120 088 164 176
0027 115 080 163 171
0028 117 090 163 178
0029 119 093 161 178
0030 118 103 159 175
0031 114 134 157 202
0032 115 167 158 225
0033 117 208 164 238
