0007 125 218 180 239
0008 137 166 167 228
0009 137 127 174 209
0010 133 111 171 196
0011 133 099 176 185
0012 131 091 169 184
0013 128 085 172 175
0014 127 083 165 172
0015 124 077 163 174
0016 124 079 169 169
0017 124 071 168 164
0018 124 074 177 165
0019 120 072 170 163
0020 121 074 170 155
0021 115 067 164 148
0022 113 073 167 150
0023 113 074 167 150
0024 115 066 163 156
0025 113 069 164 158
0026 115 068 163 159
0027 115 069 162 158
0028 111 067 154 161
0029 111 068 154 159
0030 113 069 160 154
0031 114 073 160 156
0032 114 073 161 152
0033 110 085 160 163
0034 120 140 167 201
