0000 195 210 224 239 108 155 130 185
0001 188 207 217 239 109 154 132 183
0002 171 190 212 231 105 156 130 183
0003 154 120 196 154 106 150 138 180
0004 111 151 138 177 151 097 192 133
0005 111 150 142 178 152 091 194 131
0006 111 150 143 177 150 094 189 126
0007 109 146 141 177 149 094 189 126
0008 118 150 140 176 150 095 190 127
0009 149 095 190 128 115 150 147 181
0010 112 151 138 179 141 100 182 135
0011 113 151 140 178 144 159 190 188
0012 161 194 196 235 111 150 138 177
0013 170 211 209 239 106 147 139 180
