0011 178 201 216 239
0012 197 199 235 239
0013 204 196 243 239
0014 213 150 247 222
0015 204 120 243 203
0016 202 106 236 175
0017 193 082 232 160
0018 193 081 234 152
0019 191 072 233 147
0020 189 071 227 139
0021 189 068 228 137
0022 188 073 227 140
0023 188 075 226 145
0024 186 080 220 144
0025 188 083 224 148
0026 184 078 221 151
0027 185 081 219 146
0028 187 081 225 151
0029 185 076 228 153
0030 184 074 227 150
0031 189 082 223 146
0032 184 079 222 149
0033 183 078 223 152
0034 188 082 223 149
0035 185 081 219 145
0036 188 080 223 152
0037 187 081 222 149
0038 182 076 221 150
0039 183 075 223 152
0040 180 107 210 163
0041 160 149 194 206 152 092 192 160
