0000 082 210 117 239 161 207 194 239
0001 082 211 118 239 164 214 191 239
0002 082 211 117 239 161 209 187 238
0003 082 211 117 239 156 208 190 239
0004 082 211 117 239 160 214 189 239
0005 091 208 114 235 160 207 193 239
0006 088 207 113 239 159 208 195 239
0007 079 186 103 218 184 182 209 221
0008 067 150 106 180 188 133 224 172
0009 067 091 093 130 187 085 222 127
0010 070 059 096 101 172 056 217 096
0011 150 015 194 054 074 021 101 071
0012 074 011 111 058 133 012 195 046
0013 132 017 201 051 087 012 113 055
0014 114 013 151 052
0015 095 016 159 052
0016 103 018 133 051
0017 094 018 133 057 147 018 195 054
0018 096 014 133 056 142 022 192 056
0019 102 015 134 054 149 025 195 058
0020 098 018 128 054 149 026 195 057
0021 099 019 127 051 148 026 195 058
0022 103 019 133 055
0023 103 019 132 054
0024 101 018 133 053
0025 098 020 127 051
0026 099 021 128 053
0027 089 011 127 052 145 013 191 051
0028 092 015 120 054 126 019 190 053
0029 076 022 112 084
0030 159 079 205 113 071 079 108 124
0031 171 136 210 173 069 138 104 170
0032 081 177 105 212 180 179 206 224
0033 079 197 112 234 175 199 199 236
0034 163 215 190 239 089 211 121 239
0035 083 210 119 239 160 208 195 239
0036 088 209 113 237 162 210 189 239
0037 082 203 117 239 166 216 188 239
0038 164 212 185 239 082 213 117 239
