0000 145 206 181 238 244 194 285 238
0001 143 200 187 236 246 184 289 232
0002 142 194 181 239 245 174 289 226
0003 146 183 181 239 244 175 289 217
0004 235 162 282 208 145 165 184 228
0005 225 145 275 190 141 148 184 199
0006 203 124 261 168 143 127 181 163
0007 197 116 258 155 139 112 182 154
0008 184 107 248 143 147 105 178 130 110 108 161 169
0009 188 105 253 139 106 104 155 161
0010 195 105 260 140
0011 196 105 262 143
0012 203 102 288 139 128 105 170 144
0014 095 096 142 137 261 100 313 157
0015 073 084 127 120 247 103 307 143
0016 058 083 118 115 262 104 312 134
0017 272 118 314 157 049 078 109 110 276 096 311 136
0018 045 076 103 105
0019 052 078 113 110
0020 053 086 112 122 271 111 316 155
0021 089 105 131 151 274 111 313 157
0022 112 132 154 181 264 107 315 156
0023 255 099 305 145 127 143 182 182
0024 222 083 296 128 143 152 211 183
0025 215 081 283 123 154 143 225 181
0026 161 146 230 181 206 071 281 111
0027 189 076 244 111 173 141 222 178
0028 175 079 235 114 159 142 224 176
0029 165 144 224 176 178 077 231 115
0030 161 144 223 175 170 069 231 109
0031 162 143 223 176 179 067 226 095
0032 178 065 226 098 162 139 222 176
0033 160 141 228 172 181 068 229 103
0034 161 139 225 172 174 071 223 107
0035 158 139 222 172 172 084 230 116
0036 159 138 221 172 171 091 228 124
0037 174 098 221 133 159 142 223 172 225 071 280 123
0038 169 102 222 139 159 143 222 173
0039 170 108 221 147
0040 171 109 217 149 233 068 284 129
0041 171 114 220 161
0042 170 116 229 158
0043 171 116 220 163
0044 168 118 219 158
0045 175 111 218 158
0046 176 100 223 135 167 148 234 178
0047 187 067 230 103 156 151 230 179
0048 188 061 240 096 154 149 219 179
0049 193 052 249 095 167 149 218 183
0050 191 057 246 098 159 150 229 180
0051 187 067 240 101 156 147 229 179
0052 185 086 231 124 166 144 231 177
0053 182 102 229 139 171 150 233 179
0054 179 116 223 156
0055 178 122 228 161
0056 182 122 225 164
0057 182 122 222 166
0058 184 120 228 161 163 148 235 183
0059 192 123 236 167 155 160 206 199
0060 211 151 260 195 141 173 189 221
0061 233 184 279 237 134 186 179 234
0062 123 197 154 239 260 203 303 239
0063 268 203 304 239 124 202 156 233
0064 117 206 155 239
0065 130 211 157 239
