0002 120 205 154 239
0003 121 178 169 233
0004 138 149 188 198
0005 139 125 203 168
0006 137 110 206 156
0007 144 103 208 147
0008 141 095 211 142
0009 144 097 207 144
0010 146 097 208 143
0011 146 097 208 143
0012 146 097 210 143
0013 143 099 208 144
0014 144 100 212 147
0015 145 097 206 145
0016 144 100 209 145
0017 145 098 207 143
0018 142 102 195 148
0019 141 119 173 160
0020 135 143 165 180
0021 125 157 159 196
0022 113 170 153 217
0023 114 190 143 234
0024 108 208 138 239
0025 102 210 142 239
