0000 105 197 125 230 176 200 202 238
0001 102 192 124 228 178 200 203 236
0002 162 196 196 234 105 187 129 221
0003 148 166 183 200 112 165 146 198
0004 120 123 183 160
0005 116 085 174 115 124 095 161 144
0006 120 093 157 140 119 074 167 095
0007 126 073 154 128 120 058 175 083
0008 126 071 161 126 123 060 170 083
0009 121 075 158 127 119 056 177 081
0010 127 075 153 126 122 062 165 082
0011 127 077 160 125 126 064 170 083
0012 125 076 167 097 126 092 160 132
0013 126 113 189 145
0014 117 145 154 172 152 147 188 188
0015 178 201 201 236 111 171 134 210
0016 182 212 206 239 106 187 125 223
0017 180 208 206 239 102 200 124 230
0018 180 205 201 238 101 196 123 231
