0000 091 202 122 239 176 185 196 221
0001 091 207 122 236 174 189 196 227
0002 090 207 122 236 175 185 197 224
0003 090 201 121 239 184 164 211 201
0004 089 201 120 238 185 108 220 148
0005 090 202 122 238 177 030 215 077
0006 093 204 118 239 190 009 227 052
0007 094 206 119 239 208 005 238 041
0008 092 205 117 238 226 010 255 037
0009 093 204 118 237 225 005 256 043
0010 093 205 118 238 225 005 255 044
0011 093 206 117 238 224 005 255 045
0012 091 200 114 234 225 005 256 044
0013 093 201 115 234 220 007 253 045
0014 093 205 117 238 224 006 254 041
0015 089 204 115 237 203 009 236 056
0016 094 203 115 234 177 054 215 089
0017 090 202 119 239 165 138 203 175
0018 094 201 120 238 170 182 194 223
0019 089 201 119 238 172 183 206 222
0020 093 203 116 235 181 192 202 229
0021 091 201 120 238 182 189 206 230
0022 093 206 117 239 180 191 200 224
0023 094 205 118 239 173 194 195 228
0024 094 206 118 239 171 192 195 232
0025 094 206 118 239 175 194 197 227
