0000 196 222 237 239
0001 199 220 242 239
0002 199 220 242 239
0003 196 221 238 239
0004 196 220 240 239
0005 121 210 170 239 196 221 244 239
0006 123 193 177 239 195 221 243 239
0007 133 157 180 212 196 223 243 239
0008 136 120 179 183 196 223 243 239
0009 125 089 166 164 196 218 242 239
0010 113 083 153 154 196 220 244 239
0011 089 082 135 138 196 220 244 239
0012 069 080 122 133 196 220 240 239
0013 062 082 114 136 197 220 240 239
0014 059 084 112 134 196 223 242 239
0015 058 083 108 133 196 223 242 239
0016 060 080 108 132 197 223 242 239
0017 058 082 105 136 197 223 242 239
0018 060 083 113 135 198 222 238 238
0019 059 087 110 141 197 223 242 239
0020 062 091 102 143 197 223 242 239
0021 062 089 105 145 197 223 242 239
0022 063 078 105 143 196 219 241 239
0023 065 071 105 133 195 223 242 239
0024 067 062 115 116 199 222 238 238
0025 090 055 132 113 199 222 240 238
0026 102 054 152 107 198 222 240 238
0027 197 223 243 239 138 061 195 107
0028 150 068 207 117 197 221 243 239
0029 154 073 219 119 197 221 243 239
0030 160 073 212 127 198 218 247 239
0031 159 073 216 123 198 218 247 239
0032 152 077 217 124 198 218 247 239
0033 152 076 211 125 195 223 246 239
0034 138 101 186 153 195 223 246 239
0035 134 128 178 179 198 218 247 239
0036 127 165 175 214 198 222 238 238
0037 124 198 171 238 199 222 243 239
0038 123 206 172 239 197 224 242 239
0039 124 220 171 239 194 220 240 239
0040 195 221 239 239
0041 195 220 239 239
0042 195 221 239 239
0043 195 221 239 239
0044 195 221 239 239
0045 195 221 238 239
0046 195 220 237 239
0047 195 220 237 239
