0008 127 221 157 239
0009 128 212 162 235
0010 126 202 167 239
0011 124 199 168 239
0012 131 173 167 234
0013 132 155 169 219
0014 140 149 174 215
0015 145 136 174 204
0016 144 126 176 201
0017 143 115 174 185
0018 141 111 178 183
0019 136 110 178 181
0020 138 105 179 181
0021 147 106 177 171
0022 148 101 179 175
0023 147 100 179 173
0024 149 098 180 169
0025 149 097 181 171
0026 149 098 181 171
0027 150 096 185 172
0028 150 090 187 171
0029 152 097 189 171
0030 153 093 192 172
0031 153 093 189 169
0032 152 091 191 167
0033 152 092 191 166
0034 154 094 191 170
0035 153 095 192 165
0036 153 097 191 164
0037 153 097 195 164
0038 152 095 191 167
0039 153 094 194 167
0040 152 093 191 164
0041 151 090 194 170
0042 152 088 190 166
0043 152 088 190 165
0044 153 088 190 167
0045 153 090 191 166
0046 153 088 190 166
0047 153 089 190 167
0048 154 086 191 167
0049 155 086 190 166
0050 154 086 190 170
0051 153 087 190 170
0052 154 087 189 170
0053 153 092 188 168
0054 153 087 189 171
0055 154 088 189 169
0056 154 088 188 168
0057 154 092 188 169
0058 153 091 189 172
0059 156 087 188 169
0060 158 091 189 169
0061 158 091 189 170
0062 158 089 189 166
0063 158 092 189 169
0064 158 089 189 166
0065 157 088 189 166
0066 156 094 188 173
0067 156 093 189 171
0068 155 095 188 170
0069 154 097 188 174
0070 149 107 186 181
0071 146 148 180 204
0072 129 194 174 237
