0006 121 218 166 237
0007 113 198 176 235
0008 125 153 183 202
0009 138 120 185 169
0010 139 100 187 152
0011 144 081 187 127
0012 149 071 190 120
0013 151 062 191 110
0014 150 056 189 105
0015 148 057 188 104
0016 147 056 186 105
0017 144 060 185 104
0018 147 057 186 105
0019 145 057 186 105
0020 146 059 186 105
0021 148 060 182 103
0022 148 058 182 103
0023 144 063 186 110
0024 139 073 185 127
0025 124 098 176 152
0026 108 144 174 188
0027 105 176 164 227
0028 098 207 160 237
0029 117 224 156 239
