0005 051 204 103 239
0006 038 178 097 226
0007 029 142 089 182
0008 035 120 096 165
0009 038 117 106 164
0010 048 112 109 160
0011 054 110 123 159
0012 053 111 117 154
0013 057 108 121 159 287 178 313 226
0014 051 110 124 159 267 139 310 192
0015 060 112 125 161 235 107 287 167
0016 062 110 119 158 212 095 275 134
0017 065 114 129 162 209 087 271 123
0018 060 116 129 162 182 097 245 136
0019 064 112 128 161 167 104 206 133 185 110 244 150
0020 064 111 125 159 169 120 237 151
0021 066 110 130 158 173 125 234 164
0022 067 113 129 159 171 128 232 169
0023 071 112 131 161 174 126 230 163
0024 071 113 134 160 168 133 217 164
0025 073 111 134 161 154 131 226 167
0026 069 111 136 161 131 119 204 154
0027 072 111 130 160 126 106 192 139
0028 076 113 128 162 129 093 192 127
0029 076 109 131 157 133 089 189 129
0030 075 107 136 157 144 088 198 117
0031 079 109 130 162 147 088 199 122
0032 077 112 134 160 132 098 186 136
0033 071 108 129 156 129 107 193 143
0034 075 107 130 159
0035 076 106 131 154
0036 075 107 130 150
0037 077 106 134 147
0038 076 099 140 143
0039 102 097 159 135
0040 112 094 167 133 084 097 144 145
0041 117 094 193 137 085 093 149 144
0042 113 095 178 136
0043 090 090 156 142
0044 087 093 150 149
0045 081 097 153 147
0046 086 095 155 144
0047 085 094 152 143
0048 083 097 148 137
0049 096 096 155 146
0050 123 104 154 156
0051 116 099 144 138 128 135 171 176
0052 110 109 143 154 155 149 198 191
0053 174 171 237 216 107 126 142 169
0054 224 207 268 239 102 163 133 199
0055 090 201 128 239
