0007 152 216 182 239
0008 143 213 178 239
0009 161 180 208 239 090 202 144 239
0010 156 131 207 204 102 169 154 221
0011 162 098 213 163 119 139 169 195 029 209 055 239
0012 160 074 218 141 120 125 173 178
0013 163 060 225 135
0014 164 052 224 117
0015 165 046 230 120
0016 167 049 230 109
0017 163 047 228 113
0018 161 048 226 111
0019 159 050 228 113
0020 162 046 222 113
0021 164 045 222 108
0022 161 043 216 110
0023 164 047 221 108
0024 164 043 228 118
0025 164 051 224 111
0026 154 051 220 118
0027 147 067 196 127 110 103 166 160
0028 141 081 178 142 108 118 152 174
0029 138 096 176 156 094 131 142 183
0030 126 132 168 186 065 156 116 208
0031 046 190 094 239 115 175 150 230
0032 090 209 137 239 038 220 083 239
0033 106 223 141 239
