0000 180 187 203 226 104 197 122 227
0001 103 195 123 229 172 172 196 210
0002 103 194 122 226 167 161 203 203
0003 101 194 121 228 184 139 219 179
0004 102 192 121 228 205 141 236 191
0005 103 195 121 224 201 141 229 185
0006 101 191 120 225 189 133 216 175
0007 188 125 215 164 104 194 122 222
0008 194 118 229 165 100 192 119 225
0009 100 194 119 225 193 127 230 178
0010 103 192 124 223 183 130 212 175
0011 101 194 120 226 183 120 221 161
0012 100 192 121 224 190 122 223 168
0013 103 193 124 225 191 136 225 185
0014 101 195 121 229 188 162 213 201
0015 101 191 121 229 183 178 211 222
0016 175 202 204 239 100 192 120 228
