0010 194 206 244 239 097 208 128 239
0011 187 185 240 235 094 193 138 239
0012 101 155 141 228 170 163 225 214
0013 108 141 148 206 165 152 213 202
0014 111 136 152 197 160 141 212 190
0015 114 133 153 194 153 143 200 194
0016 115 131 154 192 149 140 203 195
0017 153 139 199 196 115 134 154 193
0018 149 139 200 194 115 133 154 193
0019 151 141 202 196 114 129 153 193
0020 151 141 202 196 118 132 153 197
0021 151 144 203 199 113 129 152 195
0022 155 145 209 200 106 129 144 189
0023 169 144 216 199 090 130 131 188
0024 174 147 227 203 080 126 122 185
0025 182 145 234 201 072 119 113 179
0026 070 121 110 175 189 146 235 201
0027 066 121 106 176 190 146 235 203
0028 187 144 234 202 066 119 106 172
0029 184 147 229 207 067 119 107 170
0030 187 151 232 213 070 119 110 178
0031 072 126 115 176 182 153 231 208
0032 077 148 121 194 178 172 229 224
0033 085 176 127 226 185 200 237 239
0034 091 194 132 239 192 216 240 239
0035 100 214 137 237
0036 106 222 133 239
