0000 149 214 168 239
0001 150 214 170 239
0002 150 214 170 239
0003 150 214 169 239
0004 150 214 169 239
0005 150 213 169 239
0006 150 213 169 239
0007 145 215 168 239
0008 139 215 166 239
0009 140 213 170 236
0010 147 205 183 238
0011 177 178 232 232
0012 213 156 275 201 154 213 201 239
0013 141 203 183 237 241 156 302 196
0014 134 195 178 233 251 159 295 200
0015 130 194 176 233 251 164 294 206
0016 134 195 176 234 246 168 295 210
0017 135 194 178 234 244 167 295 210
0018 134 196 177 235 246 168 293 207
0019 133 196 177 235 245 164 294 205
0020 132 194 176 236 244 163 293 204
0021 132 195 175 235 243 164 293 208
0022 131 195 175 235 246 167 292 208
0023 132 195 175 236 244 159 292 202
0024 134 200 175 236 246 160 292 204 194 145 229 184
0025 131 202 176 237 247 164 296 208 194 148 226 184
0026 134 199 177 237 250 159 296 200 194 147 226 183
0027 137 203 182 239 241 156 291 195
0028 154 207 197 239 231 154 285 188
0029 204 154 252 188 174 218 223 239
0030 172 163 218 205
0031 151 186 180 230
0032 136 198 161 237 255 217 286 237
0033 136 203 161 239 255 216 285 238
0034 147 207 170 239 252 224 283 239
0035 150 213 177 239
0036 150 213 173 239
0037 150 213 174 239
0038 150 213 173 239
0039 145 209 176 238
