0000 142 203 190 238 078 206 113 235
0001 143 202 190 238 073 202 114 239
0002 143 202 190 238 073 202 114 239
0003 143 202 190 238 077 203 113 235
0004 143 202 190 238 073 202 114 239
0005 143 201 190 238 073 202 114 239
0006 144 206 190 234 073 203 114 239
0007 143 198 192 236 079 205 110 238
0008 079 205 110 238 144 190 198 233
0009 079 206 110 238 141 172 204 221
0010 079 205 110 238 145 148 209 191
0011 143 128 211 169 077 203 113 236
0012 140 108 199 152 073 202 114 239
0013 079 204 110 238 138 098 198 140
0014 079 205 110 238 144 088 194 130
0015 079 205 111 238 142 088 194 126
0016 079 205 111 238 147 087 195 127
0017 079 205 111 238 150 090 193 130
0018 079 205 111 238 150 090 194 131
0019 079 205 111 238 149 090 195 132
0020 079 205 111 238 148 093 195 132
0021 079 205 111 238 145 095 192 136
0022 078 203 114 239 145 095 192 136
0023 078 203 114 239 146 096 193 136
0024 079 205 110 237 148 096 196 133
0025 078 204 110 238 147 093 193 134
0026 078 204 110 238 150 101 195 135
0027 078 204 110 238 150 100 195 136
0028 078 204 110 238 146 097 195 138
0029 078 204 110 238 148 096 196 134
0030 078 204 110 238 148 096 196 136
0031 078 204 110 238 146 100 192 138
0032 078 204 110 238 148 101 198 140
0033 078 204 110 238 137 106 197 144
0034 078 205 110 238 138 113 195 157
0035 078 204 110 238 133 134 199 179
0036 078 205 110 238 131 159 194 208
0037 137 176 189 224 079 206 110 238
0038 138 201 189 238 079 205 110 238
0039 142 202 191 239 079 206 110 238
0040 079 206 110 238 141 204 187 238
0041 142 203 191 239 079 207 110 238
0042 142 203 191 238 079 207 110 238
0043 079 207 110 238 142 204 189 237
0044 079 207 110 238 142 204 189 237
0045 145 203 191 237 079 207 110 238
0046 143 201 195 238 079 207 110 238
