0000 192 207 219 235 135 175 158 197
0001 192 207 219 235 134 170 155 195
0002 192 206 219 235 134 172 160 191
0003 192 207 219 235 134 171 160 191
0004 192 208 219 236 134 169 155 195
0005 193 205 221 238 134 172 160 191
0006 207 202 234 239 134 172 161 191
0007 231 185 258 228 132 173 158 198
0008 253 170 280 212 137 172 160 196
0009 137 172 159 196 273 145 306 174
0010 137 173 159 196 279 127 308 157
0011 282 108 314 139 134 172 158 198
0012 136 171 159 197 276 097 314 125
0013 134 172 157 197 283 090 309 115
0014 280 085 309 117 133 172 157 196
0015 279 085 308 117 133 172 157 196
0016 279 084 315 117 133 171 158 196
0017 133 170 156 198 286 090 313 118
0018 134 172 158 196 283 089 309 114
0019 133 172 157 196 282 092 310 118
0020 286 097 312 123 133 172 157 196
0021 135 174 159 201 275 113 313 143
0022 136 172 160 197
0023 137 174 161 197 236 189 272 230
0024 138 176 162 201
0025 202 211 227 239 137 174 160 199
0026 209 214 235 239 136 172 160 198
0027 215 210 238 237 136 172 159 199
0028 135 172 159 199 217 216 240 239
0029 209 211 235 236 133 170 157 197
0030 201 214 226 239 132 170 157 197
0031 199 212 220 234 135 171 160 198
