0012 096 213 144 239
0013 084 184 143 235
0014 081 151 133 203
0015 080 119 132 170
0016 074 096 130 149
0017 073 086 134 140
0018 077 086 127 140
0019 073 094 132 146
0020 075 092 129 147
0021 075 093 131 148
0022 075 092 133 147
0023 073 094 138 146
0024 078 093 133 148
0025 076 096 134 150
0026 075 097 134 150
0027 075 097 133 150
0028 075 097 134 148
0029 074 093 135 146
0030 074 095 134 148
0031 076 097 134 149
0032 075 096 135 147
0033 076 094 135 150
0034 074 100 135 152
0035 072 109 136 157
0036 074 129 135 177
0037 080 164 137 215
0038 092 210 145 239
