0012 071 206 113 239
0013 041 199 101 239
0014 027 172 102 226
0015 035 100 098 182
0016 039 083 100 169
0017 042 062 099 154
0018 042 058 097 149
0019 039 053 097 146
0020 041 051 097 150
0021 045 048 100 148
0022 036 052 102 149
0023 048 047 097 145
0024 044 060 095 146
0025 043 054 096 144
0026 044 058 096 144
0027 048 047 102 148
0028 048 051 100 143
0029 048 053 100 143
0030 048 054 100 141
0031 050 049 102 143
0032 052 048 102 138
0033 050 052 102 147
0034 050 055 102 148
0035 042 061 106 157
0036 052 093 101 177
0037 060 154 108 229
0038 077 196 126 239
