0000 064 144 111 199 146 147 194 205
0001 060 145 110 201 154 146 204 204
0002 064 143 111 198 150 146 202 204
0003 063 144 110 199 151 144 203 205
0004 061 138 106 199 152 149 203 209
0005 065 141 111 200 153 151 204 206
0006 063 144 108 201 149 151 205 201
0007 064 143 110 201 158 148 202 204
0008 060 145 112 201 148 152 208 204
0009 062 146 110 205 153 148 206 204
0010 060 145 112 205 154 147 207 203
0011 056 144 098 201 147 145 206 198
0012 058 138 106 202 151 152 202 202
0013 062 132 102 200 143 142 197 195
0014 062 123 103 196 143 128 198 173
0015 124 092 180 132 063 110 124 148
0016 117 061 174 094 094 086 138 132
0017 107 041 175 076 105 072 143 124
0018 107 033 189 067
0019 095 031 179 062
0020 093 030 178 061
0021 094 030 179 062
0022 115 029 192 063
0023 115 029 196 063 122 056 153 125
0024 088 029 178 063 139 028 202 075
0025 092 029 168 062
0026 095 028 173 061 124 060 153 123
0027 092 027 174 062 121 060 152 129
0028 091 028 175 062
0029 103 029 175 064
0030 095 029 170 061
0031 092 027 164 060 119 063 149 121
0032 093 027 165 060 124 065 152 122
0033 093 026 164 060 122 065 151 125
0034 094 030 170 063
0035 122 027 192 063
0036 123 028 191 063
0037 122 028 193 061 121 066 150 126
0038 096 029 165 060 119 067 148 127
0039 118 030 194 062 124 054 152 119
0040 116 037 177 074
0041 113 061 180 116
0043 116 104 184 146
0044 127 119 177 170 070 131 123 170
0045 061 145 108 189 135 137 189 188
0046 060 147 112 196 139 147 193 198
0047 060 148 114 203 146 149 208 204
0048 061 147 117 197 148 146 211 204
0049 063 147 112 199 147 148 208 203
