0002 111 188 163 239
0003 101 170 158 234
0004 106 156 152 227
0005 099 146 152 222
0006 102 140 153 206
0007 100 135 151 202
0008 102 124 145 203
0009 103 120 144 199
0010 104 112 145 191
0011 104 104 147 193
0012 106 102 145 188
0013 104 103 147 185
0014 104 100 148 183
0015 104 098 149 185
0016 104 097 149 182
0017 105 092 149 176
0018 105 094 148 176
0019 104 100 148 170
0020 108 092 152 168
0021 106 093 148 173
0022 106 093 148 174
0023 105 093 148 174
0024 104 090 150 175
0025 107 092 148 176
0026 104 094 150 177
0027 105 091 148 174
0028 103 090 149 175
0029 102 092 149 175
0030 106 093 150 177
0031 105 094 147 179
0032 102 092 150 176
0033 101 102 146 183
0034 101 116 147 199
0035 103 144 151 215
0036 110 185 154 239
0037 116 220 158 239
