0007 098 163 137 203 121 217 167 239
0008 122 134 199 222 102 104 153 165 032 141 113 226
0009 105 069 167 125 120 079 182 191 067 093 133 193
0010 104 043 181 129 122 076 208 165
0011 105 047 170 104 067 093 139 154 132 081 212 161
0012 066 090 132 157 132 079 213 160 106 049 172 106
0013 109 050 180 109
0014 110 054 175 108
0015 108 056 175 113 050 088 126 161
0016 109 063 172 121 146 098 226 187
0017 112 081 175 141 040 116 131 198
0018 108 114 162 167 120 153 191 234 055 145 132 229
0019 056 216 124 239 116 156 162 215
