0000 102 149 152 193 119 120 166 166
0001 114 117 168 180
0002 097 110 144 149
0003 092 103 136 146 143 114 182 164
0004 092 104 134 145 126 106 175 160
0005 093 096 135 143 108 097 170 156
0006 106 092 157 150 097 094 128 134
0007 111 088 161 147
0008 105 095 155 145
0009 118 093 161 141 091 091 128 131
0010 101 089 155 140 095 130 140 184
0012 101 097 156 149
0013 090 096 151 144
0014 098 096 149 148 093 101 121 131
0016 124 091 168 149 095 098 133 134
0017 093 098 131 134
0018 106 099 156 154
0019 110 094 165 147
0020 099 097 165 145 142 096 180 128
0021 102 099 166 154
0022 111 099 168 151
0023 107 100 155 155
0024 113 104 158 156
0025 096 121 148 174
0026 101 141 153 192
0027 107 175 159 221
0028 091 196 147 236 104 166 152 208
0029 097 208 135 239 071 196 110 239
0030 094 203 135 239 074 195 111 239
