0001 165 223 189 239
0007 044 206 077 239 169 218 205 239
0008 026 183 064 219 186 181 211 216
0009 188 124 224 151 034 129 068 158
0010 152 034 192 078 036 063 067 109
0011 131 005 170 047 059 015 090 061
0012 077 009 110 040 117 005 155 041
0013 098 009 139 033
0014 100 011 139 030
0015 104 011 133 032
0016 090 009 150 036
0017 097 011 139 033
0018 097 012 140 032
0019 101 011 146 033
0020 104 011 145 032
0021 091 009 150 035
0022 109 010 140 031
0023 101 010 143 031
0024 103 013 144 034
0025 091 009 151 035
0026 091 009 152 035
0027 095 010 137 034
0028 099 011 140 032
0029 094 008 149 036
0030 121 016 164 054 072 011 102 051
0031 125 026 174 073 053 027 088 069
0032 144 059 186 095 029 062 065 107
0033 010 163 047 191 166 156 203 194
0034 024 205 058 239 168 201 203 239
0035 048 218 071 239 170 221 197 239
0036 172 224 192 239
