0000 046 215 090 239
0001 116 193 177 237 044 214 090 239
0002 085 158 152 202 043 214 094 239
0003 076 130 155 165 040 218 098 239
0004 077 132 158 166 041 216 088 239
0005 108 134 165 171 043 215 087 239 079 144 128 176
0006 131 136 186 177 041 215 088 239 181 202 208 235
0007 159 122 215 168 046 220 094 239
0008 174 097 237 154 044 214 094 239
0009 190 064 250 126
0010 199 043 258 122
0011 218 030 284 110 046 215 093 239
0012 224 021 291 102
0013 237 026 299 089 040 218 101 239
0014 234 019 302 095 040 218 097 239
0015 045 214 090 239 238 027 308 090
0016 236 025 307 086 047 214 089 239
0017 231 022 280 066
0018 194 053 244 119
0019 159 084 214 140 044 214 093 239
0020 145 130 183 172 044 215 093 239 134 164 182 212
0021 126 192 180 238 046 210 092 239
0022 138 223 177 239 044 213 089 239
0023 044 214 093 239
0024 044 220 103 239
