0000 072 208 102 237 124 209 165 238
0001 124 209 165 237 068 203 097 235
0002 127 213 170 239 072 208 102 237
0003 071 210 098 237 124 209 165 237
0004 127 212 170 239 069 208 096 236
0005 125 209 166 237 071 209 097 237
0006 069 209 096 236 126 206 166 236
0007 071 209 098 237 124 205 164 239
0008 123 205 165 239 067 209 096 236
0009 126 206 167 235 070 210 098 236
0010 125 212 167 239 069 212 096 239
0011 125 212 167 239 069 211 096 239
0012 130 207 171 236 077 215 099 239
0013 137 194 172 227 073 210 098 236
0014 145 164 180 198 073 210 099 236
0015 150 134 180 172 073 210 098 235
0016 073 210 099 235
0017 165 085 207 131 073 210 099 235
0018 177 075 210 122
0019 183 060 210 106
0020 188 053 215 099
0021 188 045 215 090
0022 187 047 216 092
0023 187 046 216 090
0024 187 043 215 086 073 210 096 236
0025 189 046 216 087 074 210 096 236
0026 193 041 218 087 073 210 096 236
0027 194 041 217 084 074 210 096 236
0028 195 040 218 085 074 210 096 236
0029 195 040 219 084 072 210 095 239
0030 194 040 218 084 072 210 095 239
0031 194 039 218 084 072 210 095 239
0032 195 039 218 084 071 208 095 239
0033 188 039 222 086 074 210 096 236
0034 193 042 218 085 074 210 096 236
0035 188 039 222 085 074 210 096 236
0036 194 040 217 083 071 208 096 235
0037 193 042 216 081 066 210 098 238
0038 073 211 097 237 190 046 212 088
0039 184 057 208 096 067 208 099 238
0040 067 208 099 237 170 068 198 112
0041 073 211 098 237 154 091 188 134
0042 073 211 098 237
0043 073 211 097 237 137 163 165 199
0044 073 211 097 237 129 193 173 225
0045 125 202 169 236 073 211 097 237
0046 125 213 165 239 073 211 097 237
0047 126 213 165 239 072 211 097 237
