0003 177 214 212 239
0004 174 210 209 239
0005 174 171 216 220
0006 175 123 218 182
0007 176 083 213 155
0008 176 075 215 147
0009 178 075 216 144
0010 179 071 225 135
0011 180 067 226 139
0012 185 057 223 140
0013 185 058 223 138
0014 185 057 223 139
0015 184 062 227 140
0016 179 065 222 137
0017 180 066 228 136
0018 184 068 219 137
0019 184 079 221 147 219 220 260 239
0020 205 207 259 239 183 105 228 154
0021 176 137 233 177 201 184 254 229
0022 174 150 227 188 207 177 252 214 189 182 223 224
0023 173 152 225 189 205 172 252 209
0024 173 150 229 196 217 169 250 210
0025 177 154 228 200 217 164 249 208
0026 177 149 239 196 199 190 222 223
0027 183 144 242 187 195 193 228 232 205 161 253 215
0028 185 143 240 188 200 160 250 216 197 192 222 230
0029 184 140 245 189 204 175 252 223
0030 186 145 241 195 199 170 249 225
0031 186 150 244 203 194 180 234 228
0032 188 158 246 204 196 190 229 230
0033 187 160 242 206 199 185 231 232 221 165 257 216
0034 190 158 247 213 196 184 237 234
0035 195 152 247 208 200 185 241 234
0036 193 144 249 191 201 176 255 229
0037 191 143 247 185 201 186 248 231
0038 196 152 250 202 200 185 239 231
0039 186 152 245 200 201 186 239 230
0040 181 151 242 200 206 185 236 232
0041 186 146 234 203 227 176 259 216
0042 181 147 235 202 222 177 264 219 205 187 238 233
0043 187 139 240 188 204 177 257 221
0044 186 140 239 185 201 174 257 221
0045 193 151 252 205 207 177 254 229
0046 190 161 249 224
0047 183 162 249 217
0048 186 165 237 225 219 194 261 238
0049 186 171 234 233 224 205 264 236
0050 183 195 233 239 226 210 264 236
0051 188 202 231 238 230 220 272 239
0052 189 218 227 239
