0006 114 223 174 239
0007 108 209 175 238
0008 122 176 198 218
0009 120 156 194 202
0010 126 134 206 178
0011 137 108 211 157
0012 146 097 219 145
0013 139 082 221 136
0014 148 079 227 128
0015 152 075 227 125
0016 149 068 225 125
0017 150 066 230 121
0018 150 066 226 117
0019 151 060 220 114
0020 150 059 220 112
0021 147 056 224 107
0022 147 055 226 107
0023 147 055 226 107
0024 151 060 222 110
0025 148 057 218 110
0026 148 057 218 111
0027 148 057 218 111
0028 146 057 219 112
0029 144 059 219 114
0030 146 060 225 117
0031 140 068 221 122
0032 139 077 225 132
0033 134 099 218 151
0034 131 123 195 177
0035 120 156 180 208
0036 118 183 172 234
0037 120 213 177 239
