0002 212 197 241 239
0003 217 152 255 204
0004 213 087 241 125
0005 184 050 226 093
0006 163 053 208 083
0007 164 050 203 084
0008 162 052 202 087
0009 163 053 199 086
0010 163 054 199 087
0011 163 054 199 087
0012 159 052 202 085
0013 164 054 199 087
0014 159 052 202 086
0015 159 051 202 086
0016 160 051 202 085
0017 159 051 202 086
0018 163 054 200 088
0019 163 054 200 088
0020 163 054 200 088
0021 163 054 200 089
0022 164 053 202 089
0023 169 048 213 090
0024 207 077 237 116
0025 198 140 253 186
0026 211 202 237 239
0027 197 221 224 239
