0000 101 213 126 239 167 208 190 239
0001 101 213 125 239 166 210 190 239
0002 101 213 125 239 166 210 190 239
0003 100 213 125 239 166 210 190 239
0004 099 213 125 239 166 210 192 239
0005 100 213 125 239 165 210 192 239
0006 100 212 124 239 166 210 192 239
0007 100 213 124 239 166 210 192 239
0008 100 213 124 239 166 204 200 237
0009 100 214 125 239 185 195 208 230
0010 100 214 125 239
0011 193 098 219 128 100 214 126 239
0012 101 215 124 237 178 087 199 116
0013 102 215 123 237 176 086 197 113
0014 175 081 201 112 100 214 125 239
0015 176 080 201 112 099 213 125 237
0016 177 084 200 108 098 215 121 239
0017 178 079 203 112 097 214 120 239
0018 178 079 202 113 098 216 120 239
0019 178 082 202 114 098 217 120 239
0020 180 081 207 113 098 214 122 239
0021 185 089 210 120 099 213 123 239
0022 188 122 222 162 100 213 124 239
0023 100 213 125 239 176 196 203 233
0024 102 212 124 239
