0000 115 200 142 239 187 204 217 239
0001 189 199 216 239 118 199 141 239
0002 189 204 212 235 116 200 141 239
0003 187 203 217 239 116 200 142 238
0004 191 207 213 239 112 201 140 239
0005 188 203 219 238 113 206 134 235
0006 190 197 220 237 106 198 131 237
0007 196 191 223 224 089 177 123 218
0008 195 168 228 199 086 150 114 184
0009 079 112 118 146 199 125 237 161
0010 081 063 121 097 183 068 224 106
0011 088 046 125 081 187 047 216 082
0012 174 024 206 063 095 030 135 066
0013 168 019 205 058 109 023 137 052
0014 167 013 201 044 109 020 145 047
0015 162 017 197 044
0016 164 017 200 046
0017 165 018 189 040 126 015 188 044
0018 166 020 197 042
0019 159 017 195 044 119 013 183 043
0020 169 022 190 044 125 019 151 040
0021 162 020 195 047 125 017 150 041
0022 165 019 198 043
0023 170 022 194 048 125 018 152 043
0024 163 016 198 048 120 012 180 042
0025 166 023 206 053 107 024 145 055
0026 168 025 208 062
0027 183 065 210 095 087 087 128 125
0028 186 114 223 147 090 135 123 174
0029 096 172 122 213 197 157 223 190
0030 192 175 226 211 097 189 125 233
0031 190 184 223 227 106 193 128 230
0032 190 194 218 237 106 195 127 233
0033 189 195 220 236 113 204 133 235
0034 114 198 139 239 191 199 217 233
0035 192 201 213 236 112 198 137 237
0036 113 203 138 239 190 200 211 235
