0000 106 203 131 236 185 196 207 232
0001 107 202 131 236 185 187 208 225
0002 107 203 130 236 184 185 207 223
0003 104 183 128 220 176 186 211 220
0004 117 173 153 206 170 161 205 190
0005 169 133 196 164 122 137 161 169
0006 180 086 207 119 110 082 153 131
0007 209 051 234 090 092 046 118 091
0008 244 034 267 066 054 021 081 062
0009 260 021 297 061 022 010 061 058
0010 017 013 061 059 265 023 304 061
0011 019 018 063 059 263 025 302 062 043 043 089 092
0012 029 013 080 055 256 017 295 056
0013 093 004 122 046 214 009 239 040
0014 181 040 218 073 097 048 129 088
0015 078 020 112 067 222 032 246 072
0016 235 022 274 061 093 013 130 054
0017 134 013 174 056 195 013 228 056
0018 186 034 219 069
0019 075 014 109 064 226 024 251 064
0020 239 022 280 059 090 031 133 092
0021 134 022 173 062 197 012 230 057
0022 169 027 210 062 112 029 154 068
0023 079 018 116 061 208 025 232 061
0024 067 011 108 055 237 015 268 057
0025 210 015 236 045 115 012 152 056
0026 169 015 206 051 124 015 162 058
0027 104 027 132 065 189 028 216 059
0028 105 021 131 062 204 022 227 061
0029 188 029 214 064 112 025 151 062
0030 168 058 202 091 122 050 151 091
0031 157 082 197 120 122 084 159 116
0032 164 121 201 151 126 121 167 154
0033 124 161 164 194 169 154 198 184
0034 118 186 158 220 171 179 206 213
0035 186 197 209 230 109 192 144 234
0036 109 205 132 239 192 199 212 233
0037 101 198 131 239 196 197 217 231
0038 102 201 124 236 196 198 216 232
0039 105 205 129 237 192 200 212 234
0040 190 197 211 233 106 202 135 238
0041 192 196 213 231 111 203 139 238
0042 191 200 214 235 108 200 138 239
0043 191 200 216 234 106 204 131 238
0044 105 202 131 236 194 199 217 233
0045 105 202 131 236 189 195 219 236
0046 105 202 131 235 193 195 218 234
0047 106 203 131 236 193 196 215 235
0048 109 206 133 236 196 199 217 231
