0000 091 220 132 239
0001 093 220 130 239 177 216 214 239
0002 179 202 222 239 088 216 127 239
0003 191 181 223 218 086 218 130 239
0004 202 136 239 201 085 215 132 239
0005 212 110 249 177 088 216 123 239
0006 216 098 255 170 087 210 127 239
0007 213 103 247 167 089 211 133 239
0008 088 210 127 239 197 114 232 177
0009 087 204 126 239 173 110 217 166
0010 087 200 127 237 173 086 220 139
0011 191 058 224 119 083 199 125 239
0012 082 197 120 238 219 048 247 114
0013 232 055 264 121 082 197 123 236
0014 239 069 277 138 081 200 128 239
0015 229 103 274 166 086 203 130 239
0016 086 198 130 237 206 117 237 176
0017 176 107 213 169 086 197 128 238
0018 087 197 129 238 168 079 207 141
0019 174 058 216 129 081 200 125 237
0020 201 052 240 114 083 202 127 239
0021 226 055 256 120 087 205 129 239
0022 090 202 129 239 232 072 270 137
0023 210 093 249 163 088 202 127 239
0024 086 193 127 238 187 093 220 157
0025 174 074 211 142 085 195 123 237
0026 183 060 216 125 084 202 125 237
0027 210 057 239 119 086 201 126 237
0028 092 206 130 239 229 073 263 138
0029 092 204 132 239 229 091 272 158
0030 093 202 136 239 218 119 257 180
0031 086 200 127 239 187 127 217 184
0032 086 199 127 238 172 097 204 163
0033 180 075 213 140 084 198 127 239
0034 084 198 122 236 206 062 244 130
0035 234 072 273 145 086 200 127 239
0036 237 099 290 161 086 201 129 238
0037 089 197 128 238 233 113 283 178 251 118 284 141
0038 090 195 129 238 208 135 248 189
0039 161 125 203 179 086 194 130 236
0040 082 199 127 237 163 089 196 147
0041 176 072 217 135 085 196 127 239
0042 085 198 128 239 213 061 243 123
0043 236 071 274 139 087 201 124 239
0044 088 199 126 239 239 086 284 156
0045 088 199 128 239 230 111 278 178
0046 090 196 132 237 211 138 245 190
0047 087 200 128 239 170 131 207 184
0048 086 193 124 237 169 093 204 163
0049 087 199 128 236 195 080 222 142
0050 083 201 129 239 214 076 254 144
0051 230 098 275 163 090 204 134 239
0052 091 207 129 239 222 126 274 181
0053 204 154 245 206 090 210 135 239
0054 181 188 215 230 089 217 133 239
0055 090 218 134 239
0056 088 221 134 239 169 216 215 239
0057 091 219 136 239 179 215 214 239
0058 088 222 131 239 170 214 214 239
