0000 181 220 216 239
0001 144 193 191 239 061 119 101 172
0002 084 080 118 149 124 146 173 191
0003 092 065 135 141 117 112 159 154
0004 094 068 144 133
0005 090 060 142 134
0006 089 055 137 133
0007 085 053 136 134
0008 083 052 135 129
0009 078 053 134 136
0010 082 057 134 130
0011 082 061 129 133
0012 075 063 130 136
0013 081 065 129 137 068 104 119 146
0014 082 073 129 143 064 106 113 146
0015 079 073 126 148 062 121 119 156
0016 078 121 116 169 084 167 141 207
0017 076 155 106 191 092 201 147 239
0018 165 209 207 239 059 206 099 239
