0000 193 210 249 239
0001 191 212 247 239
0002 193 212 242 239
0003 191 214 244 239
0004 190 209 246 239
0005 193 214 248 239
0006 191 210 247 239 077 203 114 238
0007 082 204 121 239 192 210 245 239
0008 074 156 114 210 186 218 249 239
0009 071 090 105 140 189 209 246 239
0010 072 033 107 099 191 210 244 239
0011 084 014 114 078 193 209 244 239
0012 095 016 129 070 194 213 248 239
0013 097 028 131 075 189 220 246 239
0014 096 029 136 076 193 215 243 239
0015 098 024 138 079 193 213 248 239
0016 101 028 136 072 189 219 248 239
0017 093 027 141 076 193 212 244 239
0018 195 213 248 239 092 027 141 076
0019 093 029 139 074 198 207 250 239
0020 095 027 139 072 192 213 245 239
0021 096 025 140 072 193 213 247 239
0022 094 027 139 077 194 211 245 239
0023 092 027 140 078 193 212 246 239
0024 096 028 130 081 192 212 240 239
0025 091 055 127 111 194 212 248 239
0026 090 107 134 171 193 215 250 239
0027 083 195 126 239 195 214 244 239
0028 086 210 126 239 194 212 241 239
0029 087 210 127 239 192 220 247 239
0030 195 213 246 239 092 222 129 239
0031 191 213 247 239
0032 193 212 248 239 092 221 123 239
0033 194 215 246 239
0034 197 212 245 239 093 221 123 239
0035 193 210 246 239 088 223 128 239
0036 092 213 125 239 195 210 242 239
0037 087 202 125 239 193 210 241 239
