0013 132 217 162 239
0014 129 210 166 239
0015 153 200 190 239
0016 172 180 211 232
0017 181 165 224 212
0018 185 145 235 193
0019 188 128 237 178
0020 189 124 244 170
0021 195 110 247 155
0022 190 104 242 149
0023 190 101 244 141
0024 193 094 249 141
0025 192 093 249 137
0026 187 091 244 133
0027 193 089 248 130
0028 193 086 247 132
0029 189 082 245 125
0030 189 080 241 127
0031 186 084 240 129
0032 190 081 239 123
0033 189 081 245 125
0034 184 080 238 127
0035 189 077 246 127
0036 184 077 240 121
0037 184 077 237 122
0038 184 079 235 119
0039 182 079 239 125
0040 184 078 239 126
0041 184 079 239 125
0042 187 079 238 124
0043 184 077 240 120
0044 186 078 236 123
0045 185 078 241 120
0046 186 078 238 123
0047 183 078 236 120
0048 184 078 241 119
0049 184 078 242 120
0050 184 078 242 121
0051 184 078 241 121
0052 184 078 241 120
0053 184 079 241 119
0054 186 078 241 124
0055 181 078 236 124
0056 184 076 241 121
0057 178 078 231 125
0058 168 093 221 139
0059 164 110 210 154
0060 153 143 190 199
0061 138 185 174 239
0062 121 207 160 239
0063 121 216 152 239
