0004 086 206 137 239
0005 081 167 144 217
0006 074 132 139 171
0007 068 110 143 150
0008 072 094 141 137
0009 072 081 141 124
0010 077 079 143 120
0011 080 079 143 119
0012 088 079 146 120
0013 088 077 146 120
0014 076 071 149 111
0015 083 075 149 114
0016 080 074 148 115
0017 079 072 149 115
0018 078 072 149 114
0019 078 067 150 111
0020 079 070 149 113
0021 080 068 149 112
0022 082 069 144 113
0023 079 073 150 115
0024 078 073 149 115
0025 076 071 150 112
0026 078 068 147 110
0027 084 073 141 120
0028 080 094 132 138
0029 074 143 140 190
0030 083 196 129 239
