0000 194 206 237 239 123 215 167 239
0001 194 211 236 239 120 211 167 239
0002 123 210 162 239 194 208 238 239
0003 121 213 167 239 192 204 240 236
0004 122 215 167 239 193 208 237 239
0005 122 214 167 239 191 206 239 236
0006 120 212 168 239 196 206 240 239
0007 210 206 251 238 122 210 162 239
0008 225 190 271 230 118 207 163 239
0009 230 171 279 208 122 216 167 239
0010 232 129 276 181 121 213 167 239
0011 222 098 264 157 121 213 167 239
0012 199 075 255 136 120 210 160 239
0013 194 064 238 127 120 213 167 239
0014 187 056 228 125 120 213 167 239
0015 182 044 224 123 120 214 167 239
0016 175 054 226 116 121 213 167 239
0017 170 059 219 120 121 213 167 239
0018 168 069 221 121 121 213 167 239
0019 163 067 217 123 120 213 167 239
0020 166 066 217 125 122 212 161 239
0021 164 068 217 127 121 213 168 239
0022 164 075 216 129 122 212 161 239
0023 163 076 217 131 121 212 161 239
0024 165 072 220 129 122 212 166 239
0025 165 076 217 133 122 212 167 239
0026 168 076 216 134 122 212 166 239
0027 168 074 218 134 122 212 166 239
0028 167 077 219 136 122 212 166 239
0029 167 079 219 135 122 212 166 239
0030 171 076 216 133 122 212 167 239
0031 167 081 222 137 122 212 167 239
0032 172 078 216 136 122 212 167 239
0033 168 078 221 134 122 212 166 239
0034 168 078 221 133 122 213 166 239
0035 166 078 220 136 122 213 166 239
0036 165 079 217 133 121 213 168 239
0037 167 080 218 134 121 212 168 239
0038 168 082 219 133 121 213 167 239
0039 166 081 220 132 121 214 167 239
0040 168 080 222 134 121 214 167 239
0041 177 084 228 137 121 214 167 239
0042 177 091 232 148 121 214 167 239
0043 186 108 232 163 122 214 167 239
0044 190 149 230 195 120 213 166 239
0045 195 182 231 218 122 214 167 239
0046 190 204 235 239 122 214 167 239
0047 189 206 235 239 121 214 167 239
0048 120 211 165 239 189 208 235 239
0049 190 209 234 239 121 211 165 239
0050 191 209 234 239 120 207 161 239
