0000 145 203 188 239 048 203 095 238
0001 046 195 097 235 145 204 187 239
0002 145 203 188 239 050 200 094 239
0003 145 204 187 239 057 200 094 238
0004 144 203 187 239 050 196 102 235
0005 145 203 187 239 054 198 097 238
0006 145 202 186 239 046 197 088 239
0007 142 202 183 239 048 186 095 234
0008 141 194 187 239 049 183 094 234
0009 134 182 181 239 052 178 095 235
0010 057 168 097 221 133 169 178 236
0011 059 155 105 211 125 141 171 214
0012 125 128 169 196 062 146 110 196
0013 123 129 168 186 066 142 113 193
0014 071 136 117 185 123 123 166 180
0015 071 130 119 183 123 124 166 180
0016 071 128 117 184 122 118 163 177
0017 072 128 119 182 119 121 161 178
0018 075 127 122 181 119 121 159 176
0019 075 129 118 182 117 121 160 180
0020 076 129 120 183 118 122 159 180
0021 075 129 119 182 119 122 159 181
0022 084 126 125 179 125 119 162 182
0023 076 128 124 182 120 123 159 183
0024 077 128 126 182 124 119 160 179
0025 076 127 126 182 121 124 158 180
0026 077 127 126 181 121 124 159 180
0027 077 127 126 181 118 125 159 187
0028 077 128 125 182 117 125 161 190
0029 079 127 124 184 119 121 159 181
0030 079 127 124 183 117 118 153 181
0031 079 127 125 184 118 124 158 182
0032 079 127 125 184 124 120 161 185
0033 079 127 125 184 123 118 161 187
0034 079 127 125 184 124 119 161 185
0035 079 127 126 185 123 122 161 185
0036 083 123 129 181 121 122 160 188
0037 123 119 162 185 080 124 126 183
0038 125 119 162 186 081 125 127 183
0039 080 125 125 184 123 122 160 189
0040 080 129 126 184 125 121 161 185
0041 080 124 127 183 122 123 161 188
0042 124 120 162 186 081 126 126 182
0043 124 121 162 182 080 127 128 181
0044 117 126 161 184 081 128 127 180
0045 116 126 162 184 081 128 128 180
0046 116 126 162 183 080 128 128 180
0047 116 127 161 183 080 129 126 180
0048 080 128 127 179 121 125 160 180
0049 121 124 162 182 081 129 127 178
0050 121 124 163 183 086 131 129 177
0051 119 128 162 185 085 133 129 182
0052 124 124 163 187 084 129 128 185
0053 122 124 164 185 083 130 128 188
0054 124 127 163 192 082 133 125 191
0055 125 130 162 199 086 134 129 192
0056 126 127 164 194 082 134 125 193
0057 126 127 163 195 089 134 130 191
0058 123 131 162 194 084 136 129 190
0059 123 128 163 196 081 137 125 193
0060 120 133 160 197 082 135 126 188
0061 120 133 160 196 086 134 126 189
0062 123 128 163 192 080 133 124 189
0063 124 125 162 193 088 130 128 189
0064 117 126 160 188 078 132 128 188
0065 084 126 131 188 120 127 163 192
0066 082 125 127 179 116 124 160 186
0067 080 126 126 182 117 123 159 188
0068 080 126 125 182 118 123 153 187
0069 080 126 125 182 125 122 160 187
0070 080 126 126 182 118 124 152 187
0071 089 124 131 179 116 123 161 186
0072 090 125 161 180 076 120 120 167
0073 080 126 127 182 121 122 163 187
0074 080 126 126 182 124 120 161 184
0075 080 126 127 182 117 125 159 187
0076 080 126 125 182 125 123 161 186
0077 089 125 131 184 121 122 160 189
0078 084 122 128 182 118 123 160 189
0079 082 129 127 188 119 128 159 189
0080 120 129 165 193 083 133 126 191
0081 127 144 163 215 079 150 129 207
0082 070 170 113 226 128 176 170 239
0083 058 182 104 239 131 194 170 239
