0011 028 197 087 238
0012 016 163 079 220
0013 016 140 076 193
0014 017 124 075 178
0015 022 114 077 168
0016 020 110 081 166
0017 021 109 084 161
0018 023 100 085 155
0019 024 096 091 149
0020 027 095 089 150
0021 027 096 090 150
0022 022 094 095 149
0023 028 093 091 147
0024 026 092 088 142
0025 026 090 088 142
0026 027 089 089 144
0027 029 089 092 143
0028 030 089 090 143
0029 031 085 092 137
0030 030 088 091 142
0031 027 087 092 139
0032 028 084 092 136
0033 029 088 093 142
0034 027 097 089 150
0035 036 127 090 181
0036 044 184 102 239
0037 080 208 134 239
