0000 115 199 138 236 200 176 223 221
0001 121 206 143 239 200 190 220 229
0002 121 203 142 239 194 199 218 235
0003 124 206 150 236 197 197 221 236
0004 122 201 146 239 198 200 219 236
0005 125 207 146 239 195 205 216 236
0006 124 206 146 239 194 194 218 230
0007 128 206 148 236 188 163 227 200
0008 125 204 148 239 187 127 231 162
0009 126 202 148 236 190 082 217 120
0010 124 204 147 236 180 073 223 109
0011 127 207 146 236
0012 125 207 148 239
0013 128 200 150 235
0014 127 200 150 236
0015 125 204 145 236
0016 125 206 148 239
0017 124 206 145 239
0018 125 204 145 238 185 084 212 119
0019 123 201 147 236 194 109 237 150
0020 127 201 150 237
0021 125 205 145 239 203 195 224 234
0022 123 202 148 238 199 204 220 238
0023 128 200 150 236 200 198 221 238
0024 200 205 219 238 128 202 152 237
0025 127 203 150 237 200 205 220 239
0026 128 201 151 236 200 207 220 239
0027 127 202 151 237 200 207 220 239
