0000 125 214 172 239
0001 129 205 171 239
0002 128 195 171 239
0003 125 186 172 239
0004 125 170 176 231
0005 126 146 177 207
0006 133 109 181 167
0007 134 094 183 154
0008 133 091 184 153
0009 132 091 181 156
0010 134 095 181 158
0011 136 096 177 172
0012 133 102 180 170
0013 133 106 180 172
0014 132 110 172 185
0015 131 110 172 186
0016 132 112 176 178
0017 129 111 177 178
0018 132 111 171 181
0019 132 114 178 176
0020 129 113 175 180
0021 130 113 173 189
0022 131 119 171 186 009 219 047 239
0023 120 136 170 198 007 221 043 239
0024 119 163 168 224 005 223 041 239
0025 112 195 159 239 005 224 041 239
0026 004 223 042 239 115 220 152 239
0027 003 223 042 239
0028 007 220 041 239 131 222 162 239
0029 008 221 045 239
0030 130 221 167 239 009 222 045 239
