0000 163 202 209 239
0001 156 197 205 239
0002 166 137 215 178
0003 172 065 220 133
0004 166 031 219 104
0005 166 017 221 090 112 201 165 235
0006 167 012 221 088 114 199 164 235
0007 159 012 216 081
0008 165 004 216 083
0009 166 010 220 079
0010 163 012 218 087
0011 164 010 224 081 113 200 162 235
0012 163 010 224 081
0013 161 014 218 092
0014 161 042 205 111
0015 134 126 194 156 114 201 163 236
0016 121 177 171 236
0017 135 181 187 237
0018 127 179 181 232
0019 124 184 185 237
0020 128 185 182 235
0021 127 183 181 235 050 203 087 238
0022 126 180 182 234 077 195 113 238
0023 128 179 184 238 081 185 128 237
0024 124 178 181 237 087 183 130 234
0025 127 175 186 234 084 185 131 237
0026 135 174 181 230 089 178 136 237
0027 136 168 197 218 098 175 141 231
0028 143 164 196 229 094 172 132 230
