0004 030 210 067 239 132 221 173 239
0005 115 209 162 239 039 198 079 238
0006 101 185 153 227 043 180 085 223
0007 099 165 147 204 049 169 090 211
0008 095 153 142 194 054 159 096 203
0009 091 152 140 196 054 156 098 198
0010 094 154 140 195 056 157 099 197
0011 093 157 140 198 062 158 095 196
0012 094 159 139 199 059 159 101 199
0013 088 156 141 196 057 162 100 203
0014 092 157 141 197 059 165 101 205
0015 095 159 139 202 059 165 102 207
0016 060 167 102 209 092 158 136 198
0017 060 168 102 208 093 161 135 200
0018 091 162 141 205 061 173 103 212
0019 062 169 100 209 089 164 135 204
0020 091 163 132 202 060 166 099 208
0021 091 157 134 200 058 168 098 210
0022 057 167 098 210 090 157 134 198
0023 090 161 134 203 058 168 099 209
0024 056 165 098 208 091 162 133 203
0025 091 162 133 202 058 166 098 207
0026 091 163 132 203 057 167 097 212
0027 089 162 134 204 056 166 099 210
0028 089 162 134 202 056 165 097 206
0029 089 162 134 202 057 164 096 207
0030 056 165 097 207 092 162 132 203
0031 090 162 134 202 056 167 099 209
0032 092 161 132 202 056 167 097 209
0033 090 161 133 202 056 164 097 206
0034 090 162 133 205 056 164 099 206
0035 090 161 133 204 056 163 099 206
0036 088 161 136 202 057 166 100 205
0037 057 165 100 206 089 158 133 200
0038 087 162 133 203 056 164 099 206
0039 088 165 134 205 055 169 097 211
0040 051 182 097 226 089 177 135 219
0041 095 210 148 239 038 213 082 239
