0001 067 216 085 239
0002 186 217 210 239 063 216 085 239
0003 050 211 079 239 192 212 222 239
0004 202 211 237 238
0005 218 202 253 235 008 211 032 236
0006 241 194 274 225 008 182 029 215
0007 255 179 290 204
0008 265 156 298 182
0009 269 137 307 163
0010 267 126 304 152
0011 267 123 303 151
0012 268 122 304 151
0013 268 125 303 150
0014 269 129 306 156
0015 263 133 304 168
0016 256 148 296 183
0017 243 153 285 192 009 149 029 189
0018 015 167 052 217 220 176 262 220
0019 021 178 065 223 207 181 249 228
0020 039 182 084 227 188 188 227 239
0021 057 186 093 235 162 195 208 239
0022 156 187 193 236 070 189 104 234
0023 147 192 188 235 074 183 115 225
0024 140 183 184 237 079 174 123 221
0025 134 178 177 227 079 169 123 216
0026 137 178 179 228 081 167 127 215
0027 135 177 176 232 080 165 127 214
0028 136 176 176 230 080 166 127 215
0029 136 175 178 229 080 168 127 214
0030 136 177 179 230 080 167 128 215
0031 135 174 180 230 080 168 127 215
0032 134 180 172 231 080 169 126 215
0033 136 181 175 230 081 169 127 216
0034 135 175 175 229 080 173 126 216
0035 139 180 179 233 083 178 122 224
0036 137 190 183 238 075 193 115 234
0037 145 203 188 239 076 203 110 239
0038 158 210 197 239
0040 075 219 096 239
0041 076 218 100 239 171 217 196 239
0042 077 215 099 239
0043 077 218 099 239
0048 106 173 155 209
0049 104 173 157 209
0050 109 174 156 209
