0000 184 203 210 237 089 188 110 224
0001 180 203 208 239 086 193 108 225
0002 181 206 209 236 091 193 112 227
0003 183 208 207 239 091 195 112 224
0004 181 207 208 236 089 194 111 226
0005 182 208 207 236 089 193 110 223
0006 181 204 207 236 088 192 109 224
0007 179 209 211 239 090 192 111 226
0008 183 208 207 236 090 193 112 227
0009 182 208 207 237 090 193 112 228
0010 088 193 107 224 180 205 207 237
0011 088 190 108 224 176 210 203 238
0012 165 206 194 239 090 191 110 222
0013 087 191 109 223 142 191 178 223
0014 086 188 108 225 135 179 176 211
0015 086 186 111 225 113 158 150 195
0016 084 191 105 222 116 150 148 189
0017 083 188 104 222 115 133 154 170
0018 084 188 107 223 126 129 161 168
0019 085 188 107 219 136 130 182 169
0020 155 132 211 171 081 183 116 223
0021 170 131 234 177 082 188 104 223
0022 192 138 256 185 083 189 105 223
0023 209 143 274 191 085 188 107 223 174 117 219 162
0024 220 151 286 192 087 186 110 224
0025 233 159 292 198 084 186 118 226
0026 227 160 289 199 086 187 108 224
0027 088 189 108 224 228 165 288 203
0028 231 166 287 206 087 190 108 222
0029 230 178 286 216 087 193 108 224
0030 083 182 117 226 216 189 254 226
0031 089 191 109 224 193 197 219 230
0032 179 197 209 231 090 190 113 226
0033 174 195 206 232 087 194 108 222
0034 172 197 204 231 086 192 110 225
0035 086 192 108 223 162 192 194 227
0036 087 194 109 225 147 187 185 219
0037 087 193 110 226 123 181 169 213
0038 087 192 110 224 104 167 139 197
0039 099 155 142 190 083 188 120 227
0040 085 190 107 225 116 139 158 175
0041 085 193 106 226 130 137 160 174
0042 081 183 117 224 139 130 185 173
0043 086 191 107 225 161 126 218 177
0044 169 128 240 173 082 183 118 225
0045 177 126 259 171 088 190 109 224
0046 191 128 273 177 090 189 113 225
0047 200 130 279 178 083 184 117 225 173 103 214 154
0048 212 131 288 177 086 192 108 222 176 109 229 156
0049 219 137 294 182 086 194 106 224 176 109 230 156
0050 220 143 297 190 088 188 111 225
0051 221 157 293 200 086 193 108 223
0052 090 192 112 224 220 180 267 221
0053 087 194 109 227 207 198 230 237
0054 089 191 111 227 193 209 218 239
