0000 009 217 055 239
0001 011 218 054 239
0002 012 218 053 239
0003 010 220 056 239 126 221 160 239
0004 108 218 156 239 011 218 053 239
0005 098 194 160 234 011 218 053 239
0006 107 149 159 203 009 223 055 239
0007 115 108 169 174 011 217 052 239
0008 117 067 168 146 011 216 053 239
0009 114 046 172 138 011 221 053 239
0010 116 039 170 125 009 219 048 239
0011 116 036 171 120 010 220 054 239
0012 115 034 174 122 009 219 057 239
0013 117 035 171 122 010 218 051 239
0014 118 032 179 122 008 220 056 239
0015 117 035 178 126 010 217 053 239
0016 120 037 177 121 011 217 054 239
0017 118 032 179 123 010 216 053 239
0018 118 035 177 124 010 217 052 239
0019 118 038 177 125 009 221 052 239
0020 117 043 176 137 010 217 053 239
0021 114 072 170 158 010 216 053 239
0022 112 143 157 197 010 222 056 239
0023 111 202 155 231 010 217 053 239
0024 121 211 160 239 009 223 055 239
0025 011 217 053 239 128 213 167 239
0026 011 217 053 239
0027 012 218 052 239
