0024 228 199 274 239
0025 213 175 259 238
0026 203 149 249 227
0027 189 121 243 201
0028 187 102 239 195
0029 184 085 238 183
0030 183 080 234 173
0031 173 069 229 161
0032 167 066 228 153
0033 168 062 227 155
0034 166 055 223 146
0035 160 049 220 138
0036 164 051 218 132
0037 164 051 218 131
0038 162 056 220 131
0039 162 053 220 131
0040 165 051 218 126
0041 169 048 214 129
0042 163 055 219 132
0043 164 052 219 134
0044 163 048 219 134
0045 164 055 219 135
0046 163 053 219 134
0047 163 050 219 136
0048 168 044 211 134
0049 163 048 219 136
0050 163 048 219 136
0051 163 048 219 137
0052 162 049 219 140
0053 165 058 216 145
0054 166 065 222 144
0055 170 070 226 155
0056 179 087 232 173
0057 191 115 235 194
0058 199 154 245 225
0059 217 188 263 239
