0001 096 200 133 239
0004 101 215 139 239
0005 100 200 136 238
0006 091 137 130 203
0007 073 059 113 145
0008 071 036 114 127
0009 065 026 104 113
0010 062 027 103 115
0011 063 040 105 110
0012 067 056 111 112
0013 073 041 121 109
0014 073 032 115 105
0015 073 034 111 105
0016 054 028 096 105
0017 052 028 098 113
0018 063 050 109 110
0019 073 034 110 110
0020 073 037 110 105
0021 060 035 097 102
0022 042 033 079 107
0023 028 031 069 115
0024 035 039 077 112
0025 060 031 099 108
0026 052 033 086 107
0027 042 038 077 110
0028 024 041 064 117
0029 015 041 056 126 198 204 242 239
0030 028 055 071 125 196 202 243 239
0031 045 039 086 121
0032 040 044 080 111
0033 031 043 067 110
0034 013 054 054 121
0035 014 060 051 129
0036 018 071 062 135
0037 018 082 059 141
0038 020 097 066 151
0039 029 114 076 173
0040 050 148 093 213
0041 069 171 121 229
0042 090 194 123 239
0043 102 208 135 239
0044 106 212 140 239
0047 196 206 242 239
0048 189 211 244 239
