0000 157 211 180 239 089 203 119 239
0001 155 209 182 239 092 202 122 238
0002 155 208 182 239 093 202 122 238
0003 155 210 183 239 092 202 122 238
0004 092 208 123 239 156 212 178 238
0005 155 205 184 239 085 203 122 238
0006 074 200 110 234 170 199 192 233
0007 063 189 099 222 175 185 211 222
0008 188 157 223 194 058 154 086 195
0009 195 115 234 152 042 124 080 157
0010 034 061 073 107 203 067 241 111
0011 208 035 237 075 026 018 066 067
0012 200 014 238 047 039 004 069 042
0013 196 011 219 046 050 010 081 050
0014 053 009 086 064
0015 182 015 204 043 057 011 090 073
0016 177 016 201 044
0017 180 014 202 042
0018 182 011 207 047
0019 183 015 205 047
0020 186 014 207 044
0021 186 014 207 043
0022 186 013 207 043
0023 186 015 207 045
0025 183 015 206 047
0026 182 014 205 044
0027 182 013 206 045
0028 183 016 205 048
0029 176 019 202 052 069 014 107 048
0030 171 017 199 057 070 020 106 057
0031 172 040 197 071
0032 072 056 108 095 170 060 206 098
0033 169 093 205 135 080 094 110 139
0034 083 144 113 172 165 136 200 172
0035 085 170 121 205 164 167 192 208
0036 158 187 186 231 087 188 123 225
0037 092 200 124 235 153 207 178 239
0038 148 213 174 238 097 204 123 237
0039 091 204 127 239 149 212 176 239
0040 148 209 177 239 094 204 128 238
0041 095 204 128 238 151 211 175 239
