0000 147 174 194 222
0001 146 177 191 219
0002 134 182 170 217 154 175 200 219
0003 155 172 195 215
0004 161 166 206 208 124 188 159 228
0005 183 152 221 193 121 193 152 232
0006 112 202 138 238 209 128 245 163
0007 098 213 123 239 227 098 254 129
0008 086 210 116 239 234 046 269 092
0009 238 013 267 068 083 207 114 239
0010 234 009 272 056 084 208 113 239
0011 087 207 120 239 241 006 269 046
0012 095 205 125 239 245 008 274 044
0013 244 005 276 045 095 209 126 239
0014 247 008 275 048 096 206 129 239
0015 245 007 275 048 095 205 128 239
0016 237 008 265 051 093 209 121 239
0017 098 206 120 235 215 010 251 054
0018 203 010 240 052 098 210 125 239
0019 190 014 227 056 100 210 123 237
0020 196 013 230 058 102 213 127 239
0021 203 013 238 054 105 210 128 239
0022 104 211 127 239 213 017 241 062
0023 097 210 123 239 220 021 247 064
0024 224 020 258 074 094 211 119 239
0025 234 019 259 072 088 211 115 239
0026 226 022 254 071 092 209 117 239
0027 213 018 248 069 090 210 118 239
0028 196 017 231 062 089 211 114 239
0029 188 018 226 063 087 213 115 239
0030 092 213 115 239 190 022 227 067
0031 088 214 120 239 197 025 232 071
0032 204 027 237 070 092 214 115 239
0033 214 030 245 074 091 219 112 239
0034 213 026 247 077 085 214 111 239
0035 206 023 238 070 081 214 112 239
0036 195 028 221 070 086 212 109 239
0037 186 026 221 076 085 213 111 239
0038 190 031 226 075 090 217 116 236
0039 200 031 232 075 091 215 113 239
0040 209 039 235 080 092 217 115 239
0041 214 037 239 081 088 219 112 239
0042 215 034 247 080 087 216 113 239
0043 204 031 236 079 080 214 114 239
0044 080 213 112 239 191 033 225 079
0045 194 029 223 074 081 215 109 239
0046 086 214 114 239 198 035 231 074
0047 209 044 236 086 084 215 118 239
0048 226 064 250 102 090 219 116 239
0049 228 077 264 115 090 220 116 239
0050 227 127 268 158 090 218 118 235
0051 089 220 115 239 222 171 254 208
0052 086 214 118 239
0053 200 206 219 238 092 214 117 239
0054 203 196 225 232 092 216 120 239
0055 211 194 236 238 095 220 118 239
0056 211 193 237 237 096 213 118 237
0057 211 197 233 237 093 215 116 239
0058 202 198 228 238 092 219 117 239
