0003 165 198 215 239
0004 175 175 227 239
0005 175 134 237 195
0006 184 096 236 162
0007 171 074 247 133 216 199 248 235
0008 175 066 231 144 231 192 265 224
0009 176 078 228 141
0011 183 098 249 158
0012 191 090 238 129
0013 180 052 229 103
0014 174 026 220 080
0015 164 037 214 070
0016 165 039 219 094
0017 169 046 216 116
0018 168 058 222 121
0019 181 072 227 159
0020 189 105 241 160 195 070 255 128
0021 182 083 236 121
0022 175 035 231 106
0023 172 040 218 082
0024 161 039 216 091 195 181 225 233
0025 159 052 228 108
0026 176 073 227 135 207 186 235 231
0027 180 097 219 181
0028 185 114 234 173 190 084 254 145
0029 186 095 240 131
0030 184 053 235 106
0031 170 039 229 095
0032 169 047 220 101 191 202 219 239
0033 172 083 230 118 196 202 224 236
0034 183 109 225 178
0035 174 143 216 226
0036 167 171 215 239
0037 159 201 210 239
