0000 156 195 177 231 085 200 106 235
0001 156 198 179 231 087 202 108 239
0002 152 190 180 232 084 197 107 233
0003 152 190 181 232 082 197 104 235
0004 156 193 178 230 081 194 107 235
0005 157 195 178 229 075 198 103 238
0006 159 198 181 231 073 201 101 237
0007 066 202 095 237 166 194 190 231
0008 048 202 082 238 182 191 209 231
0009 024 198 061 233 203 185 240 224
0010 220 159 258 198 010 177 033 215
0015 009 089 066 135
0022 010 095 055 136
0023 155 211 173 238
0030 008 115 042 155
0031 009 115 043 155
0035 010 118 035 153
0036 010 117 035 152
0038 010 120 031 151
0039 010 120 033 155
0040 159 213 180 239 009 123 035 156
0041 009 125 032 157
0042 009 124 033 156 267 123 306 145
0043 271 124 311 150 009 126 035 157
0044 009 122 043 159
0045 009 122 043 160 265 122 307 147
0046 006 129 041 161
0047 008 129 044 163
0048 010 132 035 165
0049 009 128 043 163
0050 010 130 035 159
0051 010 128 036 158 255 119 311 148
0052 010 127 036 160 256 119 311 148
0053 009 124 036 157 258 119 311 148
0054 265 123 307 146 010 121 035 153
0055 009 121 037 153
0056 005 132 044 168
0057 030 148 070 190
0058 054 173 093 209 226 162 262 200
0059 074 190 101 222 215 176 242 212
0060 092 192 117 233 186 180 219 226
0061 175 195 196 229 103 191 124 230
0062 175 198 195 234
