0013 026 218 055 236
0014 020 213 059 239
0015 141 222 180 239 024 213 054 239
0016 019 213 059 239 140 222 180 239
0017 025 215 055 239
0018 025 219 055 238
0019 132 219 179 239 026 213 054 239
0020 126 219 177 239 023 212 056 239
0021 122 203 168 239 018 197 054 238
0022 125 177 169 224 020 177 062 239
0023 018 150 058 217 124 138 165 207
0024 021 136 067 202 117 120 158 187
0025 024 128 063 190 114 111 146 178
0026 025 117 063 182 104 105 137 184
0027 031 112 070 180 078 118 119 182
0028 050 124 090 199 043 113 072 165
0029 048 141 094 200 038 116 073 178
0030 043 132 082 203 053 159 104 216
0031 041 122 078 188 051 170 108 219
0032 038 125 080 191 047 151 103 217
0033 034 125 075 179 051 164 102 220
0034 034 124 073 180 048 161 103 215
0035 034 126 075 177 045 158 098 212
0036 033 122 073 177 046 160 095 218
0037 030 124 076 180 047 162 097 217
0038 029 123 077 180 047 156 097 216
0039 027 122 073 180 045 155 098 217
0040 027 128 074 180 047 162 095 220
0041 030 121 077 178
0042 024 122 075 176 043 160 096 219
0043 022 124 075 176 049 160 092 220
0044 022 119 071 174
0045 025 117 073 176
0046 025 120 072 176
0047 023 121 071 175
0048 022 121 072 176
0049 026 122 073 176 043 163 095 222
0050 021 124 073 177
0051 030 127 076 181
0052 038 145 080 208
0053 045 180 096 239
0054 051 209 093 239 028 188 060 232
0055 033 196 063 239
0056 040 217 066 239
