0000 123 189 173 231 057 195 097 239
0001 130 166 162 191 070 175 095 215
0002 120 136 174 178 046 143 101 183
0003 069 118 112 154 120 118 158 161
0004 129 130 161 176 074 128 119 160
0005 079 135 120 168 132 139 164 188
0006 138 156 166 196 080 155 122 196
0007 089 161 133 221 139 149 178 197
0008 090 160 135 218 136 142 183 180
0009 147 127 184 159 091 148 137 179
0010 100 131 138 158 148 119 190 158
0011 104 115 153 154 151 105 190 149
0012 109 102 160 137 153 094 196 135
0013 163 093 201 128 113 094 169 129
0014 117 089 172 125 163 089 204 132
0015 121 099 163 137 168 101 203 138
0016 167 111 208 140 120 105 183 133
0017 122 103 193 137 172 110 209 147
0018 121 112 189 145 183 113 215 156
0019 117 141 172 181 183 156 221 198
0020 106 163 152 212 179 182 216 221
0021 076 197 114 239 176 203 207 239
0022 181 194 204 230
