0000 119 215 168 239
0001 120 213 168 239
0002 119 214 175 239
0003 120 207 176 239
0004 122 188 177 226
0005 122 166 171 204
0006 122 132 174 169
0007 120 105 174 146
0008 119 101 175 140
0009 118 097 176 136 200 214 235 239
0010 124 096 177 135
0011 125 097 178 134
0012 127 098 177 136
0013 125 094 178 136 198 214 232 239
0014 128 097 177 136
0015 128 098 176 136 200 214 235 239
0016 125 099 180 136
0017 124 100 176 135
0018 125 100 178 138
0019 128 094 179 135
0020 124 100 177 138
0021 125 094 176 133
0022 128 097 182 136
0023 123 093 182 135
0024 127 104 182 144
0025 124 136 180 173
0026 127 159 183 201
0027 127 195 175 239
0028 122 214 168 239
0029 118 215 170 239
0030 110 217 165 239
0031 112 217 165 239
