0000 183 205 208 238 107 210 127 239
0001 184 205 208 238 107 211 127 239
0002 186 209 205 239 105 208 132 239
0003 104 207 132 239 171 203 197 237
0004 105 207 132 239 153 178 189 214
0005 108 211 127 239 133 138 182 177
0006 104 208 131 239 134 104 172 133
0007 108 212 128 239 146 087 186 126
0008 107 207 126 236 173 078 202 123
0009 105 205 126 239 187 072 214 118
0010 106 210 126 239 189 069 223 112
0011 105 210 125 239 200 073 229 116
0012 105 209 126 239 201 073 234 122
0013 106 210 127 239 205 079 240 127
0014 213 086 243 135 107 211 126 239
0015 107 209 128 239 210 103 246 151
0016 107 212 127 239 211 148 239 176
0017 107 211 127 239 210 184 232 226
0018 107 210 128 239 195 211 212 239
0019 107 211 127 239 185 205 203 236
0020 107 213 127 239 183 207 208 238
0021 187 206 206 239 105 203 127 238
