0002 147 216 189 239
0003 138 206 186 239 047 217 091 239
0004 134 185 179 235 052 200 099 239
0005 133 165 171 219 064 180 110 224
0006 131 157 172 198 067 165 105 211
0007 073 153 116 195 129 147 165 189
0008 077 147 119 186 126 143 167 183
0009 078 149 115 190 125 144 166 183
0010 080 150 115 189 127 143 167 183
0011 080 145 119 192 127 144 166 184
0012 078 150 119 191 128 144 167 183
0013 077 151 119 191 129 144 167 183
0014 075 149 120 190 130 144 168 184
0015 079 148 119 195 127 146 166 187
0016 075 149 119 193 127 145 168 189
0017 076 147 119 191 132 145 163 183
0018 076 149 119 192 130 144 168 182
0019 076 148 119 191 130 145 168 183
0020 073 148 119 195 130 145 169 183
0021 075 151 113 194 130 144 169 183
0022 073 148 118 194 129 144 169 183
0023 075 151 114 193 130 145 168 183
0024 072 152 118 197 131 147 165 189
0025 073 158 117 204 128 151 166 194
0026 066 171 113 217 131 159 168 212
0027 130 180 166 233 057 195 104 238
0028 136 202 176 239 053 210 093 239
0029 147 216 180 239
