0000 105 182 130 210 158 201 175 234
0001 106 182 132 211 158 201 175 234
0002 105 183 131 211 158 199 175 234
0003 105 185 131 214 158 198 176 230
0004 104 191 130 222 158 198 176 230
0005 099 194 123 231 158 198 176 230
0006 095 198 116 233 159 201 176 234
0007 075 198 102 232 162 196 183 231
0008 061 198 087 228 172 192 194 225
0009 200 188 231 222 033 186 059 218
0010 014 171 034 192 221 169 251 197
0011 238 151 270 179
0012 230 148 274 180
0013 199 144 246 183
0014 174 144 203 183 097 140 124 169
0015 117 140 144 172
0016 116 141 144 181
0017 185 152 215 195 096 143 120 174
0018 206 149 249 189
0019 226 149 271 178 040 126 082 158
0020 235 149 274 175
0021 239 142 274 167
0022 224 146 274 177 044 132 069 155
0023 204 150 246 193
0024 184 151 214 200 095 150 117 181
0025 106 151 132 192 164 154 191 195
0026 103 164 127 204 169 164 195 206
0027 185 174 211 215 082 165 107 201
0028 200 179 242 213 051 172 084 208
0029 047 178 073 212 213 183 241 218
0030 066 186 083 214 198 188 222 221
0031 077 185 098 217
0032 084 185 101 218
0033 090 185 113 211
0034 097 182 123 215
0035 098 182 125 212
0036 102 180 127 210
