0005 087 214 150 239
0006 079 184 146 232
0007 076 164 141 211
0008 071 147 142 191
0009 068 143 144 183
0010 068 139 139 176
0011 067 138 141 176
0012 068 135 138 170
0013 072 133 139 172
0014 069 137 136 176
0015 074 146 148 185
0016 078 158 159 203
0017 092 167 162 209
0018 096 172 169 215
0019 101 174 172 216
0020 101 173 173 215
0021 102 169 169 208
0022 096 167 169 208
0023 088 161 162 201
0024 079 149 155 188
0025 074 145 151 183
0026 075 141 150 176
0027 069 138 146 175
0028 071 138 145 172
0029 070 137 146 171
0030 070 137 143 171
0031 071 142 142 176
0032 071 153 151 197
0033 079 172 150 216
0034 082 183 154 232
0035 092 196 162 239
0036 100 205 170 238
0037 104 205 172 238
0038 099 199 166 239
0039 092 197 167 239
0040 085 188 165 231
0041 083 178 157 224
0042 076 176 152 217
0043 077 168 147 210
0044 071 165 145 206
0045 069 167 147 209
0046 073 170 143 209
0047 071 175 141 218
0048 076 191 150 236
0049 086 204 156 239
0050 092 212 160 239
0051 107 221 165 239
