0004 102 215 155 239
0005 105 198 156 239
0006 104 187 154 236
0007 104 188 157 236
0008 106 191 158 235
0009 107 188 158 236
0010 110 191 162 237
0011 109 186 161 234 172 170 204 230
0012 159 172 200 231 108 184 154 233
0013 154 163 193 229 111 174 155 228
0014 151 149 193 215 104 160 146 208
0015 150 141 193 210 106 151 149 207
0016 149 136 191 201 107 142 152 195
0017 105 138 152 190 149 136 191 201
0018 149 134 190 201 104 138 152 195
0019 104 139 153 190 149 138 188 203
0020 104 140 153 197 150 140 194 200
0021 104 140 152 197 149 137 191 202
0022 108 140 156 198 149 137 191 202
0023 107 141 157 198 150 139 191 205
0024 105 143 155 197 152 138 188 202
0025 106 143 155 197 152 142 188 204
0026 151 138 189 202 106 143 155 196
0027 106 139 156 198 151 142 189 205
0028 102 141 154 198 151 142 189 205
0029 103 143 153 201 151 141 190 206
0030 103 144 153 201 151 141 190 206
0031 101 142 154 198 151 141 190 206
0032 103 144 152 201 151 143 190 206
0033 102 142 154 199 151 142 190 206
0034 102 142 154 199 151 142 190 206
0035 103 144 153 202 151 141 190 206
0036 151 142 191 207 105 147 153 196
0037 148 154 200 213 099 161 148 215
0038 073 196 128 239 182 195 226 236
