0017 114 212 157 239
0018 109 197 152 237
0019 115 177 162 236
0020 117 170 161 230
0021 116 161 158 219
0022 114 148 159 211
0023 114 136 158 200
0024 115 129 158 191
0025 112 117 161 179
0026 114 108 163 170
0027 121 097 161 165
0028 114 103 166 164
0029 118 101 164 162
0030 115 105 170 161
0031 122 100 168 156
0032 118 102 167 158
0033 120 101 170 157
0034 122 098 177 158
0035 122 098 177 158
0036 119 099 177 156
0037 118 099 178 158
0038 119 097 177 154
0039 120 096 178 153
0040 125 096 182 156
0041 123 093 177 152
0042 120 095 179 154
0043 118 097 180 155
0044 120 098 176 157
0045 118 096 180 157
0046 116 097 180 157
0047 118 098 179 156
0048 122 096 173 154
0049 116 099 177 157
0050 119 096 175 158
0051 121 102 177 165
0052 125 121 176 186
0053 133 175 184 230
0054 133 201 177 239
