0008 040 217 070 239
0009 009 217 047 239
0010 242 213 287 239 003 204 041 239
0011 265 190 314 239 003 205 040 239
0012 233 115 287 163 013 206 051 239
0013 218 072 264 124 026 206 070 239
0014 191 026 237 089 044 209 076 239
0015 169 015 222 069 051 207 085 239
0016 159 010 208 064 061 210 100 239
0017 157 012 201 062 064 210 098 239
0018 142 012 198 064 065 211 108 239
0019 138 023 190 071 072 209 110 239
0020 074 215 117 239 122 057 176 108
0021 102 126 162 184 070 210 112 239 114 223 138 239
0022 103 136 157 194 073 211 116 239 113 222 137 239
0023 107 137 156 196 077 213 121 239
0024 109 135 160 195 078 212 120 239
0025 108 133 162 194 080 216 116 239 114 223 139 239
0026 105 137 163 191 076 211 115 239
0027 111 134 166 193 079 212 117 239 113 223 140 239
0028 113 135 163 194 079 210 118 239 114 223 140 239
0029 117 136 167 194 076 214 121 239 115 223 140 239
0030 119 139 173 199 079 213 121 239
0031 117 138 173 204 076 206 120 239
0032 075 204 119 239 118 144 174 201
0033 073 196 121 239 119 147 172 197
0034 066 195 110 239 136 149 185 199
0035 046 193 081 239 160 158 209 214
0036 013 183 061 235 205 174 244 224
0037 213 176 268 228 006 183 054 230
0038 207 171 261 223 009 177 049 224
0039 189 164 231 216 010 175 050 224
0040 006 174 055 220 174 159 208 212
0041 157 157 194 205 035 163 079 212
0042 152 163 192 210 062 153 098 199
0043 143 157 183 209 073 149 110 191
0044 067 149 107 193 138 154 177 196
0045 064 154 100 199 127 144 166 186
0046 061 152 097 204 124 144 164 181
0047 065 150 102 200 128 143 165 181
0048 127 143 165 183 069 147 106 194
0049 125 145 165 187 077 143 117 189
0050 124 146 165 193 082 140 118 187
0051 114 143 153 186 087 144 116 184
0052 119 140 155 184 083 145 113 192
0053 084 149 113 196 110 138 150 177
0054 085 144 116 190 120 135 159 179
0055 092 143 121 189 123 141 155 183
0056 119 140 157 187 096 136 126 182
0057 119 141 158 185 093 135 119 183
0058 120 138 155 183 090 139 129 189
0059 118 138 154 183 088 142 116 186
0060 119 133 157 184 090 136 123 189
0061 122 138 155 181 090 137 127 187
0062 124 138 162 185 094 135 127 185
0063 120 137 159 184 096 138 124 187
0064 115 132 156 181 089 138 128 189
0065 085 140 118 195 113 131 150 177
0066 086 143 118 194 118 133 156 178
0067 116 133 157 181 092 146 120 191
0068 110 136 153 184
0069 107 134 153 181
0070 089 134 146 186
0071 115 137 147 178 089 139 122 190
0072 089 136 123 187 115 138 149 184
0073 092 137 142 184
0074 090 137 145 184
0075 093 136 142 186
0076 095 137 153 183
0077 092 136 148 183
0078 111 135 152 180 089 139 126 187
0079 091 140 145 184
0080 114 138 150 184 090 140 123 187
0081 116 137 161 186 082 134 122 187
0082 144 164 188 211 059 161 099 209
0083 013 206 056 239 188 210 224 239
