0000 109 216 146 239
0001 107 215 146 239
0002 103 210 143 239 007 217 032 239
0003 110 209 144 239 007 218 033 239
0004 104 206 141 239 004 217 030 239
0005 111 203 150 239 002 213 031 239
0006 106 180 146 230 008 187 048 236
0007 095 166 136 214 025 167 060 217
0008 088 146 133 200 035 156 071 204
0009 082 144 125 193 041 152 085 202
0010 082 136 125 191 046 137 086 192
0011 085 125 128 183 047 136 087 191
0012 053 132 091 185 087 124 126 178
0013 055 129 091 181 088 126 124 183
0014 089 126 122 180 053 125 093 178
0015 084 125 125 185 054 126 093 181
0016 083 130 125 187 049 126 092 166
0017 086 126 121 178 054 124 091 173
0018 055 126 093 176 086 126 120 174
0019 084 126 120 175 057 131 090 182
0020 058 133 091 179 086 124 122 177
0021 084 128 125 181 054 126 092 171
0022 088 129 124 182 055 126 095 169
0023 055 126 095 170 086 127 124 178
0024 055 129 105 175 083 122 126 172
0025 061 129 109 177
0026 056 129 093 171 080 128 119 177
0027 083 133 124 187 049 126 093 167
0028 084 133 125 183 057 132 092 176
0029 050 133 091 174 084 130 119 180
0030 050 133 090 173 084 126 119 177
0031 050 132 092 172 082 125 124 177
0032 082 132 120 176 056 131 093 173
0033 078 129 122 177 051 131 092 171
0034 069 129 120 176
0035 083 128 121 176 058 133 092 171
0036 049 133 092 175 083 125 123 176
0037 082 135 125 182 050 132 091 175
0038 079 135 121 184 056 134 094 180
0039 087 133 123 186 056 134 093 179
0040 082 133 120 184 058 136 091 178
0041 089 135 126 194 055 138 094 179
0042 084 141 125 192 051 145 088 196
0043 085 155 131 193 042 155 081 201
0044 034 181 074 226 094 175 141 216
0045 104 184 141 228 028 203 062 239
0046 105 193 145 238 027 215 068 239
0047 107 195 143 239 028 213 063 239
0048 105 209 144 239 028 213 064 239
0049 105 212 141 239 028 212 065 239
0050 108 213 139 239 029 215 064 239
0051 105 212 139 239 029 214 064 239
0052 104 212 139 239 030 212 064 239
0053 104 211 140 239 030 214 060 239
