0002 128 210 162 238
0003 127 214 157 239
0004 107 194 143 237
0005 087 172 124 226
0006 061 148 117 194
0007 046 130 111 172
0008 046 119 107 157
0009 043 110 098 149
0010 047 108 103 146
0011 048 108 104 146
0012 045 110 110 146
0013 046 110 110 147
0014 048 110 104 151
0015 048 111 104 152
0016 048 110 103 152
0017 048 110 105 148
0018 047 110 106 149
0019 047 111 109 149
0020 049 109 109 148
0021 048 114 108 153
0022 045 120 107 162
0023 045 126 108 169
0024 059 157 106 208
0025 098 192 130 234
0026 123 204 154 237
0027 136 214 170 238
