0000 101 198 140 239
0001 090 183 131 229
0002 084 160 118 208
0003 070 105 103 168
0004 065 081 104 155
0005 061 060 100 138
0006 059 050 097 123
0007 055 048 090 121
0008 055 048 095 125
0009 056 046 095 123
0010 056 046 095 124
0011 057 048 096 127
0012 055 047 093 123
0013 057 047 094 123
0014 055 048 094 126
0015 055 050 093 126
0016 055 050 092 124
0017 059 053 100 131
0018 075 105 108 154
0019 084 146 126 189
0020 092 170 136 211
0021 103 194 145 238
0022 108 205 147 239
0023 114 206 149 237
0024 113 213 151 239
0025 115 216 152 237
0026 115 217 153 237
0027 113 215 153 239
0028 113 215 152 239
0029 113 216 152 239
0030 116 220 147 239
0031 115 220 147 239
0032 113 217 151 239
0033 112 218 149 239
