0000 149 216 181 239
0001 143 216 182 239
0002 146 215 186 238
0003 152 203 195 238
0004 165 175 207 216
0005 174 138 218 196
0006 179 075 220 148
0007 179 051 221 130
0008 177 048 221 115
0009 180 045 219 117
0010 179 044 217 109
0011 181 042 221 114
0012 182 046 219 114
0013 182 047 216 112
0014 180 045 216 108
0015 183 040 223 115
0016 179 040 218 106
0017 179 040 218 107
0018 183 041 222 111
0019 181 038 224 101
0020 183 034 223 099
0021 180 028 217 094
0022 183 030 220 090
0023 182 029 221 093
0024 181 026 225 088
0025 183 029 220 087
0026 180 025 221 086
0027 180 025 221 084
0028 183 027 220 086
0029 180 025 221 085
0030 180 025 220 086
0031 184 026 222 090
0032 184 025 222 090
0033 182 023 222 089
0034 183 026 222 091
0035 184 026 222 092
0036 181 024 220 087
0037 186 025 220 086
0038 187 035 225 104
0039 189 063 221 128
0040 181 120 226 174
0041 176 154 214 199
0042 158 201 194 239
0043 154 223 179 239
0044 155 219 187 238
