0010 129 217 169 239
0011 136 173 188 226
0012 144 138 195 203
0013 151 113 203 179
0014 153 114 211 178 201 203 240 239
0015 157 117 216 171 154 167 220 211
0016 151 119 213 187
0017 140 118 205 165
0018 137 115 183 167 175 111 209 165
0019 133 113 179 165 174 112 211 156
0020 131 115 180 168 171 112 207 164
0021 130 112 179 168 171 114 203 162
0022 131 112 178 169 171 112 209 159
0023 130 116 179 167 179 116 214 168
0024 133 117 181 169 186 116 237 181
0025 131 117 182 169 199 130 250 182
0026 140 116 187 169 202 126 251 179
0027 143 120 188 173 201 128 252 181
0028 139 122 190 173 199 129 251 182
0029 136 119 185 174 199 127 251 180
0030 135 121 183 172 198 127 252 179
0031 141 126 190 176 195 134 250 183
0032 152 139 199 196 189 135 241 194
0033 162 152 233 214
0034 140 167 213 220 211 201 248 236
0035 136 204 190 239
0036 125 212 167 239
