0000 122 189 144 221 193 183 211 215
0001 122 189 144 222 193 183 210 214
0002 122 190 144 222 192 183 210 214
0003 192 183 210 214 119 191 139 223
0004 115 189 134 218 193 183 211 214
0005 094 188 117 216 193 181 211 214
0006 195 180 213 212 076 161 097 191
0007 195 180 214 211 057 125 082 149
0008 055 099 079 124 194 178 214 209
0009 064 056 092 085 195 177 214 208
0010 084 021 107 052 199 177 219 209
0011 108 008 132 037 195 176 215 209
0012 122 011 147 039 197 178 217 211
0013 197 178 216 211 132 023 159 049
0014 197 179 217 214
0015 197 178 216 212
0016 197 178 216 211
0017 196 180 214 211
0018 197 178 217 215
0019 198 177 217 211
0020 198 177 217 211
0021 198 177 217 210
0022 198 177 217 210
0023 198 177 217 210
0024 196 180 213 211
0025 196 180 213 210 138 039 162 058
0026 128 033 159 054 197 179 217 210
0027 196 181 213 209 120 035 144 060
0028 107 042 129 071 196 181 213 209
0029 095 055 118 091 197 179 216 210
0030 085 079 109 112 197 179 216 210
0031 080 122 107 150 197 179 216 210
0032 196 181 213 210 085 151 111 182
0033 094 176 116 206 196 181 213 210
0034 096 183 122 214 196 179 216 211
0035 111 186 132 217 196 179 216 211
0036 118 187 138 218 195 178 215 211
0037 119 188 138 219 196 179 216 211
0038 119 188 139 218 193 181 213 210
0039 118 188 137 217 195 179 215 211
0040 118 188 136 217 195 179 215 211
0041 118 187 137 217 193 182 213 210
