0000 226 220 261 239 148 215 171 239
0001 226 220 261 239 148 215 171 239
0002 226 219 261 239 148 215 171 239
0003 226 220 261 239 148 215 171 239
0004 227 223 262 239 144 214 175 238
0005 223 217 262 239 144 214 175 238
0006 211 208 255 239 149 215 171 239
0007 201 199 241 235 149 214 172 239
0008 185 177 217 218 149 213 174 239
0009 164 153 206 195 150 211 176 234
0010 161 139 201 174 150 215 173 239
0011 159 134 192 168 149 215 174 239
0012 160 133 187 162 149 216 171 239
0013 160 133 186 162 147 215 173 236
0014 162 133 190 163 148 216 172 239
0015 162 132 190 163 148 216 171 239
0016 158 134 186 163 145 215 172 239
0017 158 133 187 163 148 217 171 239
0018 158 133 187 162 148 216 171 239
0019 157 130 190 159 145 214 172 239
0020 157 130 190 159 144 214 172 239
0021 157 130 190 159 144 214 172 239
0022 160 132 186 163 144 214 172 239
0023 160 132 186 165 148 214 171 239
0024 160 136 189 166 148 214 171 239
0025 163 141 194 178 148 215 171 239
0026 173 156 207 197 147 215 171 239
0027 190 179 228 218 147 215 171 237
0028 207 198 246 235 144 215 167 239
0029 225 205 257 239 145 214 167 239
0030 233 217 269 238 145 215 167 239
0031 242 215 268 239 147 215 171 239
0032 245 221 270 239 147 214 172 239
0033 243 217 268 239 147 215 172 239
0034 240 220 264 239 147 215 172 239
0035 238 220 267 238 143 215 175 239
0036 240 220 264 239 144 214 175 238
0037 241 220 264 239 148 215 171 239
0038 241 220 264 239 148 216 171 239
0039 241 219 264 239 147 216 171 239
0040 240 220 264 239 147 216 170 239
