0005 044 225 075 239
0006 043 222 076 238
0007 043 223 075 239
0008 109 212 152 239 043 223 075 238
0009 104 192 155 239 043 223 075 238
0010 104 175 153 230 043 223 075 238
0011 108 150 151 204 043 223 075 238
0012 112 129 159 188 043 223 075 239
0013 111 115 156 169 043 223 075 239
0014 117 090 162 150 042 223 075 239
0015 122 075 160 136 042 222 075 238
0016 127 061 163 126 042 222 075 238
0017 133 054 170 114 042 222 075 238
0018 142 042 178 111 042 223 075 239
0019 141 037 181 107 042 223 074 239
0020 145 038 183 105 042 223 074 239
0021 150 035 190 101 041 223 074 238
0022 156 033 195 101 041 223 074 238
0023 161 029 194 098 042 222 074 238
0024 161 027 193 095 042 222 075 238
0025 161 027 194 094 042 222 075 238
0026 161 028 194 093 042 223 075 238
0027 156 031 195 095 042 223 075 238
0028 161 028 194 095 042 223 075 238
0029 161 030 195 095 042 223 075 238
0030 160 040 193 104 043 223 075 238
0031 147 081 186 138 042 222 075 238
0032 138 133 183 197 042 222 075 238
0033 126 173 171 225 042 222 075 238
0034 112 201 158 238 042 222 075 238
0035 114 216 157 239 042 223 074 238
0036 044 222 076 238 109 215 152 239
0037 042 221 077 239
0038 042 221 077 239
