0000 147 212 167 236
0001 144 207 166 236
0002 131 202 155 228
0003 116 185 144 217
0004 107 171 134 207
0005 098 154 127 193
0006 099 135 125 177
0007 093 129 119 165
0008 088 124 121 161
0009 091 127 124 161
0010 088 131 118 162
0012 087 129 112 161
0013 083 122 108 150
0015 085 076 113 117
0016 083 073 116 114
0017 077 077 115 112
0019 082 124 120 160
0020 088 139 115 172
0021 093 149 119 174
0022 086 133 113 169
0025 084 081 113 121
0026 081 074 114 114
0027 085 082 113 120
0028 078 093 116 133
0031 084 108 114 144
0032 085 107 114 144
0033 087 118 116 155
0034 092 150 121 181
0035 119 188 143 216
0036 137 203 161 233
0037 147 209 169 236
0038 153 212 175 239
0039 155 208 177 235
0040 152 210 176 239
0041 154 211 173 239
0042 154 210 173 239
0043 154 210 173 239
0044 154 209 173 239
0045 155 209 173 238
0046 155 209 173 238
0047 155 209 174 238
0048 156 208 176 235
0049 156 208 176 235
0050 157 208 177 237
