0000 117 209 140 235 199 216 225 238
0001 113 204 138 239 199 216 226 238
0002 109 189 134 230 201 217 222 239
0003 100 183 126 216 197 216 225 238
0004 093 168 122 192 201 218 222 239
0005 096 143 128 175 201 218 222 239
0006 098 123 132 160 196 216 226 238
0007 108 105 141 139 200 216 223 237
0008 110 094 145 128 198 215 226 239
0009 115 086 149 119 198 215 228 238
0010 110 084 153 118 200 215 227 239
0011 114 083 150 118 200 216 226 238
0012 114 083 153 120 196 214 226 238
0013 119 082 157 117 197 216 227 238
0014 114 086 155 120 198 214 228 238
0015 119 083 157 115 198 214 228 238
0016 118 083 156 116 197 214 227 238
0017 120 081 156 117 199 214 227 238
0018 120 078 156 117 195 215 226 238
0019 113 087 155 120 198 215 226 238
0020 118 086 156 118 194 214 224 237
0021 114 084 154 120 201 214 223 239
0022 119 083 156 117 199 216 227 238
0023 115 076 154 118 197 216 227 238
0024 115 076 154 119 196 216 226 238
0025 119 081 156 118 196 216 226 238
0026 119 084 156 120 196 216 226 238
0027 118 085 156 119 196 215 226 238
0028 118 080 148 116 196 214 226 238
0029 119 077 149 118 198 213 225 237
0030 120 078 148 119 197 215 227 238
0031 118 084 149 118 200 212 225 239
0032 118 086 148 120 200 215 228 238
0033 118 086 156 119 200 213 225 239
0034 119 084 157 119 201 213 225 239
0035 121 081 155 117 201 213 225 239
0036 121 076 155 116 197 213 228 238
0037 122 078 151 115 200 213 225 237
0038 115 083 150 120 200 213 225 237
0039 114 084 150 119 201 210 223 235
0040 114 082 150 119 199 213 226 238
0041 114 082 151 119 201 214 226 239
0042 114 085 153 119 199 214 226 238
0043 114 083 154 118 202 212 224 236
0044 121 077 155 115 202 211 224 235
0045 122 086 147 119 199 213 226 238
0046 123 084 150 115 197 215 228 238
0047 123 084 150 115 199 213 225 238
0048 113 084 151 119 197 213 228 238
0049 118 082 154 116 197 213 228 238
0050 115 085 150 121 200 213 225 237
0051 119 089 150 123 196 214 224 237
0052 118 100 146 137 197 215 226 238
0053 117 123 144 161 195 216 225 238
0054 123 162 147 190 200 216 224 239
0055 125 190 152 234 194 215 223 238
0056 122 213 147 235 198 217 222 239
0057 194 216 224 239 119 215 145 239
0058 198 216 226 238 111 215 138 239
