0001 160 216 197 235
0002 138 188 188 234 062 185 125 227
0003 069 154 139 196 122 165 171 204
0004 080 143 161 186
0005 074 143 145 185 122 148 174 186
0006 060 140 114 190 138 146 192 188
0007 032 139 085 189 173 136 233 178
0008 182 137 238 181 034 141 088 190
0009 038 142 088 188 180 140 233 182
0010 040 148 097 192 178 136 229 181
0011 169 125 215 176 054 154 109 197
0012 066 163 138 200 138 124 187 166
0013 124 115 177 163 072 164 145 200
0014 112 111 167 159 074 159 146 196
0015 076 155 150 194 104 132 163 170
0016 075 159 147 197 109 134 171 169
0017 075 159 146 195 115 128 167 162
0018 078 149 154 191
0019 074 162 145 196 109 137 168 176
0020 070 173 140 222 122 141 174 187
0021 066 200 127 238 151 172 209 234
0022 170 194 223 239 063 219 110 237
0023 172 202 226 239 066 222 099 239
0029 179 206 224 236
