0000 166 214 193 239 112 208 132 238
0001 111 208 128 236 168 212 194 239
0002 101 207 119 235 170 208 195 239
0003 090 190 109 222
0004 075 161 105 196
0005 081 111 104 147 191 144 213 172
0006 175 093 204 133 093 073 114 113
0007 171 067 197 102 105 052 125 088
0008 110 041 136 085 161 054 189 083
0009 122 041 143 081 157 044 181 068
0010 151 048 176 070 132 040 153 069
0011 135 038 158 076 147 041 173 078
0012 137 040 159 074
0013 138 041 160 071
0014 137 041 160 074
0015 137 040 160 072
0016 133 039 155 075 146 041 171 079
0017 132 040 155 075 145 041 169 071
0018 147 041 176 069 129 027 151 068
0019 156 029 180 056 116 025 135 061
0020 161 023 186 050 107 019 128 059
0021 084 020 112 055 175 019 197 050
0022 060 025 100 062 183 013 208 048
0023 191 016 217 057 041 041 085 072
0024 202 024 230 065 026 065 080 093
0025 211 048 243 085 023 088 070 108
0026 226 087 256 119 022 118 052 140
0027 228 119 262 152 024 142 057 163
0028 228 139 261 174 026 154 059 177
0029 222 176 251 204 038 171 068 196
0030 213 197 237 223 051 185 077 217
0031 070 199 099 224 197 209 229 239
0032 084 207 109 231 190 214 214 239
0033 185 217 206 239 112 204 130 235
0034 178 212 199 239 114 208 132 234
0035 110 207 127 235 178 213 197 239
0036 176 212 198 239 108 208 126 236
