0000 099 209 123 239 184 187 208 233
0001 099 204 124 239 182 184 208 231
0002 098 201 124 237 181 183 207 224
0003 098 193 123 235 182 177 207 221
0004 182 157 211 205 094 170 121 205
0005 184 151 208 180 097 157 122 186
0006 182 122 209 162 091 131 125 176
0007 183 095 210 143 098 108 123 151
0008 099 095 125 140 179 079 208 126
0009 177 073 203 119 099 087 125 129
0010 101 082 127 124 175 068 201 113
0011 104 077 126 119 172 065 197 112
0012 170 068 196 111 105 071 130 118
0013 161 064 198 110 106 074 129 113
0014 161 064 198 109 108 073 132 110
0015 168 068 195 108 106 072 129 112
0016 160 063 198 111 104 070 129 110
0017 166 063 192 109 105 071 131 113
0018 166 062 190 110 110 072 132 116
0019 166 062 190 111 112 072 133 114
0020 167 063 190 111 112 069 136 112
0021 112 069 137 116 168 062 191 110
0022 113 068 138 111 168 062 191 111
0023 112 067 137 113 169 062 192 112
0024 116 068 140 112 165 066 188 111
0025 116 069 139 114 164 062 188 112
0026 112 070 143 116 166 065 190 113
0027 118 072 139 113 168 065 190 111
0028 118 072 140 117 166 068 190 114
0029 118 073 143 119 165 066 189 117
0030 121 077 142 118 164 068 189 119
0031 120 076 142 119 165 069 190 119
0032 120 079 143 122 163 068 190 120
0033 122 079 145 122 163 072 188 120
0034 124 082 146 120 167 072 188 115
0035 124 082 146 120 163 069 186 119
0036 121 082 144 120 168 075 189 121
0037 165 078 189 121 122 082 145 121
0038 162 072 185 122 124 079 149 124
0039 123 083 147 120 163 077 186 121
0040 121 080 146 120 161 075 186 120
0041 123 085 149 120 162 074 185 121
0042 124 085 149 121 164 078 187 121
0043 124 083 149 120 163 075 186 121
0044 164 077 189 124 127 079 150 124
0045 163 076 184 122 129 085 153 122
0046 164 078 188 121 126 081 151 124
0047 164 079 187 122 126 079 159 122
0048 129 081 154 120 163 077 186 125
0049 164 077 188 121 126 081 157 125
0050 126 082 151 124 165 076 188 122
0051 127 084 149 125 163 077 187 122
0052 126 079 158 123 164 079 188 122
0053 162 079 187 122 126 079 158 124
0054 126 080 157 124 166 075 189 126
0055 126 080 157 124 162 076 184 125
0056 128 081 153 122 165 075 184 125
0057 126 080 158 124 163 081 185 126
0058 126 081 157 124 164 075 183 127
0059 126 080 158 125 163 075 184 125
0060 127 079 160 125 163 081 183 122
0061 127 079 160 125 167 083 187 125
0062 126 080 158 126 167 083 187 126
0063 126 082 153 129 163 080 184 130
0064 122 092 159 136 163 093 185 138
0065 126 106 165 152 161 117 191 158
0066 163 153 201 193 113 143 156 172
0067 112 163 149 199 169 177 194 223
0068 105 197 136 239 176 201 198 234
0069 096 207 125 235 180 197 201 231
0070 096 205 120 239 181 200 200 232
0071 095 202 120 238 181 190 205 236
0072 096 206 121 238 181 190 202 233
0073 098 205 124 237 177 193 200 233
