0007 135 203 178 239
0008 161 155 232 228
0009 169 138 247 208
0010 181 109 267 184
0011 189 101 271 173
0012 188 088 280 164
0013 188 088 279 162
0014 186 081 278 159
0015 185 082 275 158
0016 185 081 268 152
0017 179 076 266 150
0018 177 076 264 149
0019 176 076 263 150
0020 177 075 264 151
0021 177 075 264 152
0022 177 075 264 152
0023 178 074 262 153
0024 182 081 250 148
0025 164 094 204 164
0026 140 129 183 182
0027 121 173 160 228
0028 102 211 153 237
0029 106 203 170 239
0030 123 202 168 237
0031 125 207 168 239
