0006 118 211 150 239
0007 129 171 163 233
0008 152 129 194 195
0009 161 103 204 170
0010 169 085 218 162
0011 182 070 233 146
0012 189 069 238 142
0013 189 070 240 142
0014 189 070 238 143
0015 189 070 238 145
0016 185 071 233 149
0017 185 078 234 151
0018 185 076 236 151
0019 187 079 235 152
0020 184 076 233 151
0021 186 079 234 152
0022 186 080 237 152
0023 186 079 234 151
0024 187 079 233 151
0025 184 077 232 147
0026 182 079 231 150
0027 179 082 226 151
0028 161 087 196 161
0029 151 116 181 176
0030 134 152 170 209
0031 121 184 156 235
0032 105 215 148 239
