0006 247 202 286 235
0007 243 159 274 218
0008 225 124 260 180
0009 210 107 252 162
0010 206 102 240 154
0011 198 098 237 152
0012 198 099 239 151
0013 201 101 242 153
0014 205 103 240 159
0015 206 107 241 159
0016 207 105 243 162
0017 207 105 243 161
0018 207 106 243 159
0019 210 104 246 162
0020 211 103 246 162
0021 211 104 246 162
0022 211 104 245 161
0023 211 103 247 162
0024 207 104 244 156
0025 213 107 243 155
0026 209 109 245 161
0027 209 114 243 163
0028 212 115 251 168
0029 217 124 258 179
0030 223 147 259 202
0031 235 182 273 238
