0006 097 215 159 239
0007 075 146 138 211
0008 071 123 123 200
0009 060 130 123 195
0010 062 128 133 187
0011 066 131 143 193
0012 071 145 154 203
0013 096 156 170 214
0014 108 153 176 215
0015 114 140 187 199
0016 117 121 191 176
0017 124 122 190 172 060 210 084 238
0018 130 124 200 181 058 217 086 239
0019 138 139 207 201
0020 155 142 217 207
0021 163 141 226 199
0022 174 140 220 192
0023 171 150 223 200
0024 170 147 224 198
0025 180 138 241 194
0026 184 127 244 182
0027 190 121 247 179
0028 201 128 251 187
0029 206 148 252 205
0030 208 147 263 207
0031 213 150 264 202
0032 203 134 260 193
0033 206 129 264 184
0034 200 129 260 183
0035 201 130 259 185
0036 199 132 257 188
0037 187 149 243 206
0038 165 176 232 236
