0003 043 225 074 239
0004 042 223 069 239
0005 041 224 070 239
0010 042 224 069 239
0012 042 224 069 239
0016 046 218 080 239
0017 043 208 086 239 086 210 134 239
0018 046 184 089 229 082 192 130 239
0019 059 173 131 238
0020 047 162 114 223
0021 047 152 115 215
0022 047 142 106 215
0023 042 141 108 206
0024 038 127 107 200
0025 034 121 100 194
0026 037 114 098 187
0027 033 108 101 173
0028 029 094 100 158
0029 033 082 099 157
0030 033 072 096 151
0031 034 073 104 143
0032 045 061 098 137
0033 035 064 103 135
0034 037 062 101 138
0035 038 059 106 134
0036 044 057 106 130
0037 035 069 106 129
0038 044 053 102 132
0039 035 056 106 134
0040 044 055 101 135
0041 036 056 104 133
0042 036 067 105 130
0043 036 057 104 135
0044 036 057 104 134
0045 040 058 108 132
0046 037 056 104 134
0047 039 056 103 133
0048 037 055 105 134
0049 046 057 107 131
0050 038 055 107 131
0051 043 059 109 131
0052 038 068 111 142
0053 039 073 102 143
0054 044 112 108 175
0055 056 155 118 201
0056 041 180 082 217 072 191 130 234
0057 040 201 081 239 089 212 145 239
0058 041 209 080 239 102 215 162 239
0059 039 219 079 239 120 218 170 239
0060 122 218 168 239 045 223 072 239
0061 129 222 165 239
0062 040 222 070 239
0063 039 222 074 239 129 222 166 239
0064 040 221 071 239 128 223 165 239
0065 042 222 075 239 128 222 165 239
0066 128 222 165 239 040 221 074 239
0067 046 222 072 239 128 222 166 239
