0007 169 207 227 239
0008 062 207 106 239
0009 069 197 115 239 134 179 187 237
0010 118 134 177 219 064 176 111 235
0011 067 093 101 180 104 094 163 139
0012 108 041 191 093 045 072 092 132
0013 019 026 056 097
0014 010 023 037 081
0017 125 015 168 070 013 110 055 176
0018 128 114 181 167 040 184 071 236
0019 120 145 175 225 055 189 097 239
0020 047 169 100 226 117 137 180 200
0021 041 087 086 146 116 072 183 123
0022 110 014 178 074 018 029 053 104
0025 169 013 213 082
0026 159 070 209 125
0027 145 098 195 152
0028 150 104 217 147
0029 182 110 258 139 152 103 218 151
0030 183 117 256 149
0031 186 123 268 157 005 004 049 068
0032 176 124 267 165 008 003 061 041
0033 008 007 073 039 181 120 242 169 206 134 276 167
0034 188 133 275 170 021 008 109 045
0035 049 012 132 070 189 131 254 178
0036 192 133 280 174
0037 190 135 283 175
0038 230 143 291 174 084 058 172 124 194 134 263 177
0039 230 143 292 176 203 135 260 183
0040 220 148 295 185 121 086 187 143
0041 222 151 286 188 120 098 186 152
0042 206 146 275 183
0043 169 121 260 174
0044 198 116 272 161
0045 188 096 274 148
0046 196 072 265 128
0047 190 070 244 123
0048 185 078 249 128
0049 183 083 233 137
0050 179 082 227 138
0051 177 084 232 131
0052 180 084 234 134
0053 175 083 222 136
0054 172 076 221 131
0055 128 068 181 127
0056 096 073 154 139
0057 133 134 186 188 073 121 115 200
0058 050 201 097 239 170 187 208 231
