0000 200 204 237 239 098 215 135 239
0001 199 206 239 239 100 218 136 239
0002 197 200 242 239 101 212 145 239
0003 106 199 151 239 206 182 246 224
0004 120 155 178 210 186 151 231 194
0005 132 126 208 185 186 131 216 176
0006 144 108 207 170
0007 154 095 211 167
0008 150 099 212 162
0009 148 099 208 162
0010 146 101 208 161
0011 146 102 206 160
0012 137 097 208 158
0013 144 080 211 157
0014 140 095 212 158
0015 144 089 207 157
0016 137 094 208 156
0017 137 094 208 156
0018 144 082 199 160
0019 143 088 210 159
0020 142 091 209 157
0021 140 097 212 157
0022 137 099 207 164
0023 132 126 203 183
0024 119 159 174 211 166 142 211 189
0025 104 186 149 239 185 173 226 223
0026 194 194 236 239 104 203 144 239
0027 201 205 244 239 100 214 136 239
0028 215 218 256 239 100 217 135 239
0029 220 222 259 239 101 221 135 239
0030 100 221 137 239 221 222 259 239
