0004 227 208 266 239
0005 213 150 246 199
0006 196 114 240 167
0007 191 095 234 148
0008 187 092 232 146
0009 184 091 229 149
0010 184 089 225 145
0011 179 085 223 143
0012 177 089 228 145
0013 174 095 222 150
0014 170 092 223 146
0015 167 090 216 135
0016 167 088 211 142
0017 166 089 206 141
0018 166 084 208 137
0019 167 080 213 146
0020 166 087 211 170
0021 169 112 217 173
0022 171 114 219 176
0023 171 113 220 175
0024 173 114 222 171
0025 176 118 219 176
0026 182 129 227 191
0027 196 148 236 215
0028 210 185 250 233
