0000 175 181 206 215 123 214 151 239
0001 175 181 206 215 123 214 152 239
0002 175 181 207 215 123 214 151 239
0003 174 179 209 215 123 213 152 239
0004 175 181 207 215 123 211 152 239
0005 121 207 149 239 175 181 206 215
0006 175 181 207 215 118 201 149 239
0007 175 181 206 215 117 191 145 233
0008 175 181 206 215 109 175 135 214
0009 177 181 207 215 106 164 127 196
0010 173 181 206 216 103 135 124 175
0011 176 182 206 215 106 106 127 143
0012 175 181 207 215 106 090 126 128
0013 175 179 210 214 107 083 126 121
0014 176 182 207 215 108 078 129 121
0015 178 183 208 210 110 081 141 126
0016 177 183 208 210 111 083 144 132
0017 177 181 207 214 115 081 143 122
0018 176 180 211 214 115 079 144 121
0019 176 182 207 215 115 081 144 120
0020 176 182 207 215 114 081 141 121
0021 176 182 207 215 115 085 142 122
0022 176 182 207 215 107 088 143 130
0023 176 182 207 215 109 088 142 127
0024 177 182 207 215 112 090 135 126
0025 177 182 207 215 113 087 136 124
0026 177 182 207 215 113 087 135 125
0027 176 181 207 215 114 082 137 118
0028 176 181 206 215 112 078 145 128
0029 175 182 206 215 112 080 138 121
0030 175 182 205 215 112 077 145 127
0031 174 179 208 214 116 075 138 118
0032 174 181 205 215 117 085 138 119
0033 175 181 205 215 112 086 137 122
0034 175 181 205 216 113 091 137 125
0035 175 181 205 216 112 090 135 125
0036 175 181 206 215 109 091 140 128
0037 175 181 206 215 108 090 141 128
0038 175 182 206 215 108 088 143 130
0039 175 182 206 215 113 088 148 124
0040 175 182 206 215 113 087 148 121
0041 175 181 206 215 113 086 148 121
0042 113 082 150 123 175 182 206 215
0043 112 079 149 123 175 182 206 215
0044 112 078 150 124 175 181 206 215
0045 112 077 150 125 175 181 206 215
0046 114 083 148 122 175 181 206 215
0047 175 181 206 215 112 088 145 126
0048 174 180 207 215 114 089 138 121
0049 174 180 207 214 114 089 138 122
0050 174 180 206 214 114 089 138 121
0051 115 081 137 119 178 182 211 216
0052 174 180 206 215 115 081 144 121
0053 174 180 206 215 114 079 144 122
0054 113 079 149 123 178 183 210 217
0055 178 183 210 217 113 086 137 120
0056 174 180 206 215 111 090 138 127
0057 174 180 206 214 111 090 137 126
0058 174 180 206 215 111 091 136 126
0059 174 180 206 215 111 091 135 126
0060 174 179 206 216 113 085 139 120
0061 174 179 206 216 111 080 143 122
0062 174 179 206 215 111 079 143 121
0063 174 179 206 216 112 086 136 120
0064 178 181 210 216 111 089 135 125
0065 174 179 206 215 111 091 135 127
0066 177 179 206 215 112 093 136 127
0067 174 179 206 215 113 093 136 123
0068 174 179 205 215 112 093 136 125
0069 110 095 135 128 174 179 205 215
0070 110 105 134 141 174 179 206 215
0071 176 179 206 216 111 127 140 177
