0010 120 201 169 239
0011 118 174 167 231
0012 117 159 166 218
0013 115 139 169 203
0014 118 125 167 202
0015 113 121 168 185
0016 117 114 171 183
0017 118 104 170 175
0018 117 090 167 171
0019 119 085 166 159
0020 118 079 168 156
0021 116 075 170 153
0022 117 071 172 150
0023 119 072 171 151
0024 119 072 173 152
0025 122 068 177 153
0026 120 068 173 152
0027 118 070 174 151
0028 118 070 173 151
0029 117 069 174 148
0030 116 070 173 150
0031 117 069 171 149
0032 117 070 171 151
0033 117 070 171 151
0034 117 068 172 147
0035 118 068 172 147
0036 120 074 171 154
0037 120 087 171 161
0038 118 111 172 179
0039 130 132 177 192
0040 139 177 181 228
0041 140 204 183 239
