0005 165 212 204 239
0006 159 193 200 238
0007 150 123 190 182
0008 150 082 190 142
0009 153 034 190 109
0010 159 032 191 101
0011 165 035 192 094
0017 169 075 200 140
0018 166 075 204 134
0019 157 076 200 136
0020 159 079 199 134
0021 159 067 193 123
0022 160 053 191 110
0023 161 030 189 090
0024 165 027 194 087
0025 169 032 195 086
0026 168 048 202 094
0027 170 051 204 098
0028 161 055 199 104
0029 156 065 200 123
0030 159 069 200 123
0031 159 077 196 129
0032 161 079 202 135
0033 163 099 203 147
0034 162 115 202 166
0035 149 153 196 200
0036 154 184 205 234
0037 159 207 199 239
0038 159 216 205 239
