0000 092 216 117 239
0001 092 216 114 239
0002 092 216 114 239 178 222 197 239
0003 091 219 112 239
0004 093 211 120 239
0005 105 214 126 239 171 210 195 239
0006 162 192 186 231
0007 151 163 185 202 115 166 146 200
0008 099 128 141 156 170 130 195 160
0009 062 083 087 116 205 094 229 123
0010 233 075 269 107 012 062 044 101
0011 254 075 293 105
0012 258 088 282 113
0013 249 094 287 118
0014 255 094 283 116
0015 252 093 287 117
0016 252 096 288 120
0017 259 098 284 118
0018 253 067 290 090
0019 246 025 272 050 006 017 040 054
0023 052 005 093 040
0028 219 010 244 029
0029 225 034 247 065 019 025 054 067
0030 229 115 265 139
0031 063 219 084 239 210 189 248 218
0032 192 220 223 239 086 218 108 239
