0000 043 202 089 239
0001 042 206 094 239
0002 045 203 089 238
0003 044 205 089 239
0004 046 205 091 239 158 213 200 239
0005 169 194 218 239 045 205 089 239
0006 179 175 228 228 045 202 088 239
0007 195 149 244 206 045 205 086 239
0008 199 116 244 189 045 205 090 237
0009 198 106 249 173 045 205 087 239
0010 204 092 248 169 045 208 087 238
0011 204 088 248 165 044 204 089 239
0012 206 087 247 161 044 206 087 239
0013 207 087 247 160 044 206 087 238
0014 207 085 247 160 045 206 087 239
0015 207 086 247 161 045 206 088 238
0016 207 088 247 160 045 206 088 239
0017 207 087 247 161 045 206 088 239
0018 207 087 248 161 047 206 088 238
0019 206 086 248 163 045 203 090 239
0020 207 086 248 161 046 205 087 239
0021 201 082 247 158 047 207 089 238
0022 206 088 246 158 044 205 088 239
0023 200 082 246 161 045 205 091 239
0024 200 085 245 161 044 204 088 239
0025 201 093 247 157 046 208 090 238
0026 200 093 247 158 044 205 088 239
0027 198 093 245 159 045 205 088 239
0028 200 095 241 163 044 206 089 239
0029 193 102 238 164 045 200 088 235
0030 185 109 227 179 046 208 085 239
0031 166 136 215 208 046 207 089 238
0032 044 205 089 239 154 179 201 228
0033 045 204 089 239 140 212 182 239
0034 046 205 087 239
0035 045 205 086 239
0036 044 206 086 239
0037 044 205 088 239
0038 044 206 085 238
0039 044 208 088 238
0040 041 207 092 239
