0002 178 209 216 239
0003 202 182 247 222
0004 221 153 270 197
0005 229 144 279 187
0006 234 132 287 177
0007 235 126 286 171
0008 237 124 287 167
0009 239 122 286 163
0010 241 117 293 160
0011 240 114 293 160
0012 241 114 294 160
0013 242 112 295 157
0014 241 111 296 157
0015 243 111 295 155
0016 242 110 294 157
0017 243 112 293 157
0018 244 113 290 149
0019 243 114 293 157
0020 245 114 292 156
0021 244 114 292 159
0022 240 117 287 162
0023 223 141 269 184
0024 205 169 242 216
0025 180 190 215 238
0026 152 221 180 239
