0000 139 190 163 229 067 192 090 233
0001 068 189 092 226 141 177 165 223
0002 063 179 086 212 140 154 174 201
0003 140 118 176 151 050 135 083 170
0004 138 049 161 099 046 071 078 112
0005 059 043 084 089 133 038 165 086
0006 067 036 087 076 139 039 158 085
0007 069 031 093 071 137 041 157 082
0008 067 035 091 073 133 041 156 087
0009 067 042 088 083 137 048 159 094
0010 067 053 089 090 131 065 168 114
0011 133 114 170 146 068 091 089 126
0012 130 179 159 222 068 139 102 176
0013 070 182 094 215 138 188 165 226
0014 138 196 161 231 072 190 096 227
0015 143 192 167 227 074 195 098 231
0016 142 190 166 228 074 193 095 231
