0000 121 207 145 239 194 206 214 235
0001 198 204 219 235 119 203 141 238
0002 196 189 218 226 113 202 135 237
0003 200 184 220 219 112 196 133 232
0004 115 200 136 232
0005 113 194 134 231
0006 116 200 136 231
0007 112 193 133 231
0008 113 198 135 235
0009 114 195 138 233
0010 114 197 136 234
0011 114 197 137 233
0012 118 200 139 236
0013 114 196 136 235
0014 114 195 137 235
0015 117 203 139 235
0016 119 196 142 234
0017 120 202 143 235
0018 120 204 144 236
0019 119 204 143 235
0020 113 198 136 235 202 183 222 217
0021 203 193 225 229 114 206 136 239
