0002 153 201 191 239
0003 176 184 220 221
0004 192 139 237 183
0005 202 113 250 161
0006 207 093 254 145
0007 209 088 253 137
0008 209 086 253 131
0009 209 080 250 132
0010 210 080 256 132
0011 211 080 255 130
0012 210 079 255 129
0013 208 082 257 129
0014 207 078 258 131
0015 209 080 255 130
0016 209 080 257 130
0017 209 081 257 129
0018 209 080 257 128
0019 210 079 255 130
0020 211 080 256 126
0021 211 081 254 130
0022 206 086 250 133
0023 207 104 250 147
0024 193 138 240 177
0025 174 184 223 235
0026 160 205 194 239
0027 145 214 180 239
0028 147 214 175 239
