0000 194 204 216 238 105 199 131 233
0001 203 203 226 239 100 196 124 228
0002 209 209 233 239 088 191 121 225
0003 219 201 246 239 063 176 097 210
0004 231 202 259 238 037 150 075 177
0005 234 204 269 239
0006 236 205 269 239 024 066 061 094
0007 041 015 075 048 233 200 261 237
0008 228 203 259 239
0009 217 202 250 239
0010 219 205 250 239
0011 212 204 247 239
0012 215 208 241 239
0013 156 022 202 059 215 207 240 239
0014 210 208 243 239 177 072 226 103
0015 195 105 242 141 213 209 241 239
0016 215 206 242 239 205 137 248 175
0017 214 207 247 239 201 148 248 183
0018 218 204 248 238 195 151 242 195
0019 211 206 245 239 181 152 235 188
0020 209 208 230 237 171 159 213 189
0021 204 214 223 239 157 165 194 196
0022 142 164 175 200 200 199 220 235
0023 133 174 166 208 196 195 215 230
0024 126 181 152 213 192 193 211 225
0025 196 195 215 229 124 187 145 219
0026 196 193 215 229 123 185 145 218
