0000 109 212 137 239 203 213 236 239
0001 204 212 237 239 105 214 141 239
0002 207 209 233 236 106 215 139 239
0003 202 220 234 239 104 214 140 239
0004 203 218 235 239 104 214 138 239
0005 104 212 134 239 200 217 232 239
0006 107 207 134 239 204 213 237 239
0007 201 212 233 239 102 193 135 234
0008 207 213 237 239 096 163 132 198
0009 200 214 234 239 088 127 124 162
0010 204 213 233 239 080 098 117 141
0011 200 215 234 239 078 064 115 116
0012 203 215 235 239 078 049 125 103
0013 201 214 233 239 077 043 120 099
0014 077 043 125 099 205 213 235 239
0015 076 041 124 098 205 215 235 239
0016 079 044 120 101 205 215 237 239
0017 083 039 123 097 204 215 236 239
0018 077 041 118 100 206 213 237 239
0019 078 044 119 101 205 211 237 239
0020 083 041 119 097 206 212 237 239
0021 078 037 121 101 207 215 234 239
0022 077 037 121 102 206 211 231 238
0023 083 038 118 098 201 210 235 239
0024 207 210 234 239 077 043 121 100
0025 076 044 114 101 206 209 237 239
0026 206 213 233 239 080 110 118 149
0027 205 212 236 239 089 151 120 200
0028 099 199 127 237 205 218 235 239
0029 102 209 129 239 205 218 235 239
0030 107 211 132 239 204 219 234 239
0031 201 214 232 239 099 211 127 239
0032 106 208 130 236 204 220 235 239
0033 106 212 130 239 204 215 237 239
0034 106 213 130 239 199 219 235 239
0035 106 209 134 239 203 222 235 239
0036 103 213 128 239 204 221 235 239
0037 107 214 132 239 204 221 235 239
0038 103 214 128 239 201 217 231 239
0039 103 214 128 239 204 221 231 239
0040 201 217 235 239 103 214 128 239
