0002 161 219 210 239
0003 062 217 108 239 133 219 195 239
0004 125 209 186 239 063 210 108 239
0005 121 205 186 239 060 210 111 239
0006 124 198 192 238 068 208 112 238
0007 130 202 194 239 069 207 110 239
0008 132 201 197 238 069 209 110 239
0009 137 214 201 239 064 207 113 239
0010 065 210 108 236 156 212 212 239
0011 066 208 108 239 179 210 223 239
0012 064 211 112 239 192 207 243 239
0013 065 208 114 239 202 200 257 239
0014 219 190 268 239 068 208 110 239
0015 244 154 291 233 064 211 112 239
0016 251 140 300 217 067 206 107 239
0017 267 121 311 197 064 206 109 237
0018 262 103 311 165 065 207 108 239
0019 276 078 316 141 065 210 105 239
0020 067 208 111 239 271 058 313 122
0021 269 047 313 114 067 208 111 239
0022 270 037 312 107 066 211 107 239
0023 267 044 310 105 064 210 105 239
0024 261 039 309 105 067 211 103 238
0025 268 037 311 110 066 209 106 239
0026 260 055 304 117 067 210 111 239
0027 259 067 305 133 063 209 107 239
0028 253 075 291 145 063 209 108 239
0029 237 100 287 160 062 209 109 239
0030 219 117 271 168 066 212 105 239
0031 062 204 108 236 201 133 257 173
0032 062 204 106 236 186 144 251 182
0033 176 155 232 199 061 205 106 236
0034 164 162 231 209 063 209 105 239
0035 153 163 217 216 062 209 105 239
0036 142 161 201 216 061 206 104 239
0037 063 210 105 239 131 156 190 216
0038 063 209 106 239 118 153 176 209
0039 111 141 165 203 062 207 108 239
0040 100 134 170 200 061 209 107 239
0041 099 126 157 183 062 208 105 239
0042 098 112 157 173 062 208 103 239
0043 094 106 162 163 061 208 103 239
0044 093 096 158 154 059 206 103 239
0045 098 093 160 150 061 205 103 239
0046 091 092 162 148 061 203 104 236
0047 091 091 162 145 060 202 106 236
0048 090 093 162 142 059 205 107 239
0049 095 095 168 147 060 204 104 239
0050 056 205 108 239 092 097 168 143
0051 099 098 168 148 058 206 101 239
0052 091 096 166 143 056 206 101 239
0053 092 097 165 144 056 206 109 239
0054 063 207 103 236 099 109 171 155
0055 103 126 169 174 062 211 105 239
0056 065 219 109 239 103 155 174 202
0057 105 184 169 238 066 220 097 239
0058 113 213 172 239 067 223 099 239
0059 157 219 201 239 061 223 103 239
