0000 096 203 133 234 134 202 174 238
0001 100 199 133 237 135 200 169 238
0002 103 202 134 236 135 202 176 238
0003 098 204 136 239 134 202 176 237
0004 098 202 129 236 132 202 177 238
0005 099 201 133 239
0006 099 201 133 239 140 207 173 238
0007 101 202 137 239 138 206 174 238
0008 101 201 135 239 139 205 175 238
0009 102 201 133 235 140 205 174 238
0010 102 201 133 235 139 205 174 238
0011 095 203 136 239
0012 146 205 175 237 096 208 131 239
0013 150 203 183 238 091 207 122 239
0014 069 198 105 235 171 181 205 224
0015 043 168 080 208 184 150 222 197
0016 030 136 085 183 195 132 240 170
0017 199 084 251 134 013 100 057 138
0018 225 032 260 075 008 047 031 082
0019 231 015 261 059 006 022 032 060
0020 226 008 253 046 015 010 043 047
0021 202 009 232 046 030 006 058 037
0022 183 016 206 053 054 013 084 045
0023 169 022 196 054 070 017 108 050
0024 156 022 200 061 070 019 116 070
0025 158 025 196 059 066 021 114 073
0026 169 022 197 053 074 021 104 051
0027 177 011 204 047
0028 200 006 225 045
0029 037 011 084 077
0030 213 008 240 047 036 010 075 069
0031 208 008 238 049 034 010 089 081
0033 177 014 203 047
0038 159 019 198 054 080 016 119 052
0039 165 016 190 043
0040 178 010 203 045
0041 060 007 091 040 185 011 207 044
0042 055 017 090 053 180 018 211 061
0043 182 053 219 093 059 024 089 080
0044 065 075 096 124 175 095 211 134
0045 067 136 102 169 168 145 205 185
0046 168 177 202 216 075 172 111 210
0047 161 197 192 236 081 194 119 234
0048 150 213 187 239 089 203 123 239
0049 092 207 126 239 151 213 175 239
0050 153 208 181 239 087 204 123 239
0051 153 209 180 239 086 206 124 239
