0000 080 222 101 239
0001 168 216 190 239
0002 183 191 208 237
0004 187 095 215 131
0005 178 109 220 149
0006 187 152 215 183
0007 182 189 210 233
0008 182 203 210 238
0009 183 186 211 222
0010 188 150 211 175
0011 183 081 213 129
0012 182 073 213 123
0013 185 107 220 153
0014 189 133 223 162
0015 177 185 211 222
0016 183 196 209 236
0017 189 176 216 207
0018 185 142 218 167
0019 179 079 213 129
0020 174 067 199 114
0021 173 083 203 132
0022 173 125 207 165
0023 170 175 206 215
0024 172 206 206 236
0025 171 215 201 238 082 222 102 239
0026 170 215 196 239 082 222 102 239
0027 082 222 102 239 168 217 194 239
0028 082 222 102 239 169 222 194 239
0029 086 223 105 239 168 221 194 239
0030 082 221 102 239 170 216 191 239
0031 169 216 191 239 081 223 102 239
0032 172 217 197 239 081 223 101 239
