0000 185 198 204 229 112 202 135 236
0001 114 202 135 235 182 198 207 234
0002 116 203 136 230
0003 183 196 205 231 112 202 133 233
0004 201 192 224 230 100 193 124 224
0005 078 167 104 202 230 155 259 193
0006 226 088 263 128 070 107 093 151
0007 201 048 230 082 080 066 104 098
0008 098 046 125 080 174 046 202 072
0009 109 042 135 074
0010 118 042 153 070
0011 117 051 152 080
0019 195 055 225 094 112 057 138 084
0020 214 107 247 146 099 067 126 098
0021 087 083 111 115 211 165 243 207
0022 077 108 102 145 205 195 224 233
0023 078 147 108 179 190 197 208 229
0024 082 173 108 204 189 199 205 223
0025 094 191 121 221 188 196 207 230
0026 194 196 214 227 105 196 128 227
0027 198 194 220 225 111 201 131 231
0028 196 192 217 225 113 200 133 231
0029 193 195 214 227 113 200 133 232
0030 190 196 210 229 113 200 134 232
0031 186 196 206 226 113 201 134 232
0032 184 195 203 226 112 199 134 230
