0001 121 221 170 239
0002 130 196 182 238
0003 144 162 186 218
0004 146 127 197 189
0005 151 096 197 173
0006 150 093 193 161
0007 149 088 193 157
0008 146 084 191 150
0009 149 067 189 139
0010 155 059 191 125
0011 156 057 192 119
0012 158 060 193 123
0013 156 064 192 124
0014 156 066 192 129
0015 152 068 196 122
0016 152 070 197 123
0017 157 070 192 128
0018 156 068 194 131
0019 156 068 194 130
0020 157 067 193 132
0021 157 068 193 132
0022 157 068 196 134
0023 157 066 196 132
0024 157 067 195 133 036 224 070 239
0025 156 069 193 130 031 223 070 239
0026 156 073 192 138 033 222 071 239
0027 156 079 192 143 041 221 071 239
0028 157 090 192 157 036 223 073 239
0029 143 127 193 182 038 223 075 239
0030 142 158 188 212 033 223 073 239
0031 130 208 184 237 035 224 075 239
0032 039 224 076 239
0034 040 224 079 239
0035 040 223 079 239
