0004 056 208 114 239
0005 036 162 078 228
0006 039 115 089 188
0007 050 083 094 155
0008 059 067 101 139
0009 061 062 101 137
0010 059 066 103 135
0011 059 065 103 134
0012 063 062 106 134
0013 059 064 102 135
0014 059 062 102 135
0015 063 064 107 134
0016 059 060 103 135
0017 063 059 105 133
0018 060 061 108 131
0019 060 062 108 131
0020 061 061 107 132
0021 056 063 107 132
0022 055 060 102 135
0023 050 063 103 136
0024 056 057 099 136
0025 051 065 097 146
0026 044 080 092 155
0027 031 134 073 209
0028 018 202 059 239
