0000 108 206 131 236 187 189 208 229
0001 186 187 208 227 108 205 130 234
0002 118 203 140 229 184 187 205 226
0003 139 172 167 195 167 169 194 196
0004 138 134 181 169
0005 159 096 194 129 139 105 175 132
0006 174 071 210 111 126 084 159 106
0007 201 055 224 095 107 059 128 098
0008 236 037 260 074 075 040 096 079
0009 048 025 075 071 244 040 279 086
0010 254 044 297 088 026 040 063 074
0011 256 060 294 094 005 056 048 088
0012 257 063 294 094 007 061 047 092
0013 255 063 294 095 009 060 051 095
0014 264 059 292 092
0015 254 057 295 094 113 069 157 099
0016 256 060 295 095 083 054 122 085
0017 256 055 295 094 053 015 092 055
0018 112 023 143 061 257 058 288 093
0019 253 052 291 096 111 059 159 099
0020 069 014 095 056 259 061 288 095
0021 255 061 294 097 077 003 117 044
0022 257 061 295 100 129 041 166 063
0023 258 068 300 102 116 042 170 073 133 053 173 098
0024 257 066 300 103 099 003 122 038
0025 123 009 148 050 247 046 287 090
0026 135 057 179 096 221 039 246 076
0027 138 064 176 096 192 051 217 093
0028 164 079 200 112 121 085 164 112
0029 156 101 196 132 122 100 151 134
0030 163 126 193 157 129 126 156 159
0031 124 171 154 201 172 164 197 196
0032 122 197 147 229 182 189 203 223
0033 189 192 206 229 117 204 140 235
0034 191 193 210 227 111 203 132 234
0035 106 204 131 236 190 192 210 229
0036 107 206 133 237 190 192 208 227
0037 114 203 137 235 190 192 208 228
0038 189 193 208 228 115 202 137 232
0039 189 193 209 229 110 203 133 235
0040 190 191 208 230 108 203 130 234
0041 190 191 209 230 111 204 133 233
0042 112 206 133 234 189 192 208 230
0043 113 203 137 236 190 192 208 228
0044 188 194 208 230 112 206 135 235
0045 113 202 138 236 191 197 209 227
