0000 237 204 280 239 150 207 190 239
0001 237 204 280 239 150 207 190 239
0002 237 204 281 239 151 209 188 237
0003 238 204 279 239 150 203 191 239
0004 238 204 280 239 146 192 185 236
0005 139 170 181 224 239 203 281 239
0006 239 203 281 239 129 131 174 168
0007 238 203 280 239 131 092 173 127
0008 238 203 280 239 129 061 183 103
0009 238 202 279 239 129 047 187 092
0010 239 202 279 239 137 034 192 073
0011 238 202 280 239 139 035 192 073
0012 239 203 281 239 138 033 193 069
0013 239 203 281 239 139 035 194 069
0014 239 203 281 239 141 032 195 068
0015 239 202 280 239 137 032 195 071
0016 239 202 280 239 132 026 198 062
0017 239 202 280 239 126 020 189 063
0018 239 202 280 239 121 014 181 060
0019 239 202 280 239 113 008 157 058
0020 108 005 147 050 239 202 280 239
0021 102 004 132 051 239 202 281 239
0022 093 004 125 057 239 202 281 239
0023 239 202 281 239 084 008 113 061
0024 240 202 281 239 077 012 106 069
0025 240 202 281 239 070 020 101 072
0026 062 025 103 075 240 202 281 239
0027 060 031 099 078 240 202 281 239
0028 057 038 098 083 239 202 280 239
0029 052 043 093 088 239 202 280 239
0030 053 049 092 088 239 202 280 239
0031 055 059 095 100 239 202 280 239
0032 239 202 280 239 068 073 101 111
0033 239 202 280 239 081 091 125 136
0034 238 202 280 239 109 125 146 162
0035 239 203 279 239 129 169 168 208
0036 137 181 172 232 239 203 279 239
0037 239 203 279 239 149 204 187 238
0038 239 203 278 239 152 202 188 238
0039 239 204 278 239 154 209 187 239
0040 240 204 278 239 153 209 189 239
0041 240 204 278 239 152 209 192 239
0042 241 204 277 239 153 213 188 239
0043 240 205 277 239 153 210 187 239
0044 241 205 277 239 153 210 187 239
0045 240 205 278 239 153 210 187 239
0046 240 205 278 239 153 209 187 239
0047 240 205 278 239 153 209 187 239
0048 238 203 278 238 152 210 187 239
0049 238 204 278 238 152 210 187 239
0050 238 204 278 238 152 210 187 239
