0008 199 202 244 238 109 215 156 239
0009 111 194 173 239 191 175 251 238
0010 109 163 180 221 201 136 249 210
0011 109 151 179 208 199 126 249 196
0012 199 109 247 182 110 132 186 194
0013 189 108 249 174 110 135 191 190
0014 188 102 246 172 109 140 185 187
0015 188 103 246 171 107 123 182 179
0016 190 108 252 179 107 123 183 175
0017 189 104 248 178 106 130 182 177
0018 189 104 247 179 105 126 183 179
0019 187 107 248 179 102 122 180 176
0020 187 107 248 179 102 122 179 176
0021 186 111 250 179 101 124 178 178
0022 186 106 249 179 106 125 178 179
0023 186 106 248 179 100 120 178 180
0024 192 114 249 181 103 129 180 180
0025 101 157 168 216 197 146 242 208
0026 200 179 235 238 106 190 174 238
0027 199 214 227 239
