0000 225 199 264 235 153 188 173 227
0001 228 197 265 236 153 188 173 227
0002 228 193 264 234 154 189 173 227
0003 228 193 264 233 154 189 173 227
0004 228 193 265 234 153 188 173 227
0005 228 193 265 234 153 188 173 227
0006 228 193 265 233 152 189 172 229
0007 228 193 264 233 149 187 170 227
0008 228 194 264 233 136 178 161 212
0009 228 194 264 233 107 156 151 186
0010 228 193 265 233 100 130 136 156
0011 097 093 137 129 228 193 265 233
0012 107 058 145 103 225 199 265 238
0013 117 048 145 095 225 199 264 238
0014 225 199 265 238 129 043 151 083
0015 131 040 158 086 230 196 260 236
0016 136 041 160 079 230 196 260 236
0017 229 196 260 236 138 041 165 083
0018 137 039 166 083 229 196 260 236
0019 229 196 260 237 138 039 162 078
0020 138 039 166 082 229 197 261 238
0021 229 197 261 238 138 039 166 082
0022 229 197 261 238 137 038 166 082
0023 229 197 260 237 136 039 163 082
0024 136 037 165 082 229 197 266 234
0025 138 037 166 081 229 197 266 234
0026 136 036 164 079 229 197 266 234
0027 135 035 163 081 226 195 264 236
0028 133 036 159 080 226 195 264 235
0029 131 036 159 082 226 195 264 235
0030 131 039 160 084 226 195 264 235
0031 129 038 158 084 225 195 263 235
0032 127 040 154 082 225 195 264 235
0033 126 040 153 082 225 195 264 235
0034 126 041 152 083 225 195 264 235
0035 126 042 152 084 229 195 266 234
0036 125 041 152 085 226 199 264 237
0037 124 040 152 086 226 199 264 237
0038 120 043 147 087 231 196 260 235
0039 226 195 261 234 110 057 138 103
0040 229 197 260 236 087 089 133 126
0041 229 197 260 235 086 128 129 155
0042 226 196 262 234 093 156 137 187
0043 230 198 260 236 109 173 146 215
0044 230 193 265 234 137 184 156 219
0045 230 193 264 234 149 185 167 224
0046 230 193 265 234 152 183 170 213
0047 229 194 265 234 151 183 167 214
0048 230 197 261 236 151 183 169 216
0049 229 198 260 237 151 183 169 216
0050 229 198 260 237 152 183 169 216
0051 229 198 260 237
0052 229 198 260 237 150 183 169 216
0053 229 198 260 237 150 185 169 218
0054 229 198 260 237 149 186 166 217
0055 229 198 260 237 152 184 170 218
0056 229 198 260 237 149 186 166 218
0057 229 198 260 237 152 185 170 219
0058 229 197 261 238 149 186 166 217
0059 229 198 260 238 150 186 170 221
