0003 234 175 283 231 196 145 246 195
0004 253 134 305 191 267 170 290 205
0005 259 116 308 174 274 156 298 188
0006 260 099 307 153
0007 260 094 297 158
0008 258 091 298 156
0009 259 092 307 142
0010 255 096 298 160
0011 253 095 301 145
0012 255 097 299 143
0013 252 096 295 145
0014 249 095 297 146
0015 252 094 298 137
0016 248 094 295 156
0017 248 094 295 156
0018 255 094 300 143
0019 257 093 295 144 259 129 286 167
0020 251 098 297 150 256 128 288 169
0021 243 117 282 181
0022 220 151 267 217 202 122 237 175
0023 189 204 231 238
