0005 128 189 166 237
0007 134 187 174 236
0008 137 190 177 239
0010 150 189 188 239
0011 154 187 194 238
0012 156 185 202 229 028 188 073 235
0013 032 193 081 238 181 214 208 238 133 223 160 239
0014 183 211 219 239 035 186 084 234 137 216 165 239
0015 182 208 218 237 137 215 170 239 036 186 089 236
0016 176 200 217 239 035 192 084 236 133 209 175 239
0017 181 194 219 238 134 207 179 239 035 190 083 236
0018 184 190 221 235 039 189 083 235 143 210 177 239
0019 183 191 224 235 040 188 084 231 148 210 178 239
0020 191 189 226 239 151 208 192 239 042 184 093 231
0021 158 194 194 236 197 184 235 237 046 178 104 232 123 215 151 236
0022 158 174 229 231 049 177 105 229 205 171 241 226
0023 161 152 238 214 054 176 128 224 193 131 234 177
0024 164 142 236 201 186 117 248 175
0025 171 112 241 173 188 088 248 142
0026 170 074 240 165
0027 168 063 230 153 185 055 241 103
0028 183 049 241 099 166 070 214 138
0029 176 047 233 089 163 063 203 138
0030 166 043 223 084 162 062 199 132
0031 157 046 203 136 163 040 226 084
0032 159 039 223 082 156 066 184 134
0033 153 042 213 085
0034 156 039 223 082 156 069 181 131 182 106 232 150
0035 151 041 219 084 125 109 174 172
0036 151 041 221 084 155 055 184 134
0037 149 041 218 083
0038 148 042 217 087 153 059 183 135
0039 144 044 220 088 154 060 183 137
0040 144 044 219 087 153 058 181 139
0041 149 043 215 090 153 060 178 136
0042 145 042 216 088 152 058 181 138
0043 145 041 214 087 152 060 179 135
0044 146 042 214 087
0045 147 042 213 085
0046 150 043 217 091
0047 155 050 221 095 154 073 183 143
0048 159 056 225 102
0049 156 115 205 185 169 088 235 147
0050 148 142 194 211 188 119 235 171
0051 133 174 184 236 198 172 242 232
0052 121 210 162 239
0054 016 188 059 234
