0000 181 210 215 239 098 211 116 238
0001 182 210 210 239 098 213 119 236
0002 181 214 207 237 097 213 119 235
0003 182 214 208 237 097 212 118 239
0004 182 214 209 237 098 213 119 239
0005 182 212 215 239 097 213 123 239
0006 184 211 211 239 102 209 127 239
0007 182 212 215 239 105 202 129 238
0008 182 212 215 239 110 195 139 235
0009 182 212 215 239 110 179 151 225
0010 182 211 215 239 111 166 159 208
0011 182 213 210 239 111 149 176 186
0012 182 214 210 239 141 122 186 151
0013 182 214 207 235 144 100 185 131
0014 144 099 185 129 181 211 209 239
0015 182 211 210 239 144 099 185 127
0016 183 212 211 239 149 095 182 128
0017 183 213 211 239 147 100 189 128
0018 183 215 211 239 148 102 188 129
0019 183 213 212 239 151 096 185 131
0020 183 214 211 239 150 095 182 126
0021 182 211 214 239 141 104 183 128
0022 181 211 214 239 139 099 181 124
0023 180 211 211 239 107 101 151 132
0024 186 210 212 239 084 104 127 132
0025 074 107 116 155 185 209 216 238
0026 076 108 118 152 193 208 216 235
0027 193 207 217 239 076 108 119 152
0028 079 107 118 135 191 205 219 239
0029 189 211 216 239 078 108 120 146
0030 076 109 120 155 187 212 215 235
0031 076 111 118 152 182 211 212 239
0032 182 214 210 239 081 116 116 166
0033 180 213 214 239 082 138 116 173
0034 182 210 215 239 079 160 116 203
0035 185 214 212 239 092 197 111 232
0036 182 210 215 239 093 208 114 239
0037 181 208 215 239 098 200 118 238
