0000 123 186 143 219 199 186 216 213
0001 119 192 139 223 199 186 217 214
0002 199 186 217 215 136 188 158 223
0003 150 174 177 204 199 186 217 215
0004 169 143 204 174 197 186 215 214
0005 163 111 202 132 196 186 216 215
0006 197 185 216 214 161 104 199 128
0007 195 184 214 211 159 100 196 129
0008 195 183 214 210 163 100 188 130
0009 195 183 213 210 159 101 195 130
0010 195 183 216 214 159 101 196 131
0011 196 182 216 213 156 098 190 130
0012 160 098 192 133 195 183 215 214
0013 159 109 190 141 196 185 215 215
0014 151 137 176 161 197 185 216 216
0015 138 163 161 191 196 185 216 214
0016 124 181 145 212 196 184 215 214
0017 116 187 134 215 196 185 215 214
0018 196 184 215 214 116 183 134 209
0019 124 185 144 207 197 185 215 214
0020 131 183 150 210 198 185 214 214
0021 197 184 215 213 132 184 148 211
0022 198 185 216 214 131 185 147 209
0023 195 185 215 214 129 183 147 210
0024 130 186 147 214 196 185 216 214
0025 130 186 147 214 196 185 216 214
0026 130 185 147 213 196 185 216 215
0027 130 185 147 213 195 184 215 210
