0000 111 191 166 236
0001 111 190 166 235
0002 111 188 169 233
0003 114 188 167 235 062 210 096 239
0004 112 182 164 223
0005 104 167 153 200 077 163 101 212
0006 063 142 107 184 109 152 147 190
0007 065 121 109 171 095 138 137 175
0008 066 118 116 162 089 139 138 174
0009 085 148 136 183 064 118 109 163
0010 065 112 113 161 081 152 134 195
0011 068 114 112 162 079 151 135 195
0012 075 144 143 180 068 121 111 162
0013 071 125 110 163
0014 069 129 136 167
0015 069 127 135 165
0016 072 122 126 163
0017 072 123 132 164
0018 074 127 130 173
0019 075 142 141 182 070 121 112 166
0020 068 121 114 167 081 153 139 194
0021 068 120 113 167 078 153 140 196
0022 071 121 109 169 079 154 142 188
0023 074 125 119 170
0024 073 123 120 170
0025 076 125 122 173
0026 072 121 127 169
0027 073 121 132 169
0028 081 125 141 169
0029 079 129 136 173
0030 070 124 111 170 101 135 143 169
0031 073 127 116 167 095 131 138 164
0032 073 123 136 162
0033 074 117 137 152
0034 077 110 134 153
0035 078 111 133 156
0036 088 121 141 168 072 125 110 173
0037 103 144 150 190 072 146 100 183
0038 109 172 154 224 064 163 100 205
0039 122 205 171 238 064 207 099 239
0040 142 217 172 239
0041 137 214 177 239
