0000 136 184 158 219 197 185 215 215
0001 136 184 159 220 197 185 215 215
0002 135 183 156 215 198 184 217 215
0003 137 180 159 212 199 181 217 210
0004 144 169 167 205 188 172 208 204
0005 182 158 207 193 146 157 170 195
0006 176 143 212 175 141 144 177 184
0007 181 126 206 156 139 131 176 165
0008 148 115 178 147 179 112 204 141
0009 147 101 181 129 180 099 203 120 199 117 222 149
0010 140 080 182 111 182 083 209 111
0011 135 058 158 095 199 062 220 090
0012 119 045 141 077 207 047 227 075
0013 116 041 135 073
0014 117 032 139 060
0015 117 033 137 059 208 038 230 060
0016 117 034 138 059 205 036 224 064
0017 117 030 139 057
0018 117 029 139 057
0019 117 030 140 058
0020 122 031 143 061 205 037 225 065
0021 205 039 228 066 123 032 144 060
0022 118 029 143 058 205 037 228 066
0023 119 030 144 060 121 079 144 116
0024 121 031 142 059 205 038 229 059
0025 123 032 146 059
0026 123 030 147 056 121 081 145 118
0027 123 030 147 057 121 084 145 118
0028 119 035 143 061 121 084 145 118
0029 121 036 142 060
0030 206 038 224 066 121 040 143 068
0031 196 048 217 080 132 052 152 082
0032 140 067 164 097 188 067 209 099
0033 141 083 178 115
0034 152 094 177 124
0035 158 109 192 135
0036 158 122 201 149
0037 164 129 202 154
0038 176 140 217 163 140 141 178 166
0039 150 151 177 177 176 151 210 176
0040 152 164 176 193 177 159 209 188
0041 180 173 203 200 146 171 168 204
0042 182 179 204 205 146 174 169 203
0043 188 183 207 209 141 177 171 210
0044 190 188 210 217 142 186 164 217
0045 195 187 213 215 142 185 164 217
0046 192 188 212 216 142 185 164 217
0047 192 186 212 216 142 185 164 217
0048 192 187 212 215 141 184 164 217
0049 192 186 212 215 141 184 164 217
