0000 089 203 110 235 150 208 173 239
0001 089 203 110 235 149 208 173 239
0002 088 202 110 235 149 208 173 239
0003 088 202 110 235 150 208 173 239
0004 088 202 110 235 150 208 173 239
0005 088 202 110 235 155 211 176 239
0006 088 202 110 235 154 210 173 235
0007 087 205 107 234 157 208 178 239
0008 077 201 096 232 162 208 184 238
0009 060 202 082 230 174 201 192 232
0010 189 185 212 216 029 186 054 213
0011 198 155 223 185 010 147 050 175
0012 010 109 050 143 200 119 225 155
0013 019 086 051 117 200 089 225 128
0014 033 061 064 106 196 068 219 109
0015 193 055 215 089 048 054 069 085
0016 061 045 084 082 189 048 208 078
0017 070 046 094 083 182 042 204 072
0018 181 042 200 071 073 046 101 081
0019 079 049 104 082 176 041 199 073
0020 175 042 195 071 079 051 105 085
0021 175 045 197 073 079 049 106 081
0022 177 045 197 074 075 049 102 087
0023 173 045 196 074 076 048 102 084
0024 176 044 197 073 077 050 101 085
0025 175 045 197 074 077 050 101 086
0026 177 045 198 073 076 050 101 086
0027 175 045 197 073 076 051 101 085
0028 177 046 198 074 074 049 100 085
0029 177 045 197 073 074 047 103 085
0030 175 045 196 073 074 049 103 087
0031 175 045 197 073 075 049 101 082
0032 178 044 201 075 068 052 094 086
0033 185 050 209 088 061 055 088 095
0034 194 077 219 120 039 079 068 126
0035 193 132 223 170 031 131 067 169
0036 188 186 209 216 050 192 074 226
0037 176 208 197 239 074 207 093 237
0038 167 210 187 239 088 205 106 234
0039 161 208 182 239 098 200 115 232
0040 159 208 179 238 098 202 115 233
0041 157 207 176 237 097 202 115 233
0042 157 208 178 239 097 204 114 235
0043 155 208 178 239 096 205 114 235
