0005 269 165 315 208
0006 266 123 314 174
0007 283 152 318 194
0008 271 154 317 193
0011 279 130 318 182
0012 283 139 318 191
0013 278 130 316 181
0014 276 121 318 178
0015 275 120 318 178
0016 274 125 316 178
0017 274 121 316 175
0018 274 124 317 176
0019 273 120 317 176
0020 273 125 316 179
0021 273 124 316 178
0022 273 123 316 177
0023 271 122 315 175
0024 266 120 317 176
0025 270 122 316 175
0026 265 121 316 176
0027 269 123 314 175
0028 265 120 316 175
0029 264 123 316 179
0030 268 125 311 182
0031 265 144 313 201
0032 256 203 313 236
