0002 095 221 119 239
0003 061 201 085 225
0004 033 147 063 174
0005 031 090 067 125
0006 054 052 080 092
0007 079 038 106 075
0008 100 042 128 082
0009 102 041 140 083
0010 093 034 130 077
0011 079 033 109 071
0012 066 038 094 075
0013 049 050 076 089
0014 032 068 069 108
0015 042 060 069 097
0016 059 037 083 073
0017 083 024 109 058
0018 106 024 135 064
0019 115 036 153 073
0020 119 041 155 074
0021 120 038 151 068
0022 115 038 150 076
0023 111 038 150 074
0024 107 040 144 077
0025 088 061 115 102
0026 066 103 100 145
0027 069 175 095 204
0028 097 219 122 239
0029 110 222 136 238
0030 117 217 137 235
0031 108 217 137 239
