0003 140 216 195 239
0004 152 211 201 239
0005 158 189 213 233
0006 178 160 223 214
0007 187 142 241 197
0008 196 125 245 185
0009 196 110 244 171
0010 195 106 238 172
0011 192 102 239 173
0012 195 107 241 172
0013 197 101 237 174
0014 194 106 237 166
0015 194 097 245 155
0016 191 106 246 156
0017 190 117 243 169
0018 187 143 230 191
0019 181 170 223 217
0020 170 199 205 239
0021 167 212 200 239
0022 151 219 197 239
0023 148 216 198 239
0024 147 217 194 239
0025 149 222 188 238
0026 145 217 192 239
0027 145 216 192 239
0028 148 219 192 239
0029 145 217 191 239
