0000 146 214 168 239 241 220 272 238
0001 146 214 168 239 243 219 268 239
0002 146 214 169 239 243 223 269 239
0003 147 211 167 237 243 218 270 239
0004 144 212 166 239 243 218 269 239
0005 123 208 151 239 243 218 270 239
0006 101 189 137 225 241 221 267 239
0007 084 154 121 190 241 222 268 239
0008 082 125 119 152 244 219 271 239
0009 244 219 271 239 088 082 123 136
0010 094 057 124 119 243 218 271 239
0011 096 048 124 110 244 217 270 239
0012 100 044 126 100 244 217 270 239
0013 103 046 129 101 243 217 269 239
0014 104 043 131 102 244 218 271 239
0015 106 044 131 100 244 218 269 239
0016 104 046 132 101 244 218 270 239
0017 107 043 132 096 241 219 272 238
0018 109 039 134 094 241 219 272 238
0019 111 038 134 094 240 219 272 238
0020 244 219 272 239 105 039 140 090
0021 244 219 272 239 112 038 136 092
0022 111 041 133 091 244 219 272 239
0023 113 041 136 086 242 221 267 239
0024 109 040 141 090 244 218 271 239
0025 114 043 135 088 244 218 271 239
0026 111 038 137 089 244 218 271 239
0027 111 039 135 086 244 218 271 239
0028 111 039 138 090 244 218 271 239
0029 113 040 137 085 242 215 274 238
0030 112 039 133 085 244 218 270 239
0031 106 046 133 106 244 218 271 239
0032 096 072 129 122 244 218 271 239
0033 243 218 270 239 102 134 129 166
0034 243 218 270 239 123 174 145 216
0035 137 202 164 236 240 220 270 238
0036 149 212 173 239 241 219 272 239
0037 147 209 173 235 236 217 267 238
