0000 143 209 181 239
0001 143 209 181 239
0002 144 206 181 238
0003 055 223 089 239
0004 092 199 146 239 063 211 099 239
0005 115 145 159 217 085 182 120 219
0006 122 127 170 198
0007 139 095 182 165 079 208 119 236
0008 139 087 185 141
0009 142 075 185 136
0010 144 072 181 126
0011 144 069 178 125
0012 138 069 179 121
0013 139 070 177 119
0014 137 072 181 124
0015 137 071 180 125
0016 137 073 178 124
0017 138 071 178 119
0018 137 072 178 124
0019 137 071 179 124
0020 136 071 177 124
0021 139 074 171 124
0022 132 079 174 128
0023 121 093 165 146
0024 113 108 157 172
0025 099 143 150 202
0026 080 179 157 232
0027 061 206 120 239 111 201 163 239
0028 050 221 101 239 102 210 172 239
0030 135 210 173 239
0036 136 211 172 239
0037 132 214 172 239
0039 136 211 172 239
0040 132 214 172 239
