0000 163 202 186 237 096 194 114 224
0001 165 201 187 236 096 196 114 230
0002 096 195 114 230 166 201 187 234
0003 166 201 187 234 095 195 114 231
0004 165 201 187 238 096 196 114 231
0005 164 202 188 238 096 195 114 231
0006 164 201 188 238 096 196 114 231
0007 164 201 188 237 095 195 113 231
0008 165 197 189 235 091 191 112 228
0009 075 179 100 216 167 188 199 232
0010 046 166 075 193 189 147 220 200
0011 021 137 058 163 220 130 252 163
0012 005 107 045 141 244 098 281 136
0013 257 086 302 121 000 095 035 129
0014 260 086 311 121 000 090 033 121
0015 001 096 033 121 262 097 312 122
0016 266 105 312 129 002 103 032 126
0017 266 106 314 133 003 107 036 129
0018 267 106 313 131 002 107 034 131
0019 268 107 313 131 001 108 032 130
0020 265 106 315 131 001 105 033 127
0021 265 106 315 131 002 106 036 131
0022 005 109 037 134 267 104 315 133
0023 265 103 316 129 001 102 036 129
0024 002 098 033 124 267 093 316 120
0025 001 087 033 110 267 080 311 108
0026 007 071 036 101 266 060 312 090
0027 014 060 042 092 258 046 298 076
0028 022 049 049 086 248 029 289 064
0029 027 044 053 083 241 028 277 075
0030 029 043 053 081 247 023 272 073
0031 029 043 053 082 244 025 281 071
0032 028 043 053 080 243 026 276 073
0033 028 042 053 080 246 026 274 079
0034 028 042 053 081 243 027 279 076
0035 027 041 052 079 243 027 278 076
0036 026 041 053 084 245 031 279 070
0037 026 044 055 087 245 034 271 079
0038 026 049 054 094 246 040 267 076
0039 024 068 060 110 239 062 263 101
0040 024 094 063 136 233 090 262 127
0041 029 126 066 160 231 130 260 166
0042 046 163 076 191 181 144 221 184 219 169 244 206
0043 068 190 092 216 177 145 209 210
0044 086 195 106 223 181 204 198 232
0045 093 196 110 226 170 201 190 231
0046 097 196 116 226 164 200 185 230
0047 167 199 188 233 096 197 115 227
0048 168 200 189 234 095 194 113 224
