0021 086 206 135 236
0022 070 184 125 230 092 216 137 239
0023 098 203 153 239 043 170 109 217
0024 107 196 168 235 030 162 091 200
0025 116 187 170 235 022 159 102 193
0026 116 178 169 228 015 155 093 192
0027 117 172 171 221 014 156 083 190
0028 123 167 175 218 012 154 082 189
0029 117 166 170 215 012 152 083 188
0030 117 166 175 215 010 151 084 187
0031 117 164 175 212 005 147 082 184
0032 116 164 168 212 003 149 084 190
0033 116 162 168 211 009 150 081 190
0034 113 159 167 211 007 150 073 186
0035 112 163 167 213 006 149 073 187
0036 111 160 167 210 006 150 073 187
0037 113 160 166 208 006 149 072 186
0038 113 158 165 208 005 149 072 186
0039 112 158 168 202 007 149 069 187
0040 111 159 168 203 004 147 069 183
0041 110 160 167 203 003 149 069 189
0042 113 158 171 203 004 146 071 181
0043 113 159 172 203 005 151 062 183
0044 113 157 172 206 005 149 065 182
0045 113 157 172 206 009 151 068 185
0046 114 158 172 203 005 147 069 183
0047 106 163 167 207 006 148 074 184
0048 096 175 152 226 024 134 084 176
0049 079 197 137 239 037 145 099 188
0050 068 170 120 210 078 217 120 239
0051 085 206 139 239
