0000 094 204 125 239 211 213 241 237
0001 094 202 130 237 211 213 241 237
0002 093 203 126 238 211 212 242 237
0003 094 203 130 238 212 205 247 239
0004 094 206 124 239 225 191 247 235
0005 207 137 245 188 095 206 124 239
0006 094 203 130 237 205 103 236 139
0007 094 203 130 237 187 059 219 106
0008 094 205 124 239 195 058 222 094
0009 095 205 124 239 185 052 227 092
0010 094 203 130 237 189 055 230 096
0011 095 205 124 239 201 060 231 108
0012 098 204 128 239 213 101 247 161
0013 215 159 259 204 099 204 128 239
0014 099 204 128 239 217 175 252 218
0015 099 204 128 239 210 180 251 224
0016 099 204 128 239 214 180 257 222
0017 207 179 255 221 094 205 126 239
0018 190 173 233 217 094 204 125 239
0019 177 171 220 215 094 204 125 239
0020 169 171 215 211 093 204 125 239
0021 175 171 218 215 094 204 125 239
0022 093 203 126 239 192 172 237 218
0023 093 203 125 239 206 169 259 210
0024 216 166 266 206 094 204 125 239
0025 217 162 269 202 094 203 125 239
0026 206 159 249 197 094 203 125 239
0027 196 159 243 197 094 203 125 239
0028 171 157 222 192 094 203 124 239
0029 161 156 211 195 094 203 125 239
0030 165 163 215 203 094 203 125 239
0031 183 168 233 217 094 203 125 239
0032 094 203 125 239 208 170 247 225
0033 218 173 255 211 094 203 125 239
0034 214 168 258 211 094 202 126 239
0035 211 164 252 210 096 208 127 235
0036 093 207 130 235 201 170 243 209
0037 093 208 130 235 201 170 236 208
0038 093 202 125 239 206 172 239 220
0039 095 200 125 238 211 181 250 239
0040 214 197 254 237 102 196 129 236
0041 107 194 144 236 212 203 248 238
0042 111 199 142 239 212 208 247 238
