0000 190 180 211 217 074 172 099 209
0001 174 184 194 213 086 183 108 216
0002 182 182 202 213 076 176 100 213
0003 195 177 215 210 063 170 086 206
0004 206 175 227 209
0005 035 158 065 192
0006 228 157 257 196 023 148 060 181
0007 009 129 055 165 237 140 278 170
0008 003 122 052 152
0009 004 118 051 145 176 095 237 132
0010 001 116 044 148 250 120 291 152
0011 003 119 046 142 258 117 296 149 057 091 106 121
0012 001 114 049 147
0013 002 115 049 145
0014 002 116 048 145
0015 002 116 048 145
0016 001 117 048 145
0017 001 117 049 146
0018 001 116 050 145
0019 001 118 050 147
0020 001 118 051 148
0021 002 117 052 147
0022 002 117 052 147
0023 002 113 057 149
0024 003 122 047 145
0025 003 122 047 145
0026 002 112 052 150
0027 001 122 048 152
0028 003 125 045 149
0029 001 122 050 150
0030 001 121 047 149
0031 002 122 044 146
0032 003 120 046 144
0033 000 118 049 145
0034 000 118 051 146
0035 000 114 043 147
0036 002 115 049 144
0037 002 115 049 145
0038 002 113 050 144
0039 001 115 049 145
0040 001 112 056 147
0041 002 117 056 150 250 112 280 141
0042 005 134 050 167 252 128 283 160
0043 026 161 067 193 231 153 258 186
0044 068 171 094 208 198 168 219 207 085 117 115 168
0045 177 177 200 213 086 179 108 212
0046 174 180 194 218 090 186 116 222
