0011 118 211 159 239
0012 123 187 165 237
0013 123 169 165 223
0014 120 158 177 216
0015 136 146 190 202
0016 138 124 187 194
0017 138 122 186 187
0018 138 118 193 184
0019 139 118 194 188
0020 136 118 188 183
0021 134 119 188 185
0022 134 119 188 185
0023 142 110 188 187
0024 139 116 188 189
0025 130 118 189 186
0026 130 118 188 187
0027 129 117 188 186
0028 130 116 189 186
0029 139 116 188 188
0030 132 118 190 184
0031 138 117 188 185
0032 128 116 188 180
0033 133 114 186 183
0034 135 110 185 179
0035 135 114 185 184
0036 131 116 183 183
0037 131 114 183 183
0038 138 111 185 179
0039 138 112 185 180
0040 144 107 184 185
0041 146 110 186 177
0042 140 110 185 180
0043 141 107 187 181
0044 141 104 184 183
0045 143 104 184 183
0046 144 110 187 177
0047 143 106 185 180
0048 139 110 184 183
0049 140 111 181 186
0050 140 114 184 183
0051 142 112 183 182
0052 144 116 186 182
0053 144 119 183 190
0054 143 119 184 193
0055 143 120 184 193
0056 144 119 185 188
0057 142 117 187 187
0058 142 116 187 187
0059 142 118 185 190
0060 143 119 186 190
0061 143 118 186 191
0062 142 119 186 191
0063 141 121 186 189
0064 141 121 184 192
0065 143 119 183 195
0066 139 116 184 190
0067 138 119 182 191
0068 136 121 178 191
0069 137 119 174 201
0070 139 117 177 196
0071 133 121 179 193
0072 133 118 179 198
0073 133 116 178 198
0074 127 120 175 191
0075 131 121 177 191
0076 133 122 173 192
0077 133 122 172 193
0078 133 121 177 194
0079 131 119 176 194
0080 133 121 175 193
0081 135 123 180 192
0082 138 123 181 194
0083 136 122 182 194
0084 136 123 181 192
0085 135 126 174 198
0086 134 126 181 193
0087 134 126 181 192
0088 138 125 182 193
0089 136 126 176 199
0090 135 133 175 203
0091 132 167 176 221
0092 127 201 161 239
0093 126 215 157 239
