0008 129 214 158 239
0009 133 191 164 236
0010 141 157 171 208
0011 133 118 174 182
0012 141 092 174 158
0013 141 084 176 154
0014 141 080 175 147
0015 142 080 176 146
0016 143 078 178 145
0017 139 078 180 143
0018 139 077 181 144
0019 144 079 179 144
0020 147 076 179 147
0021 147 079 181 145
0022 147 078 185 144
0023 151 075 185 141
0024 153 074 188 141
0025 155 075 187 145
0026 155 074 189 147
0027 157 072 188 141
0028 157 075 188 146
0029 158 074 191 145
0030 157 073 190 141
0031 157 074 189 146
0032 157 077 190 146
0033 158 074 192 145
0034 157 077 191 146
0035 158 076 191 141
0036 159 076 190 145
0037 158 076 188 142
0038 159 075 191 145
0039 158 075 189 143
0040 158 075 188 143
0041 158 074 189 144
0042 158 074 189 144
0043 158 075 190 144
0044 158 073 191 140
0045 158 073 192 141
0046 158 072 191 141
0047 159 074 192 140
0048 163 073 194 139
0049 163 071 196 140
0050 164 071 196 141
0051 166 071 196 141
0052 165 074 196 143
0053 164 074 198 141
0054 164 074 198 140
0055 164 074 197 140
0056 164 068 198 140
0057 164 069 199 136
0058 164 067 199 135
0059 164 073 198 141
0060 164 071 198 138
0061 164 072 198 141
0062 164 071 198 138
0063 164 071 198 138
0064 164 072 198 140
0065 164 072 198 138
0066 164 072 198 138
0067 164 073 197 139
0068 164 073 198 140
0069 164 073 198 141
0070 164 073 198 141
0071 164 074 197 141
0072 166 073 195 139
0073 165 072 195 140
0074 164 075 196 139
0075 163 074 198 142
0076 163 073 199 142
0077 162 073 199 143
0078 162 075 199 139
0079 162 072 199 138
0080 164 073 197 142
0081 160 073 196 138
0082 160 073 196 138
0083 160 073 195 138
0084 161 073 194 139
0085 161 077 194 140
0086 160 078 194 143
0087 160 080 194 145
0088 155 098 193 164
0089 145 131 193 187
0090 140 174 178 230
0091 131 209 164 236
