0000 170 191 196 229 096 207 120 239
0001 095 207 116 235 172 191 193 224
0002 094 207 121 239 171 188 197 229
0003 176 183 199 219 102 191 128 231
0004 105 156 145 187 165 159 202 197
0005 151 124 190 158 124 101 164 135
0007 140 081 184 129
0008 138 076 182 128 126 080 155 116
0009 141 079 175 132
0010 141 078 175 133 121 080 158 124
0011 143 078 180 129
0012 145 083 179 133 121 081 160 118
0013 147 082 178 132 121 080 159 121
0014 138 085 179 132
0015 128 090 167 128
0016 157 141 193 180 121 107 163 145
0017 108 156 144 189 168 179 195 226
0018 100 186 125 223 171 193 194 229
0019 092 205 114 235 177 191 197 227
0020 088 205 111 239 181 192 202 230
0021 092 200 112 235 168 186 203 229
0022 169 189 191 224 092 202 118 239
0023 093 202 120 238 166 193 190 231
