0000 056 204 091 238 154 201 180 235
0001 054 201 080 238 161 200 180 231
0002 056 204 080 239 152 197 182 235
0003 155 200 182 235 057 205 085 239
0004 153 196 183 233 057 207 084 239
0005 058 205 085 239 154 190 183 234
0006 054 204 085 239 161 177 186 217
0007 057 205 084 238 166 143 189 175
0008 056 203 083 238 158 099 191 137
0009 154 054 188 097 057 203 083 239
0010 057 204 082 238 145 042 180 084
0011 057 204 082 238 140 044 178 079
0012 058 206 082 238 137 050 174 082
0013 057 208 083 239
0014 057 205 082 238
0015 056 205 081 238
0016 051 204 084 239
0017 055 208 080 239
0018 056 205 082 239
0019 057 206 083 239 139 053 196 087
0020 056 204 082 239
0021 053 209 082 238 142 051 198 087
0022 055 205 086 239 143 050 199 086
0023 056 209 085 239 140 049 197 086
0024 054 203 085 239 141 049 198 086
0025 057 207 082 237 136 053 198 087
0026 055 210 087 239
0027 060 209 085 239
0028 060 210 085 239
0029 060 208 085 239
0030 055 210 085 239
0031 060 208 085 239
0032 060 206 084 239
0033 060 207 084 239
0034 056 208 085 239
0035 059 205 085 239
0036 060 207 086 239
0037 061 206 085 237
0038 061 206 086 237
0039 061 204 087 236
0040 061 206 086 235
0041 062 205 086 235
0042 060 204 084 238
0043 060 205 089 239
0044 058 205 082 235
0045 058 208 088 239
0046 055 209 083 239
0047 060 209 084 239
0048 053 206 085 239
0049 059 209 085 239 132 052 170 084
0050 134 048 176 087 056 213 086 239
0051 156 061 190 106 057 211 083 239
0052 057 214 088 239 182 144 219 167
0053 053 206 088 239 172 187 194 228
0054 057 209 086 239 158 200 176 232
