0003 004 195 039 239
0004 018 174 081 216
0005 034 167 110 208
0006 189 188 228 239 038 165 121 204
0007 050 167 131 205 171 146 211 217
0008 159 122 203 194 053 167 142 207
0009 138 115 192 173 054 167 136 210
0010 124 105 183 159 065 166 144 204
0011 115 097 171 152 073 162 155 196
0012 108 087 175 144 075 167 163 201
0013 116 086 175 143 074 166 165 200
0014 123 082 177 142 072 166 160 202
0015 130 080 173 149 071 166 154 203
0016 121 077 169 147 063 166 135 205
0017 116 077 168 137 069 164 154 203
0018 108 074 164 131 071 170 154 207
0019 109 073 172 135 072 170 154 207
0020 119 070 172 137 069 169 155 206
0021 128 067 173 149 071 166 154 201
0022 130 070 170 146 065 166 155 202
0023 114 077 162 146 069 167 159 201
0024 108 079 164 140 070 166 157 202
0025 110 086 163 141 070 167 160 202
0026 122 086 166 152 067 166 159 202
0027 126 081 162 161 066 163 151 200
0028 116 085 159 155 062 164 137 204
0029 112 087 160 148 062 168 140 207
0030 104 090 158 149 068 171 153 209
0031 112 091 160 153 066 171 151 208
0032 117 085 162 158 063 170 147 207
0033 116 092 160 165 058 173 149 210
0034 103 099 154 154 057 173 149 210
0035 093 102 151 155 065 175 150 209
0036 106 097 154 161 063 173 149 209
0037 112 096 159 166 060 174 148 207
0038 114 102 158 167 059 171 141 209
0039 095 104 146 165 059 178 151 212
0040 091 109 150 162 059 179 138 216
0041 097 122 161 172 044 189 136 227
0042 111 143 170 192 029 188 100 233
0043 146 167 191 216
0044 176 195 216 239
