0000 067 197 101 235 168 205 189 235
0001 171 204 192 238 071 201 096 237
0002 071 200 094 237
0003 071 200 098 236 208 157 237 199
0004 202 117 265 148 070 201 096 238
0005 064 200 096 235 227 058 263 102
0006 062 200 096 237 216 027 255 074
0007 062 199 096 235 193 013 233 049
0008 065 200 096 234 182 021 222 060 186 132 219 175
0009 064 197 098 234 161 036 215 067
0010 159 035 212 065 065 196 098 235
0011 162 036 212 069 063 200 097 234 175 138 207 181
0012 067 200 093 235 158 036 211 065 175 138 208 182
0013 061 196 098 233 159 036 213 068
0014 158 036 213 068 067 200 094 234
0015 158 036 211 068 068 199 099 237
0016 159 036 211 067 066 201 091 235
0017 159 036 212 067 063 198 089 234
0018 059 194 093 233 160 037 213 067
0019 165 041 210 068 062 202 088 234
0020 182 044 220 080 062 197 094 234
0021 061 199 098 238 197 065 234 118
0022 059 193 092 236 194 134 246 167
0023 065 200 090 233 188 167 226 218
0024 062 197 096 233 175 199 204 235
0025 064 199 097 234 170 207 189 237
0026 068 201 093 234 176 208 193 235
0027 178 205 199 236 063 196 097 233
0028 175 203 198 238 066 192 099 232
0029 172 206 194 239 067 200 094 236
0030 171 204 193 239 065 200 098 235
0031 174 205 195 239 065 199 098 235
0032 173 204 196 239 062 197 093 233
