0000 194 209 228 239
0001 195 205 226 238
0002 196 202 223 239
0003 192 206 228 237
0005 150 214 207 239
0006 146 207 204 239
0007 144 191 199 230
0008 139 174 201 221
0009 135 159 191 209
0010 135 151 191 205
0011 129 140 177 199
0012 127 136 175 197
0013 121 138 169 205
0014 118 141 165 203
0015 116 142 165 209
0016 115 144 167 210
0017 114 150 166 209
0018 116 151 169 208
0019 112 154 170 204
0020 111 154 173 210
0021 109 154 171 206
0022 108 153 171 204
0023 106 153 171 204
0024 111 157 172 202
0025 114 156 176 203
0026 112 156 174 199
0027 109 160 172 198
0028 109 161 172 204
0029 110 161 170 200
0030 110 161 171 199
0031 110 162 175 199
0032 111 158 168 203
0033 110 162 174 201
0034 110 162 174 201
0035 107 163 173 200
0036 111 163 172 202
0037 107 163 171 202
0038 106 161 169 205
0039 109 162 173 209
0040 110 162 165 207
0041 103 165 170 208
0042 107 170 170 216
0043 107 171 167 217
0044 105 173 170 215
0045 105 173 169 214
0046 106 174 169 215
0047 102 174 171 216
0048 107 174 170 217
0049 112 173 168 219
0050 109 175 173 218
0051 109 176 174 219
0052 109 175 174 220
0053 109 175 177 221
0054 115 175 178 223
0055 114 173 178 221
0056 113 177 176 221
0057 110 177 173 223
0058 110 175 172 222
0059 111 174 175 219
0060 114 176 175 223
0061 114 174 176 223
0062 110 173 171 217
0063 113 175 168 219
0064 112 174 169 218
0065 113 173 170 218
0066 111 171 174 214
0067 109 175 177 214
0068 107 173 177 218
0069 114 169 177 214
0070 113 168 175 213
0071 111 167 175 212
0072 111 166 176 209
0073 110 165 175 209
0074 110 164 174 205
0075 111 161 173 206
0076 111 163 175 205
0077 111 164 175 206
0078 110 163 175 206
0079 110 162 176 205
0080 109 165 174 206
0081 110 160 172 204
0082 112 165 174 205
0083 111 162 168 205
0084 115 163 171 207
0085 113 164 173 207
0086 115 165 172 207
0087 111 165 178 205
0088 112 165 177 205
0089 114 162 173 203
0090 114 162 173 202
0091 113 166 173 203
0092 113 161 173 203
0093 111 163 173 206
0094 115 161 174 203
0095 117 161 173 203
0096 116 162 175 204
0097 115 161 172 204
0098 114 162 177 210
0099 114 163 174 205
0100 109 164 175 210
0101 112 164 172 206
0102 110 163 171 207
0103 110 164 175 210
0104 109 162 172 211
0105 110 162 171 211
0106 117 164 174 207
0107 115 163 175 207
0108 115 162 173 207
0109 115 158 174 207
0110 115 156 170 207
0111 116 154 173 207
0112 109 154 169 208
0113 113 160 170 212
0114 113 161 171 212
0115 111 156 171 210
0116 110 157 169 208
0117 108 158 174 207
0118 113 161 175 207
0119 107 158 169 205
0120 113 157 174 206
0121 112 157 172 205
0122 112 157 173 205
0123 114 157 170 203
0124 111 158 173 206
0125 110 160 174 204
0126 114 157 171 203
0127 109 160 175 204
0128 110 160 175 204
0129 113 157 171 204
0130 113 157 171 203
0131 114 158 173 205
0132 114 162 175 206
0133 114 157 176 205
0134 114 159 174 207
0135 114 159 173 207
0136 116 159 177 205
0137 117 160 178 205
0138 112 164 174 208
0139 117 173 184 218
0140 127 186 181 226
0141 131 204 186 239
0142 183 201 227 238
0143 196 205 230 239
0144 192 210 227 239
0145 193 212 222 239
0146 193 211 222 239
0147 194 212 222 239
0148 194 212 222 239
0149 194 211 222 239
0150 194 212 222 239
0151 194 212 222 239
