0003 164 195 187 228
0004 129 221 175 237 160 183 193 224
0005 114 196 175 239
0006 118 161 181 210
0007 124 136 183 176
0008 121 108 207 145
0009 128 091 200 126
0010 127 081 194 119
0011 123 074 195 109
0012 127 076 203 110
0013 120 078 208 111
0014 120 078 208 110
0015 119 079 204 112
0016 121 078 201 112
0017 122 081 199 114
0018 122 079 198 114
0019 122 077 189 113
0020 122 079 196 113
0021 117 080 198 115
0022 113 088 197 124
0023 115 101 187 138
0024 117 116 179 158
0025 119 144 172 186
0026 119 172 171 220
0027 114 193 184 234
