0000 126 196 147 232
0001 126 196 147 232
0002 128 196 147 230
0003 127 197 148 233
0004 128 197 148 233 211 192 233 229
0005 129 196 149 233 218 166 261 198
0006 129 196 149 232 209 123 254 166
0007 208 056 236 111 129 196 148 230
0008 207 042 233 098 128 194 147 232
0009 205 039 231 092 128 194 147 232
0010 206 037 230 089 128 194 147 232
0011 206 035 231 086 129 198 149 230
0012 207 036 232 086 131 197 149 230
0013 202 039 233 097 128 196 148 233
0014 207 060 235 123 128 196 147 233
0015 210 107 236 156 127 196 147 232
0016 127 196 147 231 206 154 228 200
0017 126 199 146 234 203 192 220 224
0018 127 197 147 230
0019 127 197 148 230
0020 128 197 148 231
