0003 136 204 176 238
0004 152 165 191 214
0005 161 123 199 174
0006 170 089 220 132
0007 175 075 220 121
0008 181 059 231 104
0009 183 049 234 093
0010 184 044 236 088
0011 184 041 234 083
0012 186 040 238 079
0013 188 041 239 077
0014 188 044 240 080
0015 187 039 242 080
0016 188 040 241 079
0017 188 040 242 080
0018 189 040 243 081
0019 187 042 239 083
0020 189 040 242 081
0021 189 040 243 081
0022 189 040 243 081
0023 190 041 242 079
0024 193 046 238 084
0025 185 046 232 091
0026 181 057 219 108
0027 171 074 211 120
0028 166 093 201 146
0029 155 121 199 171
0030 143 175 180 229
0031 137 185 181 237
0032 134 218 165 239
