0003 039 218 072 239 104 219 165 239
0004 043 208 075 239 088 205 141 239
0005 085 189 139 236 046 197 080 239
0006 082 177 131 223 051 184 093 231
0007 084 169 135 215 057 183 097 226
0008 081 170 129 211 055 179 095 221
0009 080 170 129 210 056 171 096 218
0010 083 166 127 207 059 171 093 215
0011 082 165 125 208 057 170 095 210
0012 084 165 135 204 058 166 096 211
0013 080 164 135 204 060 169 093 206
0014 083 162 129 202 062 168 094 207
0015 082 162 131 202 059 169 097 209
0016 082 161 129 201 058 169 095 210
0017 080 162 130 200 058 168 096 208
0018 082 158 130 201 057 168 097 211
0019 084 159 130 200 059 168 093 208
0020 082 162 127 202 058 169 093 207
0021 079 161 128 199 055 165 094 210
0022 081 157 129 196 055 163 095 210
0023 058 158 102 208 080 154 132 199
0024 076 155 122 196 056 160 096 204
0025 074 153 126 193 056 158 096 199
0026 075 153 124 194 056 158 098 199
0027 080 155 129 195 058 157 099 201
0028 080 155 128 195 059 160 096 201
0029 077 154 123 195 057 156 094 199
0030 076 154 123 195 057 156 096 197
0031 077 152 123 191 056 157 101 198
0032 075 154 123 195 055 158 096 201
0033 073 155 124 194 054 160 095 201
0034 076 152 127 192 053 160 099 201
0035 073 156 122 197 054 161 095 205
0036 075 157 121 193
0037 074 160 128 200 056 170 088 207
0038 075 180 128 222 052 185 089 230
0039 036 213 076 239 084 216 143 239
