0000 120 191 143 228
0001 196 190 216 224 116 191 139 227
0002 115 191 139 229 214 177 241 219
0003 121 192 142 227
0004 240 106 269 137 113 194 138 229
0005 240 073 269 110 111 193 136 229
0006 233 050 259 090 111 193 135 228
0007 228 039 252 079 112 192 136 228
0008 220 034 244 074 114 199 138 226
0009 112 195 138 224 220 022 241 065
0010 215 020 237 061 114 198 139 227
0011 208 014 245 057 115 199 139 225
0012 205 012 234 047 118 191 139 225
0013 194 006 221 045 117 191 139 225
0014 197 005 224 046 112 193 136 229
0015 112 192 136 228 214 008 238 043
0016 226 006 251 049 116 196 139 224
0017 220 012 243 049 117 193 137 228
0018 117 195 139 224 201 007 230 049
0019 177 011 214 039 117 196 139 225
0020 180 007 207 045 114 192 137 229
0021 187 008 217 047 120 193 140 229
0022 120 191 141 228 211 010 239 052
0023 221 016 243 048 118 187 140 222
0024 212 017 236 049 114 186 136 225
0025 195 018 218 051 113 189 137 230
0026 120 193 142 230 176 013 201 046
0027 120 193 141 229 183 008 208 048
0028 190 012 217 052 119 193 141 229
0029 210 009 239 048 115 189 136 227
0030 117 192 138 227 212 014 238 050
0031 117 194 139 223 200 017 223 055
0032 117 188 140 225 185 016 210 051
0033 120 191 141 224 187 009 210 048
0034 114 187 137 226 192 021 230 069
0035 113 189 136 229
