0001 160 198 181 236
0002 160 203 179 234
0003 168 200 188 236 097 205 131 238
0004 166 199 193 238 100 201 129 238
0005 097 198 131 236 165 190 200 231
0006 096 197 129 234 175 173 206 218
0007 097 196 129 235 178 147 221 182
0008 099 194 125 230 175 099 219 132 151 209 172 239
0009 095 196 131 235
0010 097 194 129 234
0011 097 196 129 235
0012 097 193 128 234
0013 097 195 128 235
0014 098 195 128 235
0015 097 195 130 234
0016 098 195 129 234 188 077 211 129
0017 098 195 130 234 182 138 210 178
0018 098 195 129 234 177 182 211 229
0019 166 195 191 234 098 196 130 234
0020 161 206 179 235 098 196 127 235
0021 161 202 187 239 098 196 127 234
