0004 183 219 218 239
0005 176 204 224 239
0006 183 180 233 232
0007 185 166 232 217
0008 185 154 239 200
0009 187 146 242 189
0010 187 137 241 188
0011 190 128 245 178
0012 190 137 243 184
0013 168 139 235 189
0014 175 113 227 177
0015 168 094 229 161
0016 184 095 237 149
0017 191 109 243 157
0018 185 133 234 187
0019 175 148 226 201
0020 171 140 223 192
0021 172 144 221 193
0022 171 140 227 191
0023 174 146 224 202
0024 176 162 226 215
0025 176 184 225 236
0026 170 208 220 239 080 221 108 239
0027 177 222 218 239
0028 086 221 114 239
0029 086 221 116 239
0030 089 224 120 239
0033 085 223 129 239
0036 087 222 121 239
0037 085 223 117 239
