0000 066 158 118 205 160 168 199 215
0001 067 158 119 205 157 167 198 218
0002 067 158 118 205 152 151 205 204
0003 067 158 118 205 151 122 196 174
0004 067 157 118 205 155 108 204 165
0005 067 158 118 206 158 100 200 170
0006 067 158 118 206 156 099 206 152
0007 067 158 118 206 152 086 207 128
0008 067 158 119 206 150 078 211 116
0009 067 158 119 206 152 073 198 125
0010 067 158 118 206
0011 065 157 119 206 158 099 197 181
0012 069 157 119 205 158 103 213 157
0013 070 157 119 205 164 094 217 135
0014 070 157 119 205 153 081 205 121
0015 070 157 119 205 152 079 198 121
0016 069 157 119 205 153 085 202 134
0017 069 157 119 205 160 099 203 155
0018 069 157 119 205
0019 069 157 119 206 157 114 211 163
0020 069 157 119 206 155 113 219 150
0021 069 157 119 206 157 106 205 147
0022 069 156 119 206 165 124 212 168
0023 065 157 119 204 170 144 219 203
0024 065 156 118 204 175 159 220 208
0025 070 159 118 206 173 160 216 210
0026 066 154 115 205 174 158 218 210
0027 071 154 120 201 174 158 218 210
0028 070 152 122 204 174 158 218 210
0029 068 153 122 205 174 158 218 210
0030 069 152 117 202 174 157 219 210
0031 068 153 120 206 174 157 219 210
0032 065 150 115 204 174 157 219 210
0033 069 151 119 203 174 157 219 210
0034 069 151 119 203 175 157 219 210
0035 069 151 118 203 172 155 221 211
0036 071 152 117 202 172 158 219 209
