0011 098 200 162 239 161 208 204 237
0012 161 167 208 216 103 157 163 208
0013 102 132 160 178 158 140 209 181
0014 102 124 160 170 158 128 211 177
0015 104 116 154 161 159 116 205 167
0016 102 114 152 158 155 115 206 162
0017 102 114 151 157 153 111 211 158
0018 100 114 152 157 154 108 209 155
0019 100 114 153 157 154 109 206 156
0020 099 114 155 156 147 110 209 157
0021 098 114 154 155 150 113 213 156
0022 098 112 151 154 153 113 216 157
0023 094 113 148 155 155 110 216 157
0024 095 113 147 153 162 111 222 155
0025 166 110 226 155 089 114 147 153
0026 173 111 227 156 082 114 140 160
0027 083 116 134 154 184 109 236 153
0028 186 110 243 151 076 114 133 155
0029 196 105 245 149 069 119 129 157
0030 197 104 261 147 062 117 115 161
0031 208 102 262 148 063 117 115 159
0032 217 102 268 146 058 115 106 161
0033 220 103 273 144 054 116 101 160
0034 224 101 272 144 052 117 099 160
0035 223 101 274 144 049 116 098 160
0036 224 100 276 144 051 118 096 157
0037 220 102 273 146 051 118 098 161
0038 217 102 271 147 054 121 099 164
0039 055 132 110 178 207 113 258 159
0040 202 128 248 168 059 144 123 193
0041 072 163 133 216 187 142 242 196
0042 181 152 236 203 076 172 140 225
0043 074 184 141 237 171 168 225 223
0044 077 189 140 235 165 176 218 230
0045 076 196 144 239 158 181 216 232
0046 081 199 136 239 155 188 211 237
0047 081 198 139 239 151 193 205 233
0048 082 199 140 239 155 192 208 233
0049 079 199 141 239 155 191 207 233
0050 079 199 141 239 155 191 206 234
0051 079 199 141 239 154 190 206 235
0052 082 200 140 239 155 191 208 234
0053 079 199 141 239 154 191 208 234
0054 079 199 140 239 151 193 207 235
0055 082 199 141 235 151 199 203 233
0056 081 202 138 239 153 199 206 234
0057 154 198 210 239 079 210 135 239
0058 159 212 209 238 081 219 132 239
0059 167 218 212 239
