0000 141 219 178 238
0001 145 219 182 236
0002 145 219 183 237
0003 147 215 185 239
0004 163 215 192 239
0005 177 199 210 239
0006 182 168 228 223
0007 198 139 246 204
0008 205 126 249 191
0009 210 107 257 177
0010 212 096 257 164
0011 213 094 261 151
0012 216 090 260 150
0013 217 091 261 151
0014 214 097 265 153
0015 213 091 264 153
0016 212 089 261 150
0017 212 096 259 150
0018 212 095 259 151
0019 212 096 260 150
0020 213 096 261 152
0021 210 088 260 152
0022 216 095 261 156
0023 216 095 261 156
0024 216 092 255 156
0025 213 094 255 159
0026 212 103 255 165
0027 197 134 251 188
0028 183 171 231 222
0029 163 200 210 237
0030 155 212 193 238
