0000 112 190 139 231 193 215 221 239
0001 193 215 221 239 110 197 137 237
0002 110 204 134 239 193 215 221 239
0003 106 208 131 239 195 216 217 235
0004 105 213 128 236 193 215 221 239
0005 102 216 126 235 197 212 217 239
0006 195 216 217 235 099 214 124 239
0007 193 215 221 239 099 214 124 239
0008 098 211 121 236 195 212 218 239
0009 193 216 221 239 099 211 122 236
0010 193 216 221 239 102 217 126 239
0011 197 212 217 239 102 217 126 239
0012 105 216 126 237 194 216 221 239
0013 101 217 128 239 195 215 217 236
0014 101 217 128 239 196 216 221 239
0015 195 218 216 239 102 216 125 239
0016 102 217 129 239 195 218 216 239
0017 102 216 128 239 195 218 216 239
0018 102 215 128 239 195 218 216 239
0019 102 215 128 239 195 218 216 239
0020 104 219 125 239 191 214 221 238
0021 195 218 216 239 104 218 126 238
0022 103 216 128 235 192 214 221 238
0023 104 216 128 235 192 216 222 239
0024 194 216 221 239 104 215 127 239
0025 194 216 221 239 104 215 127 239
0026 194 217 216 239 103 213 126 239
0027 194 217 216 239 102 213 129 237
0028 102 213 129 238 194 217 216 239
0029 194 217 216 239 102 213 129 238
0030 102 214 130 238 194 217 216 239
0031 102 215 130 238 194 217 216 239
0032 102 214 130 238 194 217 217 239
0033 102 214 130 238 194 217 217 239
0034 102 214 130 238 194 217 217 239
0035 102 214 130 238 194 217 217 239
0036 103 216 126 239 198 216 217 239
0037 103 216 126 239 196 216 217 236
0038 103 216 126 239 196 216 217 236
0039 103 216 126 239 197 216 217 239
0040 101 215 128 238 198 214 221 237
0041 102 215 128 236 195 216 217 236
0042 100 209 126 239 194 217 218 239
0043 104 196 129 235 187 206 212 239
0044 167 183 206 218 104 168 127 203
0045 116 137 146 175 154 149 183 183
0046 127 121 174 155
0047 141 117 181 143
0048 140 079 181 107 141 114 178 135 166 091 208 127
0049 136 102 179 132 171 101 212 145
0050 139 130 175 163 147 094 181 117
0051 145 099 185 126 132 122 168 156
0052 156 112 187 139
0053 157 120 195 150
0054 133 075 176 105 154 122 195 140 158 084 207 118
0055 138 092 174 127 158 096 213 134
0056 138 113 171 152
0057 137 117 166 153 145 096 187 122
0058 150 108 200 138 141 107 165 134
0059 148 120 193 148 137 098 176 120
0060 149 123 193 157 132 102 172 133 167 100 212 145
0061 145 140 179 180
0062 161 169 195 226 137 163 173 196
0063 170 196 204 239 125 184 164 216
0064 120 199 147 234 186 213 210 239
0065 111 207 138 239 187 216 212 239
0066 105 212 130 239 190 212 213 237
