0000 158 198 207 233 071 207 108 237
0001 156 194 207 232 070 207 108 237
0002 162 189 210 229 069 209 108 237
0003 168 178 211 222 069 205 111 237
0004 171 169 215 214 070 209 110 237
0005 172 156 215 208 072 209 105 239
0006 178 152 213 202 072 209 105 239
0007 178 153 215 202 072 209 105 239
0008 178 154 219 201 072 209 105 239
0009 175 149 227 199 068 205 112 237
0010 175 135 226 193 068 206 111 237
0011 183 122 235 185 069 208 107 239
0012 190 087 235 163 069 208 108 239
0013 189 071 241 141 069 208 108 239
0014 187 067 241 134 069 208 108 239
0015 192 048 239 128 068 208 107 239
0016 195 046 245 117 069 208 107 239
0017 189 038 236 110 069 206 111 237
0018 180 030 229 106 072 209 104 239
0019 180 024 227 106 068 205 112 237
0020 181 025 227 102 069 208 109 239
0021 177 020 222 097 066 205 107 237
0022 180 020 227 102 066 205 108 237
0023 178 020 223 094 067 207 108 236
0024 175 020 227 088 065 205 107 237
0025 177 017 227 098 065 205 107 237
0026 178 018 228 097 065 205 107 237
0027 179 022 229 094 072 209 104 239
0028 183 019 228 097 072 209 104 239
0029 184 021 229 097 068 205 107 237
0030 183 022 228 103 068 205 107 237
0031 185 022 228 103 067 205 108 237
0032 185 023 228 103 067 205 107 237
0033 181 023 224 095 067 205 107 237
0034 182 023 224 096 067 205 109 237
0035 177 036 222 117 066 206 109 237
0036 066 206 109 237 165 111 214 162
0037 156 178 209 228 068 206 109 237
0038 158 201 209 237 068 206 109 236
0039 162 201 208 237 067 207 111 237
0040 161 202 207 237 067 207 111 237
0041 161 202 207 237 064 205 105 237
0042 161 202 207 237 065 205 106 237
0043 161 200 206 237 066 211 108 237
