0006 237 110 280 159
0007 238 089 275 141
0008 237 072 276 132
0009 235 060 278 113
0010 232 063 279 118
0011 229 069 275 116
0012 227 057 266 115
0013 221 062 269 119
0014 223 061 264 112
0015 224 051 260 111
0016 226 062 263 109
0017 225 061 261 120
0018 228 055 260 107
0019 227 062 264 128
0020 227 052 260 111
0021 225 066 267 115
0022 222 060 263 123
0023 227 054 264 106
0024 227 058 264 121
0025 223 050 265 111
0026 227 056 261 106
0027 227 061 262 115
0028 226 054 267 116
0029 221 052 267 108
0030 229 060 263 106
0031 231 074 260 113
0032 233 081 268 126
0033 237 094 268 156
0034 233 114 274 170
0035 237 150 277 208
0036 244 197 276 238
