0011 128 201 171 239
0012 125 176 174 236
0013 124 156 172 218
0014 122 144 169 209
0015 117 133 169 200
0016 119 124 168 195
0017 120 118 164 185
0018 113 105 161 183
0019 119 084 165 178
0020 120 088 166 166
0021 116 077 166 167
0022 119 073 162 159
0023 116 076 169 156
0024 121 077 162 155
0025 120 073 166 155
0026 121 074 166 155
0027 120 072 162 156
0028 114 076 166 155
0029 117 079 161 156
0030 117 075 167 154
0031 117 075 167 154
0032 119 074 166 157
0033 117 076 162 156
0034 113 075 162 154
0035 120 081 163 165
0036 125 128 170 194
0037 127 210 173 239
