0000 142 201 187 239
0001 139 179 202 239
0002 126 142 180 182
0003 115 091 176 130
0004 144 041 190 093
0005 152 033 197 083
0006 046 194 109 234 114 043 156 084
0007 058 133 121 176 127 046 184 087 116 048 147 088
0008 144 029 197 081 059 117 144 166
0009 136 041 191 084 050 131 131 178 119 043 158 086
0010 061 135 132 196 133 040 186 083
0011 153 031 199 077 066 115 130 154
0012 150 033 196 086 032 101 114 141 119 053 145 086
0013 139 044 189 082 015 101 078 151
0014 009 096 062 140 141 038 193 084
0015 151 030 198 082 002 072 054 115
0016 150 040 201 087 001 074 030 114 123 042 160 084
0017 139 042 197 079
0018 144 036 199 080
0019 144 042 198 085
0020 149 048 200 085
0021 011 084 072 131 137 058 190 099
0022 031 119 098 180 132 103 188 151
0023 147 174 191 229 042 161 101 237
0024 034 191 096 239
0025 160 196 212 239
0028 148 210 189 239
