0000 189 197 231 238 098 214 135 239
0001 194 197 235 239 100 210 136 239
0002 195 200 246 239 100 209 136 238
0003 208 202 249 239 084 199 126 239
0004 213 204 251 239 079 188 111 229
0005 215 213 254 239 058 145 100 186
0006 050 102 093 155 212 217 257 239
0007 044 053 087 120 212 221 259 239
0008 044 029 082 104
0009 049 031 088 103
0010 049 032 088 097
0011 060 032 092 102
0012 080 072 114 118
0013 075 081 111 125
0014 043 073 093 131
0015 048 094 099 152
0016 080 129 115 170
0017 090 143 133 182 210 219 252 239
0018 201 203 244 239 084 139 134 188
0019 199 170 239 235 082 136 130 188
0020 190 133 237 181 071 123 114 176
0021 176 092 227 133 068 100 109 148
0022 074 091 108 132 167 079 214 115
0023 166 084 217 119 078 100 119 149
0024 096 131 153 184 170 099 218 162
0025 186 109 232 191 106 144 168 187
0026 184 111 236 200 112 148 172 197
0027 111 149 175 193 182 117 235 191
0028 107 146 170 190 179 119 237 189
0029 187 115 234 204 108 149 170 193
0030 192 125 237 189 103 146 156 193
0031 198 137 240 194 101 149 150 190
0032 206 147 248 219 096 159 140 198
0033 090 176 131 220 197 195 251 239
0034 091 197 131 237 221 204 259 239
0035 090 206 124 239
0036 096 215 129 239
0037 095 220 129 239
0038 096 214 127 239
0039 094 214 129 239
