0000 132 211 177 239
0001 185 218 219 239
0002 185 220 219 239
0003 187 220 220 239
0007 186 212 227 239
0008 200 196 236 236 134 211 181 238
0009 201 163 242 204 133 210 184 239
0010 201 114 246 171 132 210 178 238
0011 195 078 237 142
0012 196 057 235 124
0013 193 047 230 115 136 209 181 239
0014 195 041 234 116 130 213 177 239
0015 190 044 229 116 132 215 178 239
0016 193 038 229 115 132 213 180 239
0017 192 035 234 115 134 215 183 239
0018 194 038 232 115 130 213 178 239
0019 194 037 234 110 132 213 178 239
0020 195 042 231 110 132 214 179 239
0021 194 039 234 113 133 214 177 239
0022 192 040 232 109 134 213 179 238
0023 189 039 227 113 132 212 180 238
0024 189 049 227 117 132 213 178 238
0025 190 080 220 129 130 212 178 238
0026 189 117 222 158 134 211 179 238
0027 180 153 220 193 133 212 178 237
0028 184 180 220 217 134 212 179 237
0029 182 198 219 239 137 214 180 239
0030 180 208 220 239 127 212 178 238
0031 182 209 220 239 132 211 176 237
0032 183 213 216 239
0033 181 212 221 239 133 210 175 238
0034 182 207 222 239
