0016 158 224 192 239
0017 153 217 204 239
0018 151 198 205 239
0019 155 186 209 233
0020 156 165 214 211
0021 155 153 212 198
0022 153 148 212 194
0023 151 141 212 190
0024 143 141 205 182
0025 132 143 202 191
0026 128 140 189 185
0027 134 141 183 187
0028 138 136 181 186
0029 128 130 181 180
0030 121 125 176 184
0031 110 131 165 185
0032 093 133 150 182
0033 073 128 140 181
0034 059 126 129 174
0035 052 122 120 172
0036 027 123 104 178
0037 048 120 096 176
0038 051 118 093 174
0039 061 119 094 166
0040 068 118 095 166
0041 069 117 095 166
0042 069 120 095 164
0043 069 119 100 171
0044 077 144 125 197
0045 088 177 145 231
0046 123 213 172 239
