0000 028 061 084 099
0001 032 059 082 095
0002 113 187 164 239
0003 112 116 185 217
0004 117 099 186 203
0005 121 083 194 192
0006 127 071 201 184
0007 141 072 199 154
0008 131 063 196 181
0009 122 048 193 172
0010 115 064 185 166
0011 111 063 183 173
0012 112 067 196 164 023 055 077 092
0013 107 080 188 155
0014 114 076 193 149
0015 116 082 188 154
0016 117 084 198 153
0017 123 082 196 159 155 052 203 134
0018 122 080 208 156 138 224 165 239
0019 122 069 207 159
0020 123 062 215 158
0021 126 060 217 156
0022 130 070 217 166
0023 132 072 219 163
0024 137 071 224 159
0025 123 081 216 172
0026 120 125 210 220
0027 125 217 164 239
0030 017 061 072 101
0031 021 061 074 097
