0000 191 201 210 237 120 199 139 232
0001 189 194 210 232 118 190 139 223
0002 173 162 198 190
0003 163 134 200 163 115 136 151 163
0004 161 112 199 146
0005 161 106 198 138
0006 159 102 199 134
0007 157 103 198 136
0008 160 100 183 131
0009 154 102 192 136
0010 158 101 193 135
0011 159 102 192 134
0012 160 100 198 132
0013 158 104 193 132
0014 160 100 198 133
0015 161 104 194 131
0016 160 104 194 132
0017 160 103 194 133
0018 166 123 198 147 124 119 169 153
0019 163 155 191 187 123 143 166 168
0020 176 182 203 222 123 163 146 201
0021 190 206 211 238 123 186 145 221
0022 199 201 218 238 122 198 139 230
0023 200 202 221 235 120 200 138 228
