0006 099 221 142 239
0007 096 212 150 239
0008 105 189 163 239
0009 113 168 171 220
0010 129 127 173 181
0011 139 098 180 161
0012 137 069 177 143
0013 138 064 172 130
0014 135 056 167 124
0015 132 053 165 120
0016 128 056 162 118
0017 122 063 161 121
0018 119 057 160 125
0019 124 061 159 130
0020 117 068 158 140
0021 113 074 154 139
0022 123 082 160 139
0023 111 083 157 142
0024 118 090 161 150
0025 111 100 167 153
0026 106 122 169 173
0027 104 152 164 203
0028 106 198 157 239
0029 115 215 163 239
0030 115 212 169 236
