0000 103 186 124 221 188 184 209 224
0001 101 186 122 221 188 184 209 224
0002 100 186 122 221 189 185 209 224
0003 202 173 227 209 087 169 108 198
0005 206 086 246 117
0006 208 059 240 096 072 066 099 100
0007 206 087 242 127
0008 197 150 231 180 078 142 110 179
0009 090 164 113 197 201 164 228 199
0010 084 149 107 184 207 142 237 172
0011 213 103 237 133
0012 204 055 236 095 073 060 104 097
0013 204 054 232 096 078 053 109 094
0014 080 106 106 132
0015 083 145 121 181 191 151 227 184
0016 082 136 117 171 199 132 233 162
0017 078 117 107 146
0018 205 055 236 098 083 065 107 098
0019 088 043 114 079 201 037 230 085
0020 200 054 228 100 086 056 111 094
0021 083 114 110 144 200 119 229 150
0022 089 143 117 178 192 141 230 175
0023 089 155 116 188 190 145 226 183
0024 092 166 115 199 195 168 230 208
0025 094 175 117 209 200 182 224 220
0026 096 182 118 214 195 186 219 223
0027 100 188 122 222 189 188 213 223
0028 103 188 124 222 187 186 210 221
0029 103 186 126 220 186 192 205 223
0030 104 186 127 221 186 193 205 223
