0002 105 203 149 239
0003 099 149 150 185
0004 099 116 147 146
0005 089 080 144 109
0006 094 073 151 105
0007 102 072 146 105
0008 100 073 145 105
0009 100 073 146 106
0011 098 068 143 105
0012 091 073 139 101
0013 096 072 150 110
0014 104 082 152 131
0015 104 101 154 150
0016 104 122 155 168
0017 109 143 164 189
0018 102 167 154 210
0019 097 172 156 218
0020 094 187 153 227
0021 094 183 148 225
0022 097 187 141 225 136 185 173 238
0023 097 189 141 226 131 186 170 235
0024 101 188 141 222
0025 101 187 144 222
0026 095 182 150 229
0027 103 189 158 237
0028 111 205 153 239
0029 129 194 177 238
0033 143 206 180 239
0034 143 203 181 239
