0000 079 219 098 239
0001 079 219 097 239 173 211 192 238
0002 079 218 097 239
0003 078 216 096 239 172 210 194 237
0004 175 211 202 239 078 214 096 238
0005 183 178 218 214
0006 179 143 223 172 078 211 098 235
0007 187 097 220 136
0008 188 065 215 113
0009 182 049 211 095 072 216 093 239
0010 184 044 218 092 071 216 093 239
0011 193 048 230 093 073 215 091 239
0012 202 041 229 082 071 215 097 239
0013 197 034 223 090 070 212 094 239
0014 187 039 213 088
0015 170 046 209 087 069 213 093 239
0016 166 048 204 090
0017 176 048 214 086
0018 196 049 222 090 070 215 093 239
0019 205 046 232 090
0020 202 038 231 091 071 216 093 239
0021 190 035 215 086 070 220 092 239
0022 169 044 208 087 071 215 093 239
0023 174 054 204 088 072 216 093 239
0024 071 214 094 239 182 056 216 095
0025 202 054 228 098
0026 208 043 244 082 071 214 093 239
0027 198 039 237 082 070 213 090 235
0028 191 044 216 082 069 213 093 239
0029 169 048 205 083 068 216 092 239
0030 181 049 218 088 068 213 093 239
0031 202 053 226 096 069 215 094 239
0032 215 066 245 114 074 217 094 239
0033 236 092 267 137 070 216 094 239
0034 074 215 093 239 237 151 277 187
0035 213 198 241 234 070 215 097 239
0036 073 211 093 239 194 213 222 239
0037 075 213 095 236
0038 075 212 096 236
0039 174 219 195 239 080 217 099 239
0040 075 214 096 237
0041 076 216 097 239 169 212 192 237
0042 078 212 097 235
0043 076 215 098 239
0044 077 211 098 235
