0001 144 210 182 239
0002 142 215 184 239
0003 145 214 186 239
0004 160 199 197 239
0005 165 187 209 239
0006 179 172 218 224
0007 179 159 226 211
0008 183 146 227 191
0009 188 131 228 172
0010 182 114 230 158
0011 182 102 230 147
0012 182 096 228 138
0013 181 097 224 142
0014 183 104 227 145
0015 182 103 228 144
0016 183 103 231 144
0017 184 103 230 144
0018 185 103 233 145
0019 185 104 232 144
0020 185 104 231 147
0021 186 104 232 144
0022 181 101 238 143
0023 187 104 233 144
0024 186 104 233 144
0025 192 104 236 145
0026 187 101 238 142
0027 185 103 235 145
0028 183 110 228 154
0029 175 133 221 184
0030 160 172 207 231
0031 154 195 195 239
0032 141 210 185 239
0033 147 212 181 239
0034 148 216 184 239
0035 147 214 185 239
0036 143 221 185 239
0037 139 222 184 239
