0000 193 194 214 231 126 191 156 234
0001 192 193 214 231 125 195 152 234
0002 191 192 213 228 125 194 150 232
0003 194 182 215 217 121 187 157 232
0004 136 175 160 212 187 175 212 212
0005 129 151 167 193
0006 131 122 173 158 191 123 227 163
0007 135 090 177 126 194 094 225 150
0008 121 070 177 105 188 060 216 101
0009 120 065 180 100 189 050 217 093
0010 134 060 170 094 194 050 222 094
0011 134 061 167 096 195 048 222 094
0012 125 062 174 097 195 048 222 093
0013 127 069 174 104 194 052 222 100
0014 129 086 176 125 197 077 223 121
0015 136 122 172 157 202 124 228 158
0016 132 158 160 198 201 158 224 198
0017 196 189 219 230
0018 124 193 148 232 197 200 216 234
0019 195 201 213 235 121 197 147 235
0020 196 198 215 234 120 193 146 234
0021 124 201 145 235 195 202 213 237
