0000 007 224 044 239
0001 006 220 041 239
0002 001 207 045 239 094 222 136 239
0003 009 177 049 224 102 185 142 230
0004 120 120 164 172 022 126 062 194
0005 130 098 180 143 024 120 082 169
0006 137 087 195 129 025 107 084 152
0007 149 085 201 128 024 100 083 142
0008 154 085 206 130 034 093 092 138
0009 153 084 207 126 040 092 098 138
0010 152 084 209 127 041 093 099 137
0011 153 083 207 126 035 094 099 138
0012 152 084 208 130 041 097 104 137
0013 152 085 207 126 040 098 104 138
0014 153 085 205 126 044 097 101 140
0015 150 086 206 128 045 097 100 142
0016 150 084 198 129 044 097 097 147
0017 142 105 175 161 041 121 087 178
0018 123 174 161 222 026 182 066 229
0019 102 219 138 239
