0000 182 164 204 202
0001 064 148 100 183 187 133 211 167
0002 177 104 203 136 064 124 098 152
0003 168 066 202 111 067 087 094 134
0004 169 039 196 088 065 059 100 103
0005 158 028 192 078 067 040 103 090
0006 080 035 105 075 153 019 188 068
0007 077 029 116 079
0008 083 028 108 075
0009 088 034 108 070 167 030 189 068
0010 081 029 107 081
0011 082 035 106 078 154 032 189 072
0012 157 029 186 067 082 034 108 077
0013 154 034 188 073 086 031 111 079
0014 085 032 110 079 159 025 185 071
0015 084 026 112 077 161 029 187 074
0016 153 028 188 071 083 031 111 074
0017 080 031 107 071 161 031 190 073
0018 086 030 111 067 162 033 186 071
0019 085 031 110 071 153 029 188 071
0020 084 029 111 075 159 030 183 070
0021 085 029 111 075 156 036 188 073
0022 081 028 108 075 154 026 189 072
0023 080 028 108 078 157 030 192 071
0024 081 028 107 077 156 038 190 074
0025 081 027 108 076 155 037 189 073
0026 081 031 108 074 158 029 193 072
0027 080 030 107 074 156 036 190 073
0028 084 033 109 072 161 032 189 072
0029 084 031 112 075 162 031 187 074
0030 083 032 108 077 157 028 191 073
0031 080 039 107 081 161 034 190 077
0032 164 072 200 112
0033 170 157 191 189
0036 169 181 193 210
