0008 135 184 179 229
0009 143 125 192 179
0010 160 080 204 144
0011 169 051 209 120
0012 174 047 207 114
0013 173 046 210 107
0014 167 047 210 110
0015 165 050 219 108
0016 165 051 219 108
0017 165 049 221 107
0018 169 045 212 103
0019 177 041 209 107
0020 169 047 221 107
0021 160 046 224 102
0022 164 048 223 105
0023 162 046 224 104
0024 167 048 223 105
0025 162 045 224 103
0026 165 049 222 105
0027 162 049 225 106
0028 165 042 221 104
0029 177 037 217 107
0030 174 042 213 104
0031 172 044 215 106
0032 168 047 227 103
0033 168 044 230 102
0034 172 042 228 107
0035 171 042 227 105
0036 167 042 230 100
0037 169 045 225 102
0038 173 043 207 096
0039 173 049 209 107
0040 156 052 217 107
0041 150 050 219 110
0042 152 050 217 108
0043 153 053 218 106
0044 155 055 214 111
0045 152 057 217 114
0046 154 056 215 113
0047 155 059 214 115
0048 156 056 210 115
0049 141 087 190 142
0050 135 118 178 171
0051 124 174 164 218
0052 110 208 154 239
