0000 141 216 166 239 240 214 270 239
0001 143 215 169 239 237 213 267 239
0002 138 214 171 239 236 212 267 239
0003 143 216 169 239 240 217 268 239
0004 139 214 169 239 236 214 268 239
0005 144 216 168 239 240 217 269 239
0006 142 215 168 239 240 214 272 239
0007 239 215 269 239 133 212 161 239
0008 241 215 267 239 118 189 145 227
0009 236 215 268 239 096 153 135 185
0010 240 214 269 239 086 102 127 156
0011 087 054 123 120 241 215 275 239
0012 088 014 121 093 240 214 275 239
0013 087 014 120 080 240 216 268 239
0014 241 214 274 239 088 008 122 074
0015 242 215 271 239 089 009 123 068
0016 241 218 271 239 089 006 128 069
0017 243 216 271 239 088 009 126 075
0018 088 009 126 075 241 215 267 239
0019 243 211 270 238 086 012 128 071
0020 240 215 268 239 093 009 127 076
0021 241 216 268 239 088 005 123 079
0022 238 213 269 239 088 007 123 078
0023 240 215 268 239 085 011 126 077
0024 240 212 270 239 087 008 121 078
0025 243 212 270 239 087 008 120 078
0026 237 212 274 239 083 008 121 076
0027 241 215 272 238 085 008 120 079
0028 241 210 271 239 085 009 120 078
0029 239 210 271 239 087 008 122 080
0030 241 216 267 239 085 008 120 078
0031 239 214 274 239 085 008 120 078
0032 239 215 272 239 085 011 118 080
0033 243 214 269 239 088 027 120 099
0034 241 219 268 239 089 080 120 140
0035 241 218 269 239 090 141 127 180
0036 236 210 271 239 110 184 137 224
0037 117 200 142 239 237 215 272 239
0038 235 216 273 239 119 209 151 239
0039 239 217 268 239 121 213 146 239
0040 240 213 274 239
0041 241 216 272 239
