0000 166 207 191 239 110 212 130 238
0001 111 206 131 237 163 209 191 239
0002 166 203 192 239 111 210 132 239
0003 162 205 192 239 105 211 130 239
0004 162 206 196 238 109 211 131 238
0005 173 200 209 235 106 214 132 239
0006 199 176 223 210 107 211 127 238
0007 106 217 126 239 220 136 253 168
0008 225 103 257 144 105 213 126 238
0009 207 073 247 103 104 216 125 239
0010 186 074 240 114 105 215 125 239
0011 180 101 224 145 110 216 128 239
0012 171 129 206 177
0013 158 155 195 204
0014 141 170 180 214 107 213 126 239
0015 128 167 168 208 105 211 125 239
0016 103 212 122 239 125 154 167 189
0017 103 210 122 239 128 124 177 157
0018 102 206 119 235 129 087 188 132
0019 100 206 121 238 138 030 172 090
0020 145 009 171 055 099 206 119 239
0021 149 007 185 053 104 209 123 239
0022 104 212 123 239 153 014 188 053
0023 099 209 126 238 154 014 191 059
0024 163 012 190 052 105 212 125 238
0025 158 012 194 054 104 209 125 236
0026 167 016 201 058 101 208 124 238
0027 188 025 215 080 103 214 122 239
0028 103 219 122 239 202 096 228 152
0029 109 207 128 237 197 163 233 207
0030 109 208 127 239 193 198 220 237
0031 108 205 127 235 167 213 197 239
0032 111 201 130 233 178 191 197 225
0033 104 209 122 236 170 208 193 239
0034 102 208 120 238 171 203 194 239
0035 105 209 125 237 171 204 194 236
0036 172 202 194 237 106 217 124 239
