0012 147 218 218 239
0013 150 193 216 239
0014 150 148 226 219
0015 151 131 221 203
0016 148 114 223 177
0017 143 103 222 163
0018 137 085 218 161
0019 137 081 222 159
0020 132 076 219 154
0021 129 069 213 153
0022 127 067 215 154
0023 129 069 214 148
0024 132 078 219 160
0025 137 080 218 155
0026 136 077 221 159
0027 136 076 226 152
0028 140 077 222 157
0029 139 071 226 157
0030 137 070 222 150
0031 138 074 221 153
0032 143 070 225 150
0033 141 072 222 151
0034 141 074 228 151
0035 145 071 227 154
0036 152 077 227 161
0037 150 103 227 178
0038 154 118 230 195
0039 160 149 236 225
0040 158 177 234 239
0041 162 201 236 239
