0004 028 213 063 239
0005 030 185 062 236 098 192 152 232
0006 031 165 063 228 108 158 155 215
0007 106 121 145 178 040 138 071 201
0008 110 102 143 167 048 120 085 183
0009 055 115 094 183 110 098 138 158
0010 063 112 097 175 099 098 136 160
0011 063 111 101 177 098 103 127 173
0012 067 112 117 171
0013 069 116 114 179
0014 071 125 112 181
0015 069 126 112 182
0016 069 126 111 182
0017 069 131 113 187
0018 070 132 111 181
0019 070 131 111 182
0020 069 131 112 187
0021 070 132 112 182
0022 073 130 111 186
0023 066 141 115 194
0024 063 164 112 221
0025 052 207 117 239
0026 031 219 067 239
