0000 189 204 225 239 092 221 123 239
0001 183 206 224 239 093 220 123 239
0002 186 204 224 239 091 220 120 239
0003 187 202 225 239 089 215 132 239
0004 187 205 223 239 092 212 129 239
0005 185 202 224 239 073 175 115 216
0006 184 204 226 239 062 126 106 176
0007 051 070 095 132 187 203 225 239
0008 042 026 078 105 187 202 225 239
0009 036 021 077 096 186 205 223 239
0010 024 025 073 090 185 203 227 239
0011 186 207 227 239 042 018 083 092
0012 186 206 224 239 058 038 095 099
0013 187 205 223 239 054 062 093 106
0014 185 206 224 239 026 054 072 111
0015 017 057 068 112 186 205 224 239
0016 185 206 230 239 017 061 070 115
0017 179 205 225 239 023 061 077 125
0018 184 202 225 239 062 092 099 142
0019 184 192 227 239 071 101 117 157
0020 072 104 120 173 181 163 226 210
0021 178 125 229 169 062 096 109 146
0022 052 075 095 124 173 078 228 126
0023 165 054 217 102 049 059 080 104
0024 153 048 201 089 040 059 081 111
0025 049 066 089 119 158 057 218 097
0026 072 104 116 158 172 075 215 137
0027 087 134 143 189 170 078 226 174
0028 085 143 156 192 182 094 237 191
0029 095 143 149 189 180 128 239 184
0030 094 142 152 193 177 133 239 197
0031 092 140 158 195 174 103 227 197
0032 093 143 154 188 182 097 231 206
0033 092 140 153 190 175 107 224 201
0034 085 144 140 193 179 124 226 182
0035 083 159 130 210 177 152 226 211
0036 082 175 124 220 182 177 229 232
0037 077 194 124 239 187 203 237 239
0038 078 207 121 239 205 206 246 239
0039 080 208 116 239 206 204 244 239
0040 076 210 114 239
