0000 173 186 195 226 069 188 101 225
0001 172 190 195 228 070 189 093 221
0002 067 188 100 226 169 186 193 228
0003 166 179 190 225 070 187 101 223
0004 059 185 093 220 164 164 199 203
0005 174 155 203 184 049 184 084 213
0006 174 139 217 173 040 183 069 208
0007 180 124 221 165 033 175 068 200
0008 181 116 224 163 029 171 058 198
0009 179 111 224 163 024 166 069 200
0010 179 116 224 166 027 171 068 200
0011 179 120 225 164 035 175 063 201
0012 178 126 224 165 034 176 063 202
0013 178 126 223 164 027 171 066 202
0014 182 131 226 165 033 175 062 202
0015 183 131 228 165 035 176 063 202
0016 186 131 230 163 026 174 062 203
0017 183 128 228 161 034 176 063 203
0018 183 131 228 164 026 172 064 204
0019 188 129 228 161 025 173 064 202
0020 189 129 228 159
0021 188 126 232 157
0022 187 124 232 157 023 168 065 200
0023 188 123 234 157
0024 188 124 233 158 026 172 064 203
0025 190 126 229 160 035 174 063 202
0026 192 126 235 161 032 174 071 201
0027 186 127 237 162 033 174 069 203
0028 193 130 235 164
0029 187 122 239 160 038 172 075 203
0030 190 123 235 160 039 174 075 205
0031 189 126 237 161 039 175 074 205
0032 191 126 235 164
0033 192 124 237 164
0034 193 124 236 161 048 175 086 208
0035 193 123 235 160
0036 192 122 235 161
0037 191 121 236 160
0038 191 118 241 157 051 177 087 209
0039 191 122 239 159 051 176 088 207
0040 192 118 239 157 051 178 089 211
0041 193 122 236 160 055 179 089 208
0042 192 126 232 164 050 179 085 210
0043 188 127 232 163 054 179 089 207
0044 184 143 221 174 049 179 088 211
0045 049 178 086 213 173 174 208 218
0046 055 180 094 213 158 187 185 230
0047 063 178 097 210
0048 063 188 098 218 181 188 214 227
0049 070 183 103 219 190 184 214 226
