0000 088 221 113 239
0001 085 222 112 239 186 223 209 239
0002 091 220 116 239 189 221 210 239
0003 215 220 239 239 080 216 104 239
0004 246 174 283 204
0005 269 102 305 124
0006 260 050 298 077
0007 247 035 288 067
0008 249 029 285 064
0009 249 027 284 061
0010 248 024 285 062
0011 249 021 289 055
0012 242 023 282 060
0013 248 021 285 055
0014 248 020 285 056
0015 244 025 283 058
0016 249 024 285 056
0017 252 023 281 059
0018 252 022 281 059
0019 250 021 289 056
0020 254 036 290 066
0021 265 084 301 107 091 193 112 228
0022 262 131 300 154
0023 241 191 273 222 079 222 101 239
0024 211 221 238 239 094 219 115 239
0025 098 214 123 239 193 224 215 239
