0000 118 203 139 235 188 193 207 229
0001 118 204 143 239 184 193 206 231
0002 118 201 140 234 170 168 197 207
0003 118 204 141 236 151 150 188 179
0004 118 204 140 237 134 095 190 125
0005 118 204 141 237 139 078 190 109
0006 117 199 139 235 152 074 191 096
0007 117 199 139 235 173 072 212 100
0008 118 200 142 238 184 073 222 102
0009 115 195 138 233 176 077 217 106
0010 117 200 137 233 178 079 219 109
0011 114 195 137 232 163 101 214 136
0012 114 199 142 237 165 148 203 181
0013 116 199 139 234 187 194 207 232
0014 188 203 214 238 115 197 137 231
0015 189 194 209 228 114 202 142 238
