0000 098 211 119 239 161 216 192 239
0001 095 211 118 236 161 217 190 239
0002 159 215 186 239
0003 095 214 116 239 160 216 191 239
0004 093 219 111 239
0005 074 209 096 236 181 211 203 239
0006 053 189 087 227 206 194 237 233
0007 040 156 076 185
0008 226 101 262 140 044 110 078 141
0009 228 068 255 113 055 080 079 118
0010 060 043 099 085 209 033 235 071
0011 182 013 218 050 073 022 113 062
0012 096 017 126 046 156 014 200 046
0013 105 020 142 048 145 016 186 048
0014 109 020 153 050
0015 112 023 152 048
0016 113 023 151 048
0017 107 026 146 051
0018 105 023 157 052
0019 112 023 150 050
0020 112 023 150 048 143 025 171 048
0021 112 023 149 049 148 027 174 048
0022 107 025 146 050
0023 101 023 138 051 147 021 183 042
0024 085 018 121 051 161 008 205 050
0025 068 027 103 058 190 011 217 056
0026 028 052 051 087 246 058 273 094
0027 007 111 036 135 242 141 282 174
0028 016 145 059 170 227 187 265 224
0029 045 193 079 229
0030 080 212 097 239
0031 167 213 190 239 092 211 115 239
