0000 103 219 122 239
0002 065 215 101 236
0003 039 200 070 231
0004 012 166 054 196 193 218 217 238
0005 004 139 039 163 190 215 217 239
0006 002 120 037 145 188 218 219 239
0007 002 112 040 138 185 213 219 239
0008 001 111 040 137 177 193 214 228
0009 001 112 041 139 165 156 199 183
0010 158 131 195 161 001 113 041 143
0011 001 113 041 141 162 123 193 155
0012 001 111 039 137 160 160 192 191
0013 000 107 039 139 193 184 223 227
0014 000 111 038 137 224 165 269 196
0015 000 112 038 138 222 118 264 170
0016 194 116 230 149 000 113 039 142
0017 162 154 203 194 001 114 038 144
0018 000 112 041 140 128 164 170 198
0019 001 109 039 137 118 137 149 164
0020 136 106 167 142 001 109 039 139
0021 001 108 039 139 161 117 192 155
0022 000 106 038 140 173 153 215 185
0023 000 109 037 136 202 168 231 217
0024 000 112 035 137 236 168 273 202
0025 223 119 257 157 001 110 033 143
0026 000 113 036 138 190 111 223 145
0027 160 143 204 178 000 113 036 138
0028 146 166 187 194 000 112 037 138
0029 141 169 186 195 001 112 041 139
0030 152 171 189 196 001 113 040 144
0031 165 181 201 224 003 132 050 160
0032 174 204 209 238 006 152 050 182
0033 031 184 063 215 192 220 212 239
0038 100 221 121 239
0039 098 222 122 239
0040 102 217 121 239
0041 105 216 125 239
