0004 132 215 173 239
0005 143 162 188 220
0006 131 080 178 120
0007 124 037 171 082
0008 110 029 164 066
0009 106 028 163 069
0010 103 025 159 075
0011 101 030 150 067
0012 101 029 159 073
0013 100 028 156 073
0014 101 031 154 074
0015 098 030 154 073
0016 100 032 148 068
0017 098 032 159 072
0018 099 032 148 074
0019 100 030 152 071
0020 099 028 156 076
0021 102 032 152 073
0022 099 032 156 072 164 207 182 236
0023 096 034 158 073
0024 100 031 144 071
0025 100 033 145 072
0026 101 035 147 079
0027 098 033 143 079
0028 098 032 145 078
0029 100 033 144 076
0030 099 032 148 072
0031 100 035 146 075
0032 106 033 154 076
0033 111 037 158 084
0034 107 053 160 095
0035 115 062 164 108
0036 127 066 167 118
0037 131 086 170 133 025 215 055 239
0038 015 189 062 232 125 106 169 157
0039 111 123 150 160 028 160 070 199
0040 042 138 082 175 084 129 136 162
0041 052 133 115 167
0042 054 131 119 169 097 125 143 177
0043 080 132 126 164 045 131 091 162
0044 018 129 069 164 113 129 159 172
0045 149 135 191 175 007 135 050 169
0046 005 141 048 175 174 138 228 172
0047 177 144 243 185 004 146 043 177
0048 179 145 239 186 002 149 045 184
0049 176 146 238 183 004 151 045 184
0050 175 148 234 185 002 152 042 187
0051 173 146 227 189 002 154 039 183
0052 175 146 232 188 003 152 043 186
0053 178 148 235 189 005 153 042 187
0054 179 149 236 188 004 155 042 183
0055 176 149 228 187 003 154 041 188
0056 167 149 220 189 003 155 044 192
0057 146 168 183 204 003 168 043 210
0058 126 203 166 239 003 191 040 229
