0000 098 208 133 239 075 199 112 239
0001 098 208 133 239 074 200 111 239
0002 090 204 137 238
0003 078 200 107 239 100 202 138 238
0004 101 200 146 239
0005 100 172 163 213
0006 118 147 169 195 098 126 144 164
0007 096 104 147 149
0008 099 092 142 136 116 095 166 152
0009 105 090 157 151
0010 104 088 156 159
0011 105 087 157 156 100 095 130 130
0012 109 100 153 155 091 140 138 182
0013 110 103 159 157 094 137 140 183
0014 116 098 157 148 094 096 131 134
0015 113 097 158 154 091 136 138 185 088 100 124 139
0016 097 098 127 136 112 100 154 156
0017 115 099 154 154
0018 117 093 162 151 092 136 138 183
0019 113 097 158 159 095 095 131 142 092 136 139 183
0020 114 095 155 155 093 137 137 185
0021 116 095 171 143 095 097 135 143 089 136 136 184
0022 114 093 161 152
0023 113 093 161 152 091 135 137 183
0024 108 097 171 149 092 135 140 183
0025 111 094 165 147
0026 098 100 157 160
0027 111 101 160 159 097 133 136 180
0028 114 100 160 151
0029 105 110 159 159
0030 112 115 162 164
0031 102 140 151 185
