0000 200 216 229 239 098 212 129 239
0001 201 216 229 239 105 207 127 239
0002 106 207 126 239 201 215 230 239
0003 105 206 125 239 203 216 231 239
0004 101 212 127 239 203 220 233 239
0005 090 203 122 239 210 213 243 239
0006 223 199 253 239 073 198 111 235
0007 221 178 264 220 053 191 093 226
0008 228 159 269 197 046 173 080 204
0009 233 145 274 180 033 164 082 199
0010 235 135 276 173 040 163 084 195
0011 240 137 280 175 033 160 083 199
0012 236 140 275 176 037 165 079 197
0013 252 137 290 175 038 165 086 201
0014 241 138 280 175 039 165 087 200
0015 244 139 285 177 046 165 089 201
0016 250 131 292 173 039 164 089 196
0017 240 139 279 172 046 159 099 192
0018 251 129 295 172 031 159 089 199
0019 243 135 282 175 055 153 098 188
0020 246 132 290 175 036 156 084 191
0021 236 136 276 174 054 157 099 190
0022 242 141 280 178 053 155 097 190
0023 245 135 284 176 043 151 087 185
0024 239 141 279 177 054 151 102 185
0025 036 150 094 186 247 137 288 173
0026 237 142 274 175 051 151 095 183
0027 037 151 097 185 249 133 287 174
0028 240 134 282 173 039 143 089 180
0029 237 137 275 176 038 147 090 182
0030 035 146 086 183 240 138 283 179
0031 040 145 097 183 245 141 281 180
0032 239 153 279 186 055 149 098 188
0033 233 170 274 210 065 165 093 211
0034 227 191 263 231 071 185 102 234
0035 217 200 249 239 085 206 113 239
0036 214 209 243 239 095 213 118 239
0037 101 210 123 239 209 214 242 239
0038 104 212 126 239 205 214 240 239
0039 104 210 127 239 205 213 238 239
0040 104 209 126 239 201 216 231 239
0041 202 212 234 239 104 207 125 239
0042 208 212 230 239 104 209 127 239
0043 106 212 126 239 201 210 231 239
