0005 116 211 169 239
0006 101 195 147 232
0007 112 145 150 192
0008 122 096 171 159
0009 125 057 179 142
0010 126 036 184 123
0011 132 029 184 114
0012 138 020 190 097
0013 142 020 191 096
0014 145 024 195 094
0015 147 026 194 095
0016 148 025 196 097
0017 149 024 196 098
0018 150 024 202 100
0019 145 024 196 100
0020 148 025 197 099
0021 145 025 197 101
0022 147 025 197 098
0023 147 023 196 100
0024 144 029 194 100
0025 142 021 195 097
0026 132 039 174 109
0027 126 058 170 115
0028 107 091 155 145
0029 095 130 148 178
0030 081 166 134 214
0031 069 197 126 239
0032 103 218 152 239
