0000 162 210 200 238 077 216 108 239
0001 141 189 187 239 081 185 120 217
0002 128 150 178 198 091 132 131 189
0003 093 085 135 163 115 125 160 168
0004 092 065 150 145 106 110 156 159
0005 087 056 144 143 109 100 160 142
0006 089 051 141 133 105 100 166 145
0007 089 056 141 143
0008 089 051 140 137
0009 089 054 140 131
0010 091 053 137 142
0011 097 070 152 151
0012 094 076 142 148
0013 093 092 132 146 095 137 152 178
0014 085 114 123 168 104 159 154 209
0015 130 200 176 239 064 185 103 236
0016 167 212 209 239
0022 061 211 099 239
0024 063 211 095 239
0025 061 202 097 239
0049 052 202 085 239
