0000 180 202 207 237 090 206 113 239
0001 180 201 207 237 090 204 112 239
0002 180 200 207 237 087 204 112 236
0003 180 201 206 237 087 205 110 237
0004 178 202 206 238 087 205 107 236
0005 179 203 206 238 087 204 109 236
0006 089 207 113 239 181 199 206 236
0007 176 196 207 239 087 208 110 239
0008 087 205 111 236 172 196 200 235
0009 089 208 112 237 158 178 196 216
0010 089 205 112 238 144 140 187 166
0011 088 208 109 239 143 096 172 139
0012 089 203 111 237 142 071 172 117
0013 143 068 170 110 088 203 111 239
0014 142 065 170 109 089 204 112 237
0015 136 071 167 113 090 206 113 236
0016 088 203 110 239 138 067 164 112
0017 087 203 111 238 136 068 170 111
0018 089 207 112 239 137 069 166 111
0019 087 206 108 239 138 071 164 110
0020 087 204 113 238 143 069 169 109
0021 088 203 112 239 139 068 167 111
0022 089 203 112 239 134 070 168 111
0023 089 203 111 239 135 072 169 112
0024 090 204 111 239 132 071 167 106
0025 088 206 110 239 143 072 169 106
0026 086 204 114 239 133 072 168 106
0027 085 205 108 239 133 073 167 105
0028 086 206 108 239 133 067 167 105
0029 086 206 109 239 132 068 168 104
0030 087 203 110 239 134 072 166 105
0031 088 207 109 239 135 072 167 105
0032 088 207 109 239 133 074 167 107
0033 087 204 110 239 137 074 163 105
0034 087 207 109 239 137 072 163 104
0035 089 207 112 235 137 074 164 105
0036 087 201 112 238 135 066 162 105
0037 086 205 106 239 138 069 166 103
0038 085 203 113 239 132 071 168 106
0039 085 206 108 239 133 070 167 108
0040 085 205 109 239 136 071 165 110
0041 086 205 108 239 133 073 167 110
0042 087 207 109 239 131 074 165 117
0043 084 203 114 239 129 098 165 140
0044 085 202 113 239 137 155 177 188
0045 086 205 109 239 154 193 186 235
0046 085 206 109 239 167 201 193 235
