0000 096 209 137 239
0001 088 209 140 239
0002 083 201 127 239 047 212 077 239
0003 095 150 136 185 033 167 083 201
0004 111 105 151 148 027 109 073 156
0005 119 083 167 128 019 086 064 132
0006 123 065 176 110 015 068 068 122
0007 122 067 176 110 018 066 069 117
0008 119 072 171 118 020 070 072 118
0009 116 070 162 116 019 078 068 124
0010 115 078 168 120 023 075 073 122
0011 115 080 166 122 018 073 068 122
0012 113 083 160 130 023 076 071 124
0013 105 098 153 140 024 090 069 130
0014 082 152 125 193 035 137 072 187
0015 079 194 111 239 035 177 075 227
0016 087 217 124 239
