0008 120 216 162 239
0009 068 191 123 229
0010 064 152 109 187 044 211 099 239
0011 064 176 121 222 047 118 096 155
0012 047 102 095 140 079 155 129 193
0013 042 118 088 163
0014 081 105 131 149 049 154 099 194
0015 068 105 127 145
0016 061 107 122 154 051 153 092 189
0017 055 123 117 175
0018 058 133 120 176 040 095 099 127
0019 036 074 095 114 081 133 126 175
0020 088 107 134 161 028 095 080 138
0022 077 093 126 136 043 151 081 185
0023 072 096 122 140 044 147 087 180
0024 046 116 113 160
0025 064 131 121 175 028 096 100 129
0026 032 080 084 118 073 132 128 175
0027 024 088 075 132
0029 069 092 124 133 019 140 070 175
0030 071 093 123 139 039 142 089 176
0031 058 120 110 166
0032 056 130 114 176 037 097 089 134
0033 035 082 091 125 068 134 121 170
0034 023 112 073 149
0035 063 095 124 136
0036 056 091 113 136 044 142 088 177
0037 044 111 099 159 008 111 045 157
0038 046 116 101 169
0039 042 090 093 129 058 133 113 173
0040 031 115 082 164
0041 040 127 095 172
0042 042 133 097 184
0043 060 163 111 211
0044 065 193 117 234 044 158 097 212
0045 047 191 099 239 087 217 155 239
