0000 183 205 204 235 102 203 124 236
0001 183 205 204 236 105 199 126 234
0002 182 195 212 234 105 199 126 235
0003 105 199 126 234 182 193 209 238
0004 106 201 126 235 192 154 214 190
0005 105 197 127 234 196 115 230 146
0006 206 041 232 088 104 197 127 235
0007 202 012 228 071 106 203 124 232
0008 194 010 229 063 103 195 127 233
0009 192 009 228 059 104 197 125 231
0010 199 010 226 055 105 199 125 232
0011 200 007 227 055 101 199 126 238
0012 195 011 230 065 105 201 125 234
0013 208 024 235 085 104 196 126 232
0014 104 197 126 231 208 064 235 111
0015 104 197 125 230
0016 104 201 123 232 182 163 204 203
0017 102 205 124 237 169 193 194 229
0018 103 196 124 232 163 190 201 226
0019 105 201 126 235 166 200 195 232
0020 161 199 196 235 104 199 121 236
