0006 096 211 154 239
0007 092 179 143 233
0008 097 146 147 209
0009 106 120 148 178
0010 114 093 161 158
0011 112 073 159 149
0012 112 061 160 128
0013 113 046 158 113
0014 112 039 160 110
0015 117 027 158 102
0016 114 032 160 104
0017 112 036 158 107
0018 113 039 156 108
0019 111 039 163 114
0020 111 040 162 114
0021 111 036 163 110
0022 111 037 157 108
0023 113 041 156 112
0024 113 048 155 118
0025 104 074 154 131
0026 102 106 151 159
0027 101 142 149 192
0028 094 187 143 234
0029 096 213 152 239
