0004 143 199 197 239 084 209 133 239
0005 119 169 193 220
0006 107 129 170 183
0007 093 087 136 140 153 104 188 130 099 102 172 158
0008 097 087 137 141 145 077 188 133 126 091 168 155
0009 113 080 175 147
0010 141 074 184 139 118 092 162 155
0011 142 073 185 141 107 082 162 147
0012 136 078 193 136 109 078 158 147
0013 142 077 191 137 102 078 150 152
0014 134 077 190 135 101 076 148 151
0015 134 077 193 136 115 077 156 150
0016 137 075 187 135 104 078 148 155
0017 133 076 186 137 108 079 151 149
0018 113 078 165 155
0019 136 076 176 151 113 092 156 160
0020 113 103 168 170
0021 113 132 173 199
0022 113 172 185 239
0023 090 197 139 235 144 211 192 239
