0000 097 210 117 239 177 204 201 236
0001 096 206 115 239 183 203 203 234
0002 098 206 117 239 183 207 201 234
0003 097 210 115 239 181 202 200 231
0004 099 210 118 236 182 204 200 235
0005 099 210 121 239 181 201 208 236
0006 104 201 124 238 179 202 207 236
0007 163 197 192 235 107 187 142 228
0008 143 170 177 206 118 179 145 211
0009 126 152 170 181
0010 120 137 171 180
0011 126 135 178 174
0012 129 125 178 162
0013 123 125 180 163
0014 125 122 175 160
0015 124 125 182 162
0016 126 125 181 159
0017 123 124 182 161
0018 129 129 175 161
0019 128 125 176 160
0020 126 124 181 159
0021 124 128 177 171
0022 123 139 170 192
0023 147 157 178 192 120 183 147 216
0024 167 191 201 235 111 202 135 236
0025 175 202 202 238 104 211 126 239
0026 103 207 123 237 182 201 204 237
0027 179 201 203 238 099 209 119 239
0028 101 213 120 239 180 207 197 236
