0002 189 209 223 239
0003 070 209 098 239 208 203 233 239
0004 236 206 279 239 047 181 077 223
0005 026 128 076 168 227 129 280 168
0006 017 077 073 127 221 079 280 128
0007 024 031 065 076 237 029 284 078
0008 059 007 089 050 221 004 250 046
0009 209 007 236 049 071 011 101 053 145 116 184 156
0010 208 011 234 051 073 015 115 052
0011 078 020 116 059 208 016 235 056
0012 078 021 106 055 213 018 239 058
0013 210 015 236 056 074 019 100 055
0014 068 012 105 054 215 016 239 058 146 117 179 158
0015 215 015 241 058 071 015 100 054 144 120 174 153
0016 211 015 237 054 067 016 097 055 145 116 179 156
0017 211 014 236 053 069 017 100 052 145 115 180 159
0018 209 013 245 052 069 016 099 050 144 119 174 153
0019 214 014 240 055 063 013 100 053 145 118 174 152
0020 214 013 240 055 065 016 094 059 145 117 183 156
0021 219 012 248 059 060 016 091 065
0022 045 030 084 079 228 023 256 076 145 121 173 158
0023 224 068 262 129 036 069 077 107 147 123 178 160
0024 204 168 245 209 145 128 181 164 047 170 085 200
0025 194 203 230 239 141 131 174 169 072 189 101 236
0026 188 212 215 239 141 131 168 170
0027 143 130 181 169
0028 143 130 181 167
0029 143 130 182 167
0030 143 130 182 167
0037 180 218 201 239
0038 178 216 202 239
0039 180 219 202 239
