0000 200 211 245 239
0001 199 213 246 239 080 212 116 239
0002 069 212 107 239 199 211 245 239
0003 053 177 096 229 200 212 245 239
0004 036 123 081 198 199 214 246 239
0005 031 105 074 184 199 213 245 239
0006 025 082 071 164 200 219 244 239
0007 022 079 065 151 199 213 245 239
0008 026 083 067 161 200 219 246 239
0009 023 085 064 157 200 216 248 239
0010 026 087 062 162 199 213 244 239
0011 021 091 066 160 200 218 246 239
0012 025 084 063 162 200 211 244 239
0013 021 085 068 153 198 213 244 239
0014 020 087 066 152 199 218 246 239
0015 020 080 063 158 200 211 245 239
0016 020 087 064 151 200 218 246 239
0017 019 085 061 152 200 218 245 239
0018 021 081 062 154 200 218 246 239
0019 019 086 065 152 200 218 246 239
0020 020 086 065 153 201 213 244 239
0021 022 078 064 153 200 213 246 239
0022 019 085 065 154 201 217 247 239
0023 019 086 064 151 198 214 244 239
0024 019 087 065 152 201 213 243 239
0025 020 094 070 159 203 214 245 239
0026 035 118 078 181 200 214 245 239
0027 198 215 244 239 047 157 088 199
0028 065 191 106 239 199 213 246 239
0029 078 204 118 239 201 218 246 239
0030 201 219 244 239 089 220 121 239
0031 199 214 244 239 088 217 124 239
0032 199 214 244 239 089 217 124 239
0033 198 214 245 239
