0003 057 210 083 239
0011 117 193 168 239
0012 116 166 164 238 061 212 082 239
0013 122 134 161 214 060 211 082 239
0014 118 114 164 198
0015 117 107 161 185 060 212 083 239
0016 114 104 161 181 058 211 082 239
0017 113 095 156 173 061 211 085 238
0018 108 094 156 175 060 213 081 239
0019 108 090 155 173 060 213 081 239
0020 108 089 156 173 061 211 085 239
0021 109 092 154 171 062 218 082 239
0022 108 090 155 172 058 210 081 239
0023 108 094 154 171 058 210 082 239
0024 111 088 152 168 059 211 084 239
0025 109 095 153 170 058 210 082 239
0026 107 092 153 172 061 212 084 239
0027 107 093 153 173 058 211 085 239
0028 108 087 154 172 058 209 082 239
0029 109 087 155 172 058 210 082 239
0030 111 096 156 175 061 209 084 236
0031 115 120 163 194 058 210 081 239
0032 118 164 169 232
0033 121 216 185 239 060 212 082 237
0034 056 209 079 239
0035 062 214 082 239
0036 062 214 082 239
0037 059 210 084 239
0038 062 216 081 239
