0006 118 204 164 239
0007 108 142 160 204
0008 117 108 165 166
0009 122 093 171 152
0010 131 079 180 140
0011 135 074 173 135
0012 114 081 181 136
0013 128 083 185 141
0014 138 080 174 137
0015 140 087 188 145
0016 145 087 183 140
0017 143 093 189 151
0018 124 100 187 154
0019 145 105 200 160
0020 152 100 193 155
0021 155 105 205 159
0022 155 105 197 165
0023 149 112 195 170
0024 139 120 198 171
0025 140 117 202 174
0026 146 120 199 183
0027 155 120 198 195 148 186 181 239
0028 152 138 192 216 146 200 179 237
0029 136 184 182 239
