0000 127 213 162 239 226 218 247 239
0001 126 212 162 239 225 222 248 239
0002 129 215 165 239
0003 130 210 160 239
0004 126 193 153 227
0005 122 176 148 209
0006 114 152 148 182
0008 118 100 144 136 224 222 249 239
0009 111 091 146 134
0010 110 091 143 133
0011 099 093 124 129
0012 055 094 088 135 222 215 245 239
0013 021 098 077 137
0014 021 085 080 128 225 222 254 239
0015 023 084 078 126 228 222 255 239
0016 023 084 077 126 227 221 255 239
0017 025 081 075 123 227 220 252 239
0018 029 081 079 126 229 217 255 236
0019 034 084 080 126 227 222 255 239
0020 044 089 090 133 227 221 254 239
0021 056 107 100 149 227 222 254 239
0022 069 132 114 170 224 220 254 236
0023 224 212 245 239
0024 116 195 142 239
0025 126 213 163 239
0026 131 212 166 239
0027 135 208 159 239 227 225 249 239
0028 131 213 166 239 227 224 249 239
