0000 188 198 213 237 120 204 139 236
0001 188 198 214 237 120 203 139 236
0002 189 200 214 237 118 202 139 237
0003 188 198 214 237 119 203 138 236
0004 189 201 214 238 113 200 135 232
0005 189 199 214 238 105 199 128 236
0006 188 200 214 238 099 188 121 226
0007 188 199 216 238 083 168 115 210
0008 186 204 219 237 075 146 110 183
0009 190 198 216 239 069 120 103 152
0010 189 201 216 239 075 100 098 135
0011 190 201 216 239 082 060 108 096
0012 186 198 215 238 093 048 121 078
0013 188 199 216 238 099 046 133 077
0014 188 200 216 238 103 042 138 073
0015 188 201 215 239 103 042 139 076
0016 188 198 216 238 102 046 136 076
0017 191 200 216 239 102 042 137 076
0018 189 199 216 239 106 042 142 074
0019 189 197 216 238 103 042 137 075
0020 187 195 216 238 102 043 138 075
0021 189 198 217 237 102 042 138 076
0022 189 200 216 238 102 043 138 076
0023 187 202 219 236 107 043 141 073
0024 189 199 216 239 102 044 137 078
0025 190 200 216 239 101 046 137 080
0026 188 203 218 237 100 062 126 100
0027 190 200 216 238 093 131 117 158
0028 189 197 217 238 099 165 120 205
0029 190 199 217 239 106 191 126 229
0030 190 202 216 239 110 200 133 237
0031 190 201 217 239 111 204 138 238
0032 190 199 216 239 115 202 137 236
0033 190 199 216 239 113 201 139 239
