0007 154 185 214 234
0008 150 159 213 209
0009 150 122 207 167
0010 147 099 202 146
0011 142 091 201 137
0012 138 086 195 130
0013 139 085 203 129
0014 137 077 194 123
0015 132 081 195 122
0016 129 077 196 123
0017 121 074 185 116
0018 116 077 169 120
0019 101 078 172 119
0020 095 075 158 116
0021 088 079 143 119
0022 080 077 142 116
0023 073 078 121 124
0024 077 078 143 120
0025 060 077 115 128
0026 054 079 122 122
0027 056 078 113 121
0028 055 080 106 132
0029 044 085 082 126
0030 028 079 093 122
0031 026 081 082 125
0032 024 083 073 126
0033 021 084 076 132
0034 010 090 068 132
0039 020 094 074 136
0040 036 091 088 137
0043 056 097 119 136
0044 110 086 170 136
0045 138 096 187 151
0046 178 172 216 231
0047 180 204 220 239
