0000 104 196 152 239 156 196 197 234
0001 103 196 151 239 150 191 198 235
0002 105 202 150 239 155 190 196 232
0003 105 196 152 239 153 196 194 233
0004 104 199 151 239 152 195 192 232
0005 106 197 151 239 153 194 192 231
0006 105 198 151 239 151 191 197 230
0007 106 199 153 239 168 188 204 227
0008 104 197 153 239 208 154 250 199
0009 104 198 153 239 239 125 294 175
0010 107 201 152 239 263 102 312 148
0011 108 202 153 239 268 080 313 122
0012 104 199 149 239 269 074 312 116
0013 105 201 150 239 276 065 310 104
0014 105 199 150 239 267 046 310 097
0015 105 202 148 239 254 028 293 090
0016 105 201 148 239 237 022 270 083
0017 106 200 148 239 224 020 251 077
0018 106 200 149 239 214 020 244 084
0019 105 200 149 239 215 018 248 080
0020 104 201 151 239 216 021 246 084
0021 105 200 150 239 222 023 253 079
0022 106 201 149 239 232 020 257 085
0023 106 201 150 239 236 034 273 093
0024 105 202 149 239 245 046 289 097
0025 105 201 149 239 249 053 309 100
0026 106 202 149 239 257 062 309 107
0027 105 201 150 239 249 059 304 104
0028 106 201 150 239 253 047 303 102
0029 105 200 150 239 243 036 287 093
0030 106 201 150 239 244 028 271 084
0031 104 199 152 239 228 021 254 082
0032 103 198 152 239 215 023 244 081
0033 104 200 151 239 203 023 241 082
0034 106 202 152 239 201 023 242 082
0035 103 198 159 239 202 022 240 085
0036 105 201 149 239 203 021 240 083
0037 105 199 151 239 200 029 241 080
0038 105 199 151 239 195 039 242 086
0039 106 201 151 239 190 063 232 099
0040 105 201 151 239 183 086 223 130
0041 106 206 155 239 172 121 208 154
0042 106 200 151 239 164 159 195 195
0043 106 201 150 239 157 183 193 218
0044 105 200 150 239 150 192 195 234
0045 105 199 152 239 150 190 198 231
0046 105 199 151 239 150 190 196 231
0047 105 199 152 239 153 196 191 231
0048 103 197 150 239 152 191 197 236
0049 106 199 150 239 155 190 195 234
