0013 144 195 196 239
0014 145 185 196 235
0015 143 166 200 226
0016 142 146 194 209
0017 138 123 185 197
0018 141 115 185 185
0019 141 100 186 177
0020 134 095 188 168
0021 137 083 188 166
0022 134 088 191 160
0023 133 083 191 160
0024 133 081 193 155
0025 133 080 192 153
0026 133 081 192 154
0027 131 073 191 159
0028 129 078 190 153
0029 129 076 190 153
0030 129 076 190 152
0031 129 076 191 152
0032 130 077 190 152
0033 131 075 188 150
0034 131 076 187 151
0035 132 076 186 150
0036 129 080 189 152
0037 132 080 186 152
0038 136 097 183 173
0039 142 151 180 210
