0000 196 207 239 238
0001 196 207 239 238
0002 194 206 241 238
0003 194 206 241 238 097 217 133 239
0004 196 207 240 238 098 215 126 237
0005 081 185 123 230 196 206 242 238
0006 196 207 242 238 071 167 113 209
0007 194 207 241 238 073 110 109 166
0008 080 077 120 148 196 209 240 237
0009 086 068 129 135 196 209 241 237
0010 195 207 241 238 089 060 129 131
0011 085 068 127 136 195 207 241 238
0012 085 067 132 136 196 208 238 238
0013 084 069 132 137 196 208 238 238
0014 082 074 132 136 196 209 238 238
0015 196 208 238 238 086 075 126 141
0016 083 069 131 139 196 208 238 238
0017 085 072 122 137 196 209 238 238
0018 082 070 131 137 196 209 238 238
0019 083 069 127 137 196 209 238 238
0020 083 069 127 138 196 209 238 238
0021 085 068 127 138 196 209 238 238
0022 085 068 127 138 196 209 238 238
0023 084 071 124 144 196 209 238 238
0024 080 087 119 155 197 208 238 237
0025 196 208 239 237 078 138 113 187
0026 079 183 115 235 196 208 240 239
0027 196 209 241 239 080 197 116 239
0028 198 208 240 237 096 214 127 239
0029 197 208 239 238
0030 195 208 240 237
0031 195 208 240 237
0032 196 209 239 237
