0000 112 200 133 234 187 197 210 230
0001 112 200 133 234 186 200 207 232
0002 112 201 133 234 185 200 207 233
0003 113 199 134 234 189 201 210 233
0004 113 198 135 232 186 200 207 233
0005 114 199 136 233 188 197 208 231
0006 115 199 136 233 187 201 210 230
0007 114 199 137 234 187 199 208 232
0008 114 200 137 233 187 200 208 235
0009 113 198 137 233 192 197 213 234
0010 190 193 216 235 113 197 140 232
0011 118 197 142 228 183 187 209 232
0012 130 189 159 227 166 173 199 217
0013 142 162 177 216
0014 111 156 152 184 159 175 198 210
0015 105 151 142 188 167 168 208 202
0016 109 156 143 184 173 170 206 201
0017 107 157 138 186 173 170 206 202
0018 106 153 144 186 173 169 206 203
0019 109 150 141 187 172 170 205 203
0020 110 153 148 188 167 168 202 203
0021 152 176 191 211 122 155 163 191
0022 136 188 174 224 152 170 189 207
0023 127 194 151 231 175 182 206 220
0024 121 195 146 230 183 186 209 224
0025 118 199 141 233 188 194 208 230
0026 182 196 209 232 120 199 141 231
0027 120 199 141 231 180 197 205 229
