0000 173 212 200 239 112 187 135 228
0001 179 202 207 236 110 196 131 233
0002 179 202 207 236 106 199 131 236
0003 171 205 205 238 106 204 131 239
0004 107 204 133 239 203 195 234 236
0005 107 210 131 239 218 153 254 186
0006 105 208 126 235 220 128 273 161
0007 106 208 130 239 241 096 296 134
0008 106 208 130 239 259 061 306 095
0009 104 205 128 235 255 044 296 088
0010 104 204 127 238 246 040 291 089
0011 105 207 130 239 236 069 282 121
0012 106 207 127 236 229 112 276 147
0013 105 208 127 236 223 141 277 170
0014 102 203 125 238
0015 103 203 125 238
0016 102 205 123 239 230 170 274 212
0017 102 205 124 239 211 142 267 171
0018 101 206 124 239 223 115 279 149
0019 106 203 126 234 241 058 282 103
0020 101 206 125 239 243 045 271 077
0021 106 207 127 239 245 037 273 082
0022 106 211 129 239 251 046 284 092
0023 239 081 291 127 102 203 124 236
0024 104 203 127 236 231 123 280 157
0025 107 209 129 239
0026 107 210 129 239 216 195 248 236
0027 179 214 209 239 106 211 129 239
