0000 238 198 275 239 145 212 180 239
0001 239 196 277 237 145 211 180 239
0002 236 196 280 238 145 210 187 239
0003 240 191 282 236 145 211 179 239
0004 146 206 185 239 244 179 281 231
0005 234 168 269 220 143 203 182 239
0006 135 198 175 239 220 160 261 208 208 184 248 213
0007 126 177 168 235 195 163 240 204
0008 112 159 152 225 182 161 233 200
0009 100 125 138 192 168 154 219 190
0010 092 095 131 152
0011 090 071 123 134 175 154 220 187
0012 085 054 122 112
0013 153 150 207 193 084 047 126 117
0014 164 153 212 188
0015 216 160 259 201 080 032 116 087
0016 087 034 124 084
0018 089 065 137 122
0019 100 070 146 136 151 154 210 188
0020 096 080 162 132 146 157 206 191
0021 119 081 160 137 173 157 204 182
0022 096 074 143 125
0023 089 072 135 122
0024 083 078 131 135 152 160 199 195
0025 169 159 213 189 110 091 148 158 089 079 123 120
0026 117 091 164 150 158 161 206 193 091 081 152 125
0027 111 086 155 147 151 161 200 196
0028 094 084 138 139 146 157 203 195
0029 093 081 140 137 165 158 209 192
0030 088 081 125 124 110 089 147 148 158 157 207 192
0031 118 097 172 159 147 160 208 195 090 084 127 124
0032 116 091 166 155 145 160 210 194 089 083 140 129
0033 110 099 159 161 144 164 208 196
0034 108 100 149 157
0035 112 095 157 151 147 161 206 194
0036 120 094 169 163 087 082 142 128 151 163 200 195
0037 122 097 164 163 089 084 128 130 144 158 208 194
0038 105 104 148 160 148 162 206 195 091 082 139 133
0039 105 094 146 157 152 156 215 194 089 083 128 129
0040 088 082 131 129
0041 090 081 138 131 116 089 166 151
0042 123 093 170 161 088 084 131 131
0043 099 095 149 160
0044 101 097 145 155 089 082 126 127
0045 090 087 142 136 113 099 161 160
0046 111 101 166 159 088 091 141 136 157 162 222 197
0047 118 103 161 168
0048 111 105 151 168 166 163 219 195
0049 116 115 160 164
0050 122 124 167 173
0051 128 144 168 183 205 158 250 194
0052 210 163 253 210 137 159 171 198
0053 226 176 274 217 135 172 174 215
0054 234 180 285 231 143 185 177 226
0055 239 184 284 234 146 193 180 238
0056 146 207 182 239
0057 147 203 186 239
0058 144 204 188 239 239 201 284 239
0059 143 210 190 239
0060 146 211 185 239
0061 146 209 186 239
