0004 079 214 107 239 160 217 208 239
0005 089 198 132 239 130 205 195 239
0006 102 160 156 200 146 159 206 195
0007 093 141 156 178 144 141 205 171
0008 083 113 139 147 156 114 220 148
0009 169 099 231 136 076 101 125 136
0010 191 086 243 132 062 091 112 132
0011 201 087 254 133 055 086 098 129
0012 222 085 269 137 044 080 083 125
0013 233 090 277 140 027 080 068 122
0014 239 100 283 148 015 089 055 132
0015 236 109 272 153 018 109 054 155
0016 186 131 243 180 051 134 094 179
0017 167 131 228 181 083 139 137 177
0018 093 132 144 175 155 132 222 181
0019 094 134 145 177 159 134 216 182
0020 096 136 150 177 156 140 216 181
0021 097 136 150 177 157 139 216 183
0022 096 136 151 179 152 135 208 183
0023 095 135 147 182 150 138 210 186
0024 155 153 216 202 090 152 146 200
0025 166 177 214 233 084 185 129 235
0026 184 204 221 239 074 211 111 239
0027 186 211 227 239 076 223 102 239
0028 076 214 108 239
