0003 193 206 225 239
0004 199 186 245 236
0005 209 172 255 223
0006 217 134 272 195
0007 229 132 302 189
0008 239 128 304 192
0009 232 134 311 191
0010 233 132 306 194
0011 241 136 306 197
0012 233 140 303 195
0013 231 129 311 196
0014 234 135 311 194
0015 231 129 312 195
0016 231 138 307 191
0017 232 134 302 188
0018 231 129 307 190
0019 234 130 308 190
0020 226 126 314 194
0021 229 129 304 192
0022 230 130 302 192
0023 226 129 303 201
0024 222 152 292 206
0025 204 185 255 231
0026 192 203 230 239
0033 193 212 227 239
