0000 093 202 124 235
0001 094 208 132 239
0002 094 206 139 239 183 207 235 239
0003 095 193 140 239 138 217 207 239
0004 139 201 180 239 094 175 144 227
0005 092 165 142 215 124 194 173 239
0006 129 162 182 230 102 156 138 219
0007 121 148 181 212 101 149 142 213
0008 116 140 184 201
0009 114 138 187 206
0010 105 133 180 206
0011 108 135 188 206
0012 102 134 157 201 133 140 179 203
0013 119 140 182 202 106 131 143 204
0014 122 133 183 206
0015 105 128 145 204 129 140 180 207
0016 106 134 179 207
0017 102 133 144 200 127 135 181 210
0018 118 138 184 211 102 133 143 203
0019 120 134 186 208
0020 111 138 180 211
0021 106 134 145 210 125 135 183 222
0022 132 169 186 234 102 162 144 234
0023 100 190 138 239 147 198 197 239
0024 106 210 147 239 173 216 220 239
0025 191 204 243 239 107 208 141 239
0026 102 201 142 238
0027 102 204 141 239
0028 100 199 137 239
0029 104 198 144 239
