0000 113 217 132 239
0001 113 217 132 239
0002 112 215 131 237
0003 112 215 131 237
0004 112 215 131 237
0005 112 218 132 239
0006 109 216 128 239
0007 094 219 115 239 183 216 207 239
0008 080 206 100 231 207 208 230 237
0009 221 190 257 228 062 187 085 215
0010 239 155 277 187 043 154 076 178
0011 045 121 078 150 243 119 283 148
0012 245 093 285 119 053 093 083 126 170 141 195 180
0013 066 079 091 114 240 076 278 103
0014 075 070 096 103 236 069 270 102
0015 086 078 107 108 229 072 256 107
0016 226 078 256 109 089 080 108 110
0017 218 076 252 114 091 079 110 108
0018 210 076 245 115 092 079 113 110
0019 208 077 244 115 094 081 112 110
0020 210 074 245 116 094 081 113 111
0021 211 072 247 116 091 081 110 112
0022 211 078 244 115 093 080 112 112
0023 211 075 245 113 093 081 113 111
0024 210 075 243 112 090 079 111 111
0025 210 076 243 115 090 084 108 109
0026 213 088 250 116 081 080 104 114
0027 071 095 098 126 221 099 246 126
0028 060 123 087 149 226 125 272 156
0029 232 175 266 212 060 157 087 185
0030 072 189 097 221 219 216 239 239
0031 086 208 109 237
0032 094 215 113 239 177 216 205 238
0033 100 214 119 239 174 215 196 239
0034 169 217 192 239 106 219 123 239
0035 109 214 129 239 170 215 196 239
0036 112 210 128 234 175 216 200 239
0037 112 214 131 239 181 219 202 239
0038 112 213 131 239 183 220 202 239
0039 113 212 131 234 179 216 205 238
