0000 083 215 132 239
0001 085 219 124 239
0007 134 223 172 239
0008 134 219 171 239
0009 139 213 180 237
0010 138 204 193 239
0011 138 191 207 234
0012 144 176 210 238
0013 144 151 198 216
0014 137 133 217 206
0015 142 110 209 190
0016 144 114 201 180
0017 143 107 217 171
0018 148 114 220 165
0019 138 105 221 156
0020 149 114 218 161
0021 152 100 204 167
0022 139 103 221 154
0023 141 104 221 154
0024 153 114 219 161 158 083 187 133
0025 150 109 219 165
0026 152 097 204 164
0027 155 091 200 158 171 119 219 163
0028 154 091 200 158 170 118 219 164
0029 154 092 200 158
0030 149 095 200 164
0031 149 095 200 164
0032 152 095 202 163
0033 151 089 218 159
0034 153 098 206 167
0035 153 098 205 166
0036 150 092 212 167
0037 151 088 210 168
0038 150 095 198 165
0039 151 098 206 167
0040 152 098 204 166
0041 146 096 204 158
0042 150 093 209 164
0043 149 097 215 156
0044 151 091 211 170
0045 153 101 210 160
0046 147 124 204 197
0047 150 173 211 233
0048 145 204 201 239
