0000 118 183 138 214
0001 124 181 141 209
0002 121 181 139 210
0003 118 179 138 211
0004 119 189 138 213
0005 185 186 204 216 118 188 139 222
0006 185 186 206 219 123 190 143 226
0007 182 189 206 224 125 189 148 225
0009 162 165 191 205
0010 169 158 209 206
0011 175 155 208 203
0012 175 156 207 204
0017 177 164 212 204
0020 177 168 212 203
0021 177 169 213 204
0022 181 169 208 201
0023 178 169 215 207
0024 171 173 207 207
0026 137 187 166 222
0027 130 192 155 228 183 188 208 225
0028 116 194 138 229 192 186 214 222
0029 109 191 130 224 196 185 217 223
0030 108 188 129 222 195 183 214 218
