0009 184 198 219 239
0010 156 106 205 167
0011 148 068 194 145
0012 144 060 192 136
0013 140 046 185 130
0014 133 044 178 115
0015 134 045 175 123
0016 129 045 173 118
0017 130 040 178 114
0018 126 044 171 119
0019 131 043 173 117
0020 131 045 176 117
0021 129 041 176 119
0022 129 044 178 121
0023 131 037 174 120
0024 132 040 181 123
0025 134 039 177 119
0026 131 044 177 123
0027 131 040 180 121
0028 135 041 180 116
0029 142 044 184 124
0030 146 048 196 132
0031 153 062 205 139
0032 164 103 218 176
0033 170 123 224 202
0034 195 201 228 235
