0000 065 211 090 239 161 216 184 239
0001 159 220 184 239 066 220 085 239
0002 066 214 089 239
0003 066 214 089 239
0004 067 214 090 239
0005 067 213 090 239 155 212 189 239
0006 065 213 092 239 155 211 189 239
0007 064 214 091 239
0008 061 213 085 239
0009 169 215 190 239 059 213 083 239
0010 047 210 076 239 176 200 204 237
0011 184 192 216 230 030 197 068 234
0012 173 136 210 164 029 139 069 176
0013 171 061 206 104 054 069 081 112
0014 072 040 100 081 156 037 183 088
0015 077 054 104 088 148 065 176 106
0016 135 082 172 121 081 068 116 109
0017 075 130 109 170 148 147 177 184
0018 071 175 096 205 153 192 187 222
0019 170 202 199 237 064 193 087 228
0020 177 197 209 230 059 185 084 221
0021 180 154 211 183 055 145 089 176
0022 171 080 208 122 066 074 097 119
0023 159 045 194 094 079 044 106 089
0024 089 047 113 082 150 058 177 094
0025 139 081 172 119 087 067 114 106
0026 133 112 175 156 084 098 114 139
0027 071 144 094 172 152 162 188 197
0028 174 183 202 220 061 165 096 202
0029 179 174 219 209 054 160 089 194
0030 175 139 217 168 052 113 089 159
0031 067 072 095 116 172 101 211 148
0032 158 038 194 087 078 036 115 081
0033 151 058 178 095 097 045 123 082
0034 150 083 176 120 092 068 119 101
0035 085 091 124 131 143 110 177 150
0036 145 153 184 191 071 150 104 181
0037 165 198 188 231 066 194 088 222
0038 164 213 189 239
0039 062 213 086 239
0040 065 212 087 239
0041 065 217 085 239
