0000 095 219 115 239
0001 095 219 114 239
0002 093 220 114 239
0003 090 217 112 239 189 222 211 239
0004 186 198 225 234 076 205 099 237
0005 201 139 235 195 059 170 083 195 058 143 114 184
0006 064 095 103 152 182 086 235 132
0007 084 045 120 092 156 034 197 066
0008 102 026 140 067 143 014 183 043
0009 112 019 151 058 134 013 175 042
0010 127 017 171 044
0011 127 018 168 043 113 029 154 058
0012 118 020 163 054
0013 120 016 162 049
0014 115 017 161 052
0015 115 021 155 055
0016 119 017 163 049
0017 115 017 159 053
0018 114 016 165 051
0019 114 020 156 056
0020 115 018 159 054
0021 115 017 160 054
0022 115 021 157 056
0023 117 019 158 054
0024 116 021 160 055
0025 118 019 165 053
0026 117 019 167 053
0027 128 018 169 049
0028 125 015 178 047
0029 109 033 145 068 154 017 191 049
0030 087 053 123 095 183 041 230 085 069 099 099 137
0031 205 102 245 163 066 090 107 140
0032 064 147 103 183 205 154 232 201 211 175 235 229
0033 079 198 105 228 194 209 223 238
0034 098 213 117 236
0035 100 220 123 239
0036 101 221 123 239
0037 100 222 120 239
0038 099 223 120 239
0039 100 221 120 239
0040 100 220 121 239
0041 101 219 122 239
0042 101 219 122 239
0043 100 219 122 239
0044 101 219 123 239
0045 099 219 121 239
