0000 126 184 149 216
0001 135 185 155 216
0002 189 186 208 219 130 183 155 213
0003 189 187 208 219 129 186 151 210
0004 188 186 208 219 132 185 152 217
0005 189 186 207 219 131 188 152 218
0006 187 187 205 219 129 188 149 222
0007 189 187 206 218 129 192 149 217
0008 189 187 207 219 130 191 149 224
0009 195 182 215 215 121 186 142 216
0010 206 177 234 213 116 188 136 220
0011 203 167 258 202
0012 081 170 111 198 225 163 265 189
0013 230 155 271 183 065 163 103 197
0014 238 141 280 169 061 153 100 181
0015 232 137 280 159 057 140 096 162
0016 226 127 272 149
0017 224 118 258 144
0018 213 106 254 131 095 103 130 132
0019 206 074 243 115 112 076 141 112
0020 207 054 228 094 120 060 140 100
0021 200 045 219 083 124 047 145 086
0022 123 048 143 085 191 054 209 084
0023 124 060 143 093 189 074 211 105
0024 124 063 141 093
0025 123 062 141 093
0026 126 059 144 093 192 077 216 107
0027 124 057 145 094 190 063 208 095
0028 123 061 144 100 198 062 217 100
0029 203 074 225 119 121 073 144 111
0030 120 100 145 129 202 099 237 134
0031 203 129 240 157 110 125 147 157
0032 123 144 144 177 206 149 234 176
0033 206 164 232 192 122 151 145 192
0034 199 172 226 202 128 173 149 206
0035 131 179 151 213 198 174 220 209
0036 129 180 149 214 195 182 213 215
0037 129 187 147 213 194 183 210 216
0038 128 183 148 219 190 185 206 215
0039 128 183 148 219 194 184 213 215
0040 127 186 150 212 190 184 211 216
0041 127 184 149 215
