0006 092 211 129 239
0007 096 172 139 235
0008 107 151 144 230 172 205 211 236
0009 109 136 152 206 165 132 209 198
0010 114 125 151 194 158 122 197 201
0011 156 117 196 193 113 118 156 187
0012 118 119 158 190 150 110 192 195
0013 121 117 154 192 151 104 192 192
0014 118 114 156 189 152 114 193 196
0015 118 115 157 193 150 106 192 192
0016 121 114 156 196 151 111 193 198
0017 121 114 156 194 151 110 193 199
0018 151 110 193 200 123 119 159 193
0019 151 110 193 200 119 118 159 188
0020 121 115 156 195 150 110 193 199
0021 121 115 156 195 150 111 192 200
0022 120 114 156 195 151 111 192 199
0023 119 114 156 196 150 110 192 199
0024 120 124 159 196 150 115 192 195
0025 102 135 147 196 165 127 207 193
0026 063 180 109 232
