0000 097 217 130 238
0001 096 214 128 239
0002 091 219 127 239 170 218 208 239
0003 091 219 128 239 166 218 207 239
0004 165 215 208 239 091 219 127 239
0005 162 203 208 239 091 220 127 239
0006 161 181 209 227 097 220 128 239
0007 158 151 215 196 090 219 128 239
0008 157 126 205 166 098 218 129 239
0009 153 111 207 155 098 217 129 239
0010 151 093 201 136 098 217 129 239
0011 144 076 203 120 092 213 133 239
0012 155 062 218 102 092 214 133 239
0013 165 052 221 090 093 211 134 239
0014 162 045 223 081 093 211 134 239
0015 162 043 224 079 095 212 134 238
0016 166 033 229 073 095 212 134 238
0017 167 034 233 075 094 212 133 238
0018 174 029 234 068 095 212 133 238
0019 171 031 234 069 094 212 133 238
0020 179 030 241 068 094 212 133 238
0021 179 031 240 070 094 212 133 238
0022 179 027 240 066 094 214 133 239
0023 179 029 239 067 094 214 133 239
0024 177 029 241 067 093 213 133 239
0025 178 028 241 068 093 213 133 239
0026 179 030 240 066 093 213 133 239
0027 175 049 226 090 094 211 135 239
0028 099 215 134 239 174 107 225 156
0029 168 171 218 229 096 212 137 239
0030 163 201 213 238 095 213 136 239
