0003 143 217 194 239 090 219 135 239
0004 100 175 185 237
0005 107 143 174 200
0006 099 099 160 162 149 101 191 149
0007 098 084 156 143 152 083 194 141
0008 100 081 153 134 152 078 187 132
0009 103 079 150 138 149 080 186 137
0010 101 086 154 141 147 077 181 140
0011 146 078 196 140 100 080 154 139
0012 144 083 192 144 103 082 154 142
0013 146 091 198 141 107 083 151 143
0014 096 087 154 144 144 095 200 144
0015 141 095 191 149 102 092 151 150
0016 147 091 189 145 107 089 151 146
0017 142 097 197 150 119 094 153 157
0018 133 096 197 156 118 107 157 167
0019 119 110 180 172
0020 109 142 171 209
0021 117 170 178 235
0022 104 211 145 239 140 224 186 239
