0005 206 209 242 236
0006 211 209 253 239
0008 256 188 307 238
0009 234 137 279 202
0010 227 099 268 169
0011 213 087 255 156
0012 214 076 253 145
0013 209 068 251 137
0014 209 066 248 130
0015 202 067 242 136
0016 206 061 245 131
0017 201 064 245 131
0018 201 064 245 131
0019 205 068 242 136
0020 204 069 242 135
0021 196 070 244 132
0022 196 071 243 135
0023 199 071 240 135
0024 202 073 243 138
0025 202 070 243 138
0026 202 070 243 138
0027 202 067 242 132
0028 202 066 242 132
0029 202 074 242 137
0030 197 072 244 135
0031 198 069 242 136
0032 203 074 244 142
0033 199 083 245 146
0034 204 097 252 162
0035 225 143 270 208
0036 256 219 288 239
