0004 158 221 201 239
0005 164 205 211 237
0006 164 185 215 235 080 208 134 239
0007 089 166 145 230 170 166 218 215
0008 089 150 155 209 167 146 222 190
0009 092 142 165 196 168 138 224 177
0010 098 136 165 180 166 130 227 167
0011 097 133 168 174 164 127 227 164
0012 105 125 169 172 161 117 220 154
0013 111 123 172 173 165 117 218 155
0014 113 127 174 176 164 117 220 155
0015 109 131 164 185 154 120 221 157
0016 155 119 219 157 104 132 150 182
0017 102 126 163 185 151 121 221 158
0018 100 125 163 181 153 121 218 157
0019 096 127 162 180 151 120 217 156
0020 097 126 148 183 148 122 215 157
0021 096 125 163 181 148 124 214 157
0022 087 125 171 181 146 123 215 159
0023 085 128 156 183 148 123 215 159
0024 089 136 168 186 145 125 215 158
0025 094 131 190 189 140 128 210 156
0026 105 127 186 186
0027 098 127 179 178 139 123 205 159
0028 110 119 184 179
0029 124 140 208 188 132 125 200 160
0030 124 134 203 186
0031 120 132 197 180
0032 125 124 201 176
0033 131 118 207 177
0034 161 124 209 180 126 125 185 155
0035 150 124 199 183 122 122 182 152
0036 166 122 223 175 119 124 180 152
0037 175 125 227 177 115 126 185 158
0038 179 125 224 173 116 126 185 159
0039 124 126 188 159 173 125 215 163
0040 123 128 188 160 168 122 214 179
0041 120 127 187 161 177 125 219 166
0042 119 129 184 161 177 125 221 165
0043 120 129 184 161 172 127 218 170
0044 119 128 183 161 169 126 217 170
0045 118 128 182 162 166 129 216 177
0046 123 127 181 165 154 137 212 189
0047 130 156 199 222 132 146 182 184
0048 107 202 190 239
0049 154 208 199 239
