0000 121 193 140 226 190 191 209 221
0001 121 192 141 225
0002 121 193 140 225
0003 121 193 140 225
0004 121 191 140 223
0005 121 190 141 223
0006 121 192 140 227
0007 119 195 138 229 193 193 211 221
0008 115 196 135 227 210 184 234 218
0009 228 177 258 200 094 187 117 218
0010 071 173 109 209 223 164 266 189
0011 257 140 294 170 048 144 087 182
0012 041 133 082 205
0013 033 107 060 130
0015 018 057 064 087
0016 021 054 061 079
0017 020 051 072 081 263 091 296 110
0018 022 055 065 083 267 094 294 115
0019 259 106 297 132 026 072 073 102
0020 255 135 287 158 032 096 074 126
0021 238 150 270 182
0022 221 172 249 208 070 148 102 183
0023 206 187 224 219 083 164 109 203
0024 088 175 111 216
0025 100 190 121 224
0026 110 194 129 224
