0005 061 213 091 239
0007 059 151 104 178
0008 061 144 102 169
0009 067 144 108 166
0010 071 144 110 164
0011 069 140 114 163
0012 069 139 113 163
0013 124 183 173 231 068 139 114 161
0014 126 157 169 205 076 140 112 163
0015 074 139 116 162 116 157 163 190
0016 117 144 162 183 073 140 115 163
0017 075 140 116 163 129 137 159 179
0018 074 142 118 163 124 128 161 172
0019 076 141 118 163 130 129 161 172
0020 076 139 119 161 126 128 164 175
0021 076 140 126 163 107 139 159 178
0022 080 138 138 177
0023 076 144 129 189
0024 063 146 129 185
0025 053 149 121 191 083 137 126 162
0026 054 146 121 188 080 141 125 163
0027 069 147 124 190
0028 083 141 133 189
0029 082 143 136 173 100 154 153 185
0030 083 144 128 165 118 142 167 190
0031 127 141 175 186 081 145 125 167
0032 128 139 171 184 081 146 123 167
0033 131 138 176 185 083 150 128 169
0034 080 147 128 170 117 147 171 180
0035 108 145 159 182 082 151 120 174
0036 102 153 149 188 078 150 124 172
0037 100 158 145 197 078 151 123 171
0038 103 177 146 215 079 151 119 171
0039 075 152 119 175 103 182 149 223
0040 112 195 146 237 076 155 119 177
0041 072 167 115 199 118 217 148 239
0042 071 196 098 237
