0000 072 153 116 203 159 151 213 201
0001 155 149 208 201 072 154 117 203
0002 156 150 210 201 072 154 117 203
0003 071 150 117 202 155 150 210 201
0004 071 150 117 202 157 152 209 205
0005 071 150 117 202 158 136 208 199
0006 071 150 117 201 153 124 211 165 199 122 240 157
0007 071 150 117 201 162 100 213 134
0008 071 154 117 202 163 065 205 100
0009 071 154 117 202 158 048 204 087
0010 071 154 117 202 142 046 199 086
0011 071 153 117 203 137 052 196 099
0012 070 152 117 203 141 064 183 119
0013 071 153 117 203 150 067 194 134
0014 071 151 117 203 161 067 195 140
0015 071 151 117 203 155 067 193 138
0016 071 152 117 203 145 072 186 136
0017 071 153 117 203 142 073 181 138
0018 071 153 117 203 145 074 185 142
0019 071 153 117 203 154 072 192 144
0020 071 153 117 203 156 071 195 146
0021 071 153 117 203 147 068 191 139
0022 071 153 117 203 144 073 184 136
0023 071 153 117 203 144 074 185 140
0024 072 149 118 202 150 072 186 135
0025 152 069 194 147 072 154 117 203
0026 072 154 116 203 144 074 188 137
0027 071 153 116 203 139 073 185 139
0028 072 154 116 203 144 074 186 139
0029 072 154 116 203 150 075 187 143
0030 156 073 191 141 072 153 116 203
0031 072 153 117 203 144 078 187 144 188 115 222 154
0032 072 153 117 203 135 085 181 139
0033 071 153 117 203 134 092 187 143
0034 071 153 117 203 135 121 185 164
0035 072 154 116 203 144 136 195 181
0036 153 151 202 200 074 151 113 197
0037 071 154 117 203 154 158 202 204
0038 071 150 116 202 155 155 203 202 196 129 238 175
0039 071 149 116 202 156 156 199 204
0040 071 154 116 203 154 154 208 200
