0005 086 208 127 239
0006 095 183 136 235 205 168 249 215
0007 129 155 182 195 092 155 142 204
0008 107 129 181 172
0009 078 123 157 163
0010 081 121 145 163
0011 078 112 131 163
0012 079 111 130 159 071 134 145 179
0013 072 141 135 193 076 107 123 150
0014 081 106 126 150 065 147 127 199
0015 072 106 125 152 064 155 141 199
0016 070 109 126 156 064 150 135 191
0017 070 115 117 155 082 143 143 179
0018 060 129 132 172
0019 058 119 132 163
0020 058 114 122 160
0021 052 117 126 168
0022 056 118 124 172
0023 054 123 124 169
0024 050 122 133 163
0025 056 122 125 159
0026 051 121 123 162
0027 047 118 123 164
0028 042 118 118 177
0029 039 123 117 180
0030 053 115 123 161
0031 048 121 125 158
0032 029 124 114 165
0033 029 130 108 180
0034 039 136 121 187
0035 067 149 142 198
0036 080 152 136 205
0037 103 181 152 233 090 169 119 225
0038 115 200 165 239 090 180 123 237
0039 093 209 120 239 142 223 174 239
0040 089 213 126 237
0041 096 218 130 236
0042 096 216 127 238
0043 098 206 131 237
0044 097 189 135 239 148 204 201 239 199 169 248 222
0045 091 168 135 223 151 189 205 235
0046 084 139 128 178 159 150 212 196
0047 083 122 130 157 154 125 212 164
0048 083 109 130 145 163 106 219 143
0049 083 091 130 130 168 091 223 132
0050 075 075 133 108 168 076 228 119
0051 170 062 230 105 074 062 130 097
0052 172 051 228 095 079 046 134 086
0053 169 045 226 089 075 039 129 077
0054 168 041 234 086 080 032 132 075
0055 076 028 125 067 171 036 240 082
0056 075 027 124 067 170 038 238 081
0057 073 026 126 068 172 034 241 081
0058 072 032 123 070 174 038 233 084
0059 071 037 119 078 173 044 232 091
0060 068 043 113 090 178 054 235 098
0061 176 085 232 128 072 081 108 121
0062 177 106 231 149 067 107 113 151 232 140 278 182
0063 185 171 225 230 066 163 109 233
0064 189 217 227 239 071 216 108 238
0066 201 180 244 229
0068 204 182 244 232
