0000 238 212 274 239 154 213 179 239
0001 152 209 180 239 245 213 277 239
0002 152 209 180 239 243 217 276 239
0003 239 213 271 239 149 212 173 239
0004 147 211 174 239 233 215 270 239
0005 225 208 259 239 147 210 180 239
0006 217 197 249 235 152 209 185 238
0007 187 151 244 186 170 184 207 222
0008 182 156 225 186 166 117 212 150
0009 166 092 202 128 192 111 237 152
0010 158 078 198 118 197 082 237 127
0011 195 067 238 114 161 065 198 108
0012 193 063 236 107 163 063 200 097
0013 196 067 233 105 173 072 223 126
0014 191 068 233 111 163 064 199 101
0015 188 069 231 116
0016 194 069 232 108 163 067 200 099
0017 193 067 232 109 163 066 198 100
0018 193 068 232 110
0019 193 067 231 110 163 073 190 099
0020 199 070 229 109 164 066 198 102
0021 199 071 230 108 163 070 200 103
0022 199 070 229 107 164 066 198 100
0023 194 070 234 110
0024 159 070 197 104 189 069 233 117
0025 185 080 235 128 167 071 194 112
0026 170 092 205 133 174 127 220 163
0027 160 168 199 211 181 140 223 173
0028 149 196 180 235 212 174 248 217
0029 142 211 172 239 225 206 262 239
0030 238 210 269 239 138 212 164 239
0031 242 213 278 239 139 208 159 239
0032 144 213 166 239 243 219 275 239
0033 143 209 167 239 243 218 273 239
0034 140 211 169 239 241 218 275 239
