0000 166 211 197 239 085 210 105 239
0001 081 209 110 239 166 212 197 239
0002 086 211 110 239 166 212 196 239
0003 086 212 110 239 166 211 198 239
0004 087 213 111 239 166 212 198 239
0005 089 207 116 239 172 212 195 239
0006 082 202 116 235 168 209 201 239
0007 175 196 203 238 083 161 118 205
0008 101 132 144 160 167 161 195 214
0009 127 086 181 115 127 124 167 151
0010 103 076 160 114 144 071 181 099
0011 099 063 148 097
0012 132 070 180 104 104 093 135 128
0013 131 071 181 115 104 056 156 095
0014 127 070 181 111 104 055 156 095
0015 129 067 181 110 098 058 143 089
0016 128 067 179 109 107 093 140 131 098 060 143 089
0017 128 067 179 109 097 061 141 088 107 095 139 130
0018 127 067 179 109 107 095 139 130 094 061 134 088
0019 126 068 176 110 106 094 139 131 097 062 142 090
0020 127 067 179 111 102 094 136 128 096 063 145 092
0021 103 075 150 110 141 072 182 103
0022 113 089 166 130
0023 108 122 148 151 144 139 174 179
0024 097 165 126 195 158 178 186 224
0025 168 205 198 239 083 197 116 235
0026 088 209 112 236 168 215 196 239
0027 086 205 111 237 159 207 192 239
0028 089 211 114 239 162 211 187 239
0029 082 211 121 239 159 212 195 239
0030 090 207 114 237 159 211 193 239
0031 085 205 115 239 157 212 194 239
