0000 113 206 150 239 055 209 090 239
0001 111 210 151 239 053 209 092 239
0002 058 209 092 237 111 210 150 239
0003 055 209 090 239 113 204 150 239
0004 112 204 150 239 056 209 096 239
0005 053 210 090 239 112 205 149 239
0006 111 209 151 239 057 210 096 239
0007 111 209 151 239 055 206 095 239
0008 114 206 153 239 056 206 096 239
0009 110 204 147 239 054 206 094 237
0010 111 210 151 239 054 209 091 239
0011 112 205 148 239 056 210 097 239
0012 112 199 148 235 052 208 091 238
0013 053 209 089 239 113 193 151 227
0014 054 205 090 239 119 168 154 208
0015 054 206 090 239 118 143 149 187
0016 053 209 092 238 116 132 148 178
0017 056 205 096 239 118 116 156 172
0018 055 207 095 239 122 112 161 159
0019 053 206 092 237 124 106 156 156
0020 054 208 093 239 127 100 160 155
0021 131 105 160 154 058 207 095 239
0022 053 209 092 239 130 099 166 150
0023 130 099 167 149 054 207 091 235
0024 129 100 164 153 054 208 092 239
0025 134 104 164 151 056 208 090 239
0026 131 104 164 148 055 209 093 239
0027 131 104 164 149 055 208 091 239
0028 053 206 095 239 132 094 167 147
0029 055 209 092 239 133 086 164 136
0030 055 207 091 239 123 084 159 129
0031 052 209 091 239 113 103 150 146
0032 054 209 090 239 111 129 149 170
0033 055 209 088 239 111 155 142 191
0034 054 208 091 239 110 173 151 207
0035 109 195 147 230 054 209 093 239
0036 115 208 150 239 053 208 092 238
0037 115 208 154 239 055 207 092 238
0038 111 206 150 239 051 208 090 238
