0000 105 209 132 239 205 210 228 239
0001 106 209 131 236 202 211 231 239
0002 105 210 131 236 201 208 230 239
0003 104 211 130 239 200 209 229 239
0004 190 203 222 238 107 207 140 239
0005 114 203 149 239 181 186 214 229
0006 119 173 157 220 175 170 212 213
0007 169 163 210 206 121 154 164 202
0008 181 164 222 205 111 160 153 198
0009 197 163 238 204 088 151 129 196
0010 221 157 264 198 061 149 106 193
0011 239 150 284 193 036 145 094 182
0012 021 140 089 174 253 151 293 188
0013 023 140 084 172 260 146 296 182
0014 262 144 300 182 025 142 085 175
0015 261 149 298 184 032 140 090 176
0016 260 148 298 186 031 140 085 177
0017 257 149 295 189 033 141 090 177
0018 256 153 294 191 031 140 088 176
0019 259 150 298 187 033 142 088 175
0020 256 150 299 186 032 142 088 176
0021 258 150 299 184 029 141 089 176
0022 262 146 299 183 026 141 087 176
0023 030 144 085 178 262 149 300 184
0024 261 147 299 184 030 139 085 176
0025 030 144 085 177 261 149 298 184
0026 029 143 086 178 261 149 298 184
0027 257 149 298 183 027 140 081 176
0028 028 141 084 175 262 148 298 183
0029 028 142 088 175 260 151 302 187
0030 026 140 083 173 261 149 298 184
0031 028 142 085 179 254 154 297 189
0032 249 165 289 205 030 159 081 196
0033 238 181 276 221 043 180 082 223
0034 230 195 259 236 071 191 100 237
0035 085 200 111 239 220 203 244 235
0036 209 208 238 239 091 211 122 239
0037 210 206 235 239 099 207 127 239
0038 207 210 231 239 105 209 129 239
0039 207 209 229 238 108 208 131 239
0040 207 206 229 236 108 209 131 239
0041 111 209 134 239 207 210 229 239
0042 107 211 132 239 204 207 233 239
0043 107 211 131 239 203 206 232 239
0044 107 210 132 239 204 204 230 236
0045 107 211 132 239 207 210 229 239
