0000 102 215 133 239
0001 100 214 134 239
0002 093 215 131 239
0003 099 206 136 239
0004 095 159 141 216 194 216 240 239
0005 092 108 143 163
0006 109 067 151 115
0007 108 051 147 114
0008 106 035 144 101
0009 099 027 141 096
0010 094 023 135 091
0011 090 020 132 084
0012 093 019 134 083
0013 084 020 131 079 138 201 188 239
0014 082 017 122 081
0015 076 016 118 082
0016 077 016 119 081
0017 076 013 117 081
0018 073 019 112 083
0019 073 022 116 084
0020 070 019 110 084
0021 068 023 109 084
0022 066 026 110 085
0023 062 040 101 092
0024 056 050 091 106 210 196 256 235
0025 055 069 094 123
0026 052 086 094 142
0027 058 111 098 166
0028 064 154 108 206
0029 072 186 112 236
0030 089 211 129 239
0031 096 216 132 239
0032 090 212 128 239
0033 094 213 131 239
0034 093 212 124 239
