0000 243 220 268 239 155 219 176 239
0001 243 220 268 239 156 218 177 239
0002 243 221 268 239 145 213 174 238
0003 140 202 174 238 243 221 268 239
0004 127 171 170 221 244 220 269 239
0005 124 107 162 140 245 218 270 239
0006 134 059 166 101 246 218 272 239
0007 137 041 176 082 246 216 271 239
0008 151 026 178 071 243 213 277 239
0009 247 214 270 237 155 027 184 072
0010 151 024 188 067 245 211 272 238
0011 246 211 270 239 154 022 189 062
0012 251 212 275 237 154 022 190 063
0013 158 020 193 061 251 211 274 237
0014 251 211 274 237 161 022 188 065
0015 161 020 189 065 248 208 274 239
0016 248 209 274 239 162 020 189 065
0017 161 020 189 066 248 209 274 239
0018 161 020 190 066 248 209 274 239
0019 250 209 274 237 162 022 188 063
0020 247 208 275 239 162 021 188 062
0021 248 208 275 239 162 023 188 062
0022 247 208 275 239 160 024 187 063
0023 248 208 275 239 156 019 190 061
0024 248 210 275 239 162 022 188 064
0025 248 208 275 239 155 023 190 063
0026 248 210 275 239 163 022 189 067
0027 248 211 275 239 153 020 190 062
0028 145 026 185 072 247 209 275 239
0029 246 211 270 238 121 072 161 111
0030 247 208 272 239 118 125 154 166
0031 247 210 272 239 125 163 150 206
0032 247 211 269 239 132 196 154 237
0033 246 212 268 239 139 207 161 238
0034 246 214 269 239 143 210 164 239
0035 246 213 269 239 144 209 165 238
0036 243 214 273 238 147 209 166 238
0037 245 211 267 236 148 209 170 239
0038 243 214 272 238 149 210 170 239
