0000 147 171 187 219 079 157 127 205
0001 147 172 187 219 079 157 127 205
0002 146 173 190 219 079 157 127 205
0003 144 172 191 219 080 156 127 205
0004 142 172 192 219 080 156 127 205
0005 080 156 127 205 144 160 198 211
0006 151 151 201 201 080 156 127 205
0007 152 136 201 177 080 156 127 205
0008 166 118 211 163 080 157 127 205
0009 080 157 127 205 177 088 219 146
0010 168 074 224 131 080 157 127 205 182 114 211 162
0011 071 154 129 205 178 059 235 113
0012 070 154 128 205 176 055 232 104
0013 071 154 128 205 181 053 234 103
0014 187 055 242 101 070 154 128 205
0015 186 057 243 105 070 154 128 205
0016 187 057 245 106 070 154 128 205
0017 187 058 245 107 070 154 128 205
0018 185 058 246 109 070 154 128 205
0019 180 058 252 109 070 154 128 205
0020 180 058 250 108 070 154 128 205
0021 181 060 250 109 070 154 128 205
0022 181 060 249 109 070 154 128 205
0023 186 059 245 111 070 154 128 205
0024 178 059 246 110 071 155 128 206
0025 184 061 242 112 071 156 128 206
0026 174 075 219 130 071 156 128 206
0027 071 156 128 206 170 103 210 161
0028 157 130 205 181 071 156 128 206
0029 152 163 187 224 072 156 128 206
0030 147 173 191 229 071 155 125 206
0031 071 155 125 206 152 169 191 227
0032 071 159 126 210 148 165 191 225
