0008 075 215 128 239
0009 083 203 135 239
0010 087 195 140 239 151 203 203 239
0011 078 203 141 239
0012 053 190 103 239
0013 042 187 096 239
0014 039 191 094 239 082 189 132 237
0015 034 183 090 237 086 194 134 239
0016 031 183 084 232 084 183 130 237
0017 032 187 077 226 081 189 136 235
0018 033 187 080 224 078 190 136 234
0019 089 188 136 233 031 183 104 221
0020 027 186 103 224 089 189 135 234
0021 092 187 138 233 033 181 106 217
0022 090 188 134 231
0024 092 181 140 232
0025 086 184 137 231
0026 026 188 099 224
0027 029 188 110 227 090 180 150 229
0028 032 185 105 224
0029 060 193 131 236
0030 093 195 163 238
0031 079 189 131 235 169 197 221 239
0032 069 198 117 239 222 200 265 239
0033 232 198 276 239 060 200 099 239
0034 232 208 272 239 046 211 081 239
