0005 196 221 226 239
0006 180 218 220 239
0007 151 205 207 239
0008 145 192 204 231
0009 139 185 206 223
0010 135 179 201 212
0011 138 177 208 210
0012 142 177 212 217
0013 141 176 211 212
0014 144 178 216 213
0015 146 173 217 208
0016 141 170 212 205
0017 140 170 208 204
0018 139 167 213 201
0019 136 161 206 197
0020 136 164 210 197
0021 138 160 212 191
0022 138 156 212 188
0023 138 155 212 187
0024 133 149 210 184
0025 133 149 211 183
0026 137 152 210 184
0027 136 152 212 182
0028 134 149 212 184
0029 135 148 202 182
0030 131 151 205 182
0031 138 150 211 183
0032 136 150 212 183
0033 141 150 210 183
0034 138 150 211 183
0035 133 152 210 182
0036 138 151 213 184
0037 136 152 214 184
0038 133 149 216 183
0039 133 152 214 185
0040 133 153 214 185
0041 137 154 213 188
0042 136 161 211 193
0043 138 162 207 194
0044 135 163 208 197
0045 137 175 210 209
0046 146 191 203 236
0047 173 218 218 239
0048 192 223 227 239
