0000 108 204 129 235 187 204 208 239
0001 107 201 130 239 183 202 210 239
0002 185 204 209 236 105 205 127 237
0003 179 204 207 239 105 201 125 236
0004 174 203 200 238 103 194 127 230
0005 156 198 192 234 106 193 142 227
0006 150 197 187 231 112 183 148 219
0007 120 182 151 211 147 193 181 226
0008 120 180 155 212 150 182 181 219
0009 119 180 154 210 151 182 185 221
0010 148 182 181 217 113 180 152 212
0011 159 174 197 209 096 174 136 205
0012 175 169 211 203 078 163 117 189
0013 198 148 236 182 055 148 097 177
0014 209 137 248 172 045 130 087 166
0015 213 122 260 160 047 121 089 154
0016 217 121 260 164 049 117 088 151
0017 215 122 259 165 048 116 088 151
0018 214 133 256 170 047 120 089 155
0019 215 138 252 175 051 123 085 156
0020 208 155 244 190 061 142 087 170
0021 204 173 237 209 066 158 101 197
0022 194 186 227 218 071 174 104 212
0023 193 193 217 233 091 190 110 223
0024 185 196 215 238 098 193 121 231
0025 183 203 208 239 107 200 129 235
0026 185 208 209 239 110 206 132 239
0027 183 206 205 239 108 205 131 239
