0004 157 203 200 239 059 204 128 239
0005 158 114 198 189 059 145 119 189
0006 049 116 110 171 163 079 195 161
0007 048 113 110 169 159 063 194 154
0008 151 075 190 156 057 120 113 168
0009 147 065 188 162 059 125 122 174
0010 135 073 186 154 066 129 130 174
0011 130 070 184 154 071 127 137 171
0012 134 073 182 160 071 122 137 167
0013 128 072 187 160 075 121 142 164
0014 133 065 185 157 080 122 144 164
0015 127 073 179 160 077 130 143 171
0016 125 074 177 159 082 133 148 173
0017 126 075 173 170 086 131 141 176
0018 129 082 173 169
0019 122 076 180 171
0020 125 080 177 170 104 130 158 181
0021 123 088 181 165 100 129 165 173
0022 131 091 183 168 099 126 156 171
0023 129 087 181 168
0024 134 089 180 173
0025 129 092 190 175
0026 130 087 194 171
0027 131 090 197 174
0028 139 082 196 170 152 136 210 175
0029 138 084 195 176
0030 148 088 196 175 159 136 216 181
0031 150 081 193 168 161 139 220 181
0032 166 133 231 178 149 079 198 156
0033 151 074 194 159 169 131 237 178
0034 147 074 194 158 176 133 230 181
0035 146 074 194 159 175 127 233 178
0036 149 074 195 157 179 128 234 178
0037 146 080 195 159 173 132 227 178
0038 150 082 195 161 166 136 231 180
0039 147 094 193 167 165 150 222 190
0040 146 130 189 205
0041 150 204 192 239
