0015 182 195 223 239
0016 186 125 236 177 122 179 208 239
0017 190 085 236 139 140 154 214 207
0018 191 063 235 117 196 128 249 167 145 132 217 183
0019 184 058 228 111
0020 177 059 222 115 163 123 249 164
0021 180 054 223 117
0022 192 052 238 111 174 112 251 153
0023 188 051 234 111 159 120 251 162
0024 177 057 223 119 154 124 237 170
0025 186 054 226 124 151 121 233 172
0026 186 057 237 113 184 108 248 150
0027 185 057 229 114 151 122 235 170
0028 171 059 219 123 153 128 247 169
0029 175 058 222 119 156 127 246 168
0030 183 060 230 117 153 122 248 168
0031 183 058 227 117
0032 175 057 221 121 149 123 234 174
0033 181 058 225 120 154 128 247 172
0034 187 061 227 122
0035 180 063 224 123 155 131 243 172
0036 180 062 223 123 156 126 240 170
0037 182 063 223 127 160 124 246 163
0038 180 064 224 126 156 127 242 170
0039 152 135 229 179 175 069 221 131
0040 163 086 217 133 140 143 199 200
0041 158 112 211 167 109 185 193 239
0042 141 183 198 236
0043 157 210 196 239
