0000 176 200 206 236 103 207 120 239
0001 178 204 203 237 103 207 120 239
0002 176 203 202 239 103 203 120 238
0003 176 203 202 239 095 205 124 237
0004 176 199 206 236 100 206 123 237
0005 175 201 203 238 105 205 126 238
0006 176 199 206 236 112 191 138 227
0007 177 198 206 235 111 163 152 194
0008 180 204 201 236 117 135 162 162
0009 176 199 202 238 120 114 172 146
0010 176 203 202 239 129 093 172 120
0011 181 204 201 236 124 089 165 121
0012 176 204 202 239 126 085 165 118
0013 176 199 203 237 125 085 162 120
0014 176 197 204 236 122 085 162 117
0015 181 204 203 235 111 085 150 122
0016 177 200 204 237 107 084 134 115
0017 177 198 205 236
0018 180 198 205 235 103 083 133 112
0019 181 202 202 235
0020 181 204 202 237
0021 176 203 202 239
0022 176 204 201 239 094 085 132 122
0023 181 205 201 236 093 111 132 145
0024 177 201 202 237 091 128 134 160
0025 181 203 201 235 105 175 131 217
0026 176 203 201 239 102 187 128 226
0027 181 204 201 236 105 198 133 237
0028 179 204 200 237 105 201 135 239
0029 106 201 129 236 176 201 202 238
0030 106 206 125 239 176 203 201 239
0031 180 204 200 236 104 206 124 238
0032 177 200 205 236 103 202 124 236
