0002 036 211 087 239
0003 040 200 094 238 120 205 165 239
0004 047 192 101 234 116 185 161 237
0005 117 183 160 232 049 185 105 224
0006 051 172 112 214 115 178 153 224
0007 054 168 112 211 115 168 157 218
0008 054 166 105 207 110 166 157 212
0009 061 158 106 200 113 161 158 203
0010 109 158 156 205 061 151 105 195
0011 110 149 163 201 057 146 106 193
0012 119 149 164 200 057 145 104 191
0013 119 146 167 195 051 144 105 191
0014 050 142 105 191 117 142 164 195
0015 047 139 106 187 122 143 167 195
0016 048 142 103 183 121 143 171 191
0017 122 141 177 189 036 138 100 182
0018 122 140 185 188 040 139 099 185
0019 123 139 189 187 043 140 097 185
0020 125 142 187 191 044 138 100 184
0021 126 144 187 196 043 137 100 184
0022 129 141 192 189 043 139 098 184
0023 129 141 191 189 045 139 098 183
0024 128 140 190 187 045 137 100 183
0025 128 141 189 189 044 139 098 184
0026 128 141 189 188 043 137 098 183
0027 127 141 189 192 044 138 099 184
0028 124 145 186 191 044 138 100 184
0029 124 145 186 192 034 137 097 180
0030 127 142 188 192 042 138 100 183
0031 124 145 187 192 042 138 100 183
0032 127 142 188 187 036 137 096 179
0033 124 145 187 192 036 137 096 179
0034 126 142 188 192 038 140 100 182
0035 122 143 185 191 037 140 100 182
0036 122 141 188 190 036 140 100 182
0037 124 139 190 188 034 139 099 182
0038 125 137 190 184 031 136 093 179
0039 031 142 087 191 131 141 188 193
0040 016 169 068 220 137 165 191 214
0041 158 207 202 236 005 214 041 236
