0000 124 174 169 224
0001 125 116 164 180 082 222 119 239
0002 131 076 163 147 076 217 115 239
0003 125 059 162 132 077 217 115 239
0004 125 052 165 120
0005 126 049 163 120
0006 125 047 163 121
0007 126 045 162 119
0008 126 043 162 119
0009 129 041 166 120
0010 130 037 166 117
0011 130 041 167 121
0012 126 046 167 120
0013 127 047 165 118
0014 127 048 165 118
0015 127 049 165 119
0016 127 049 170 122
0017 129 054 167 130
0018 133 076 172 154
0019 135 151 177 203 076 223 112 239
0020 141 202 183 237 076 223 113 239
0021 079 222 117 239
0023 078 223 114 239
