0000 140 180 160 210 196 185 214 212
0001 140 180 161 210 196 186 214 213
0002 194 189 212 215 142 179 159 205
0003 140 169 163 202 196 189 212 215
0004 139 157 161 188 196 189 212 215
0005 140 133 161 160 196 188 212 214
0006 144 104 168 133 196 187 212 216
0007 150 090 181 124 195 185 215 213
0008 152 093 185 120 194 187 211 214
0009 150 090 187 118 195 187 212 214
0010 148 093 186 122 195 186 212 214
0011 144 097 183 126 195 186 212 215
0012 147 102 180 129 195 188 212 215
0013 146 103 181 133 195 188 213 215
0014 143 102 184 133 193 187 210 213
0015 139 102 179 136 195 188 212 216
0016 136 102 178 134 196 188 212 213
0017 137 103 178 135 196 188 212 213
0018 136 105 177 137 195 188 211 215
0019 140 105 173 137 195 184 215 211
0020 134 105 173 138 196 188 212 214
0021 137 106 167 138 195 184 215 211
0022 140 108 170 137 195 184 215 211
0023 136 106 164 137 196 188 211 213
0024 137 109 164 140 195 185 211 213
0025 136 106 163 140 195 186 211 213
0026 136 106 163 139 195 186 211 213
0027 136 105 163 139 195 186 211 214
0028 136 106 163 138 195 186 211 214
0029 135 108 163 138 194 186 211 214
0030 135 110 162 139 195 186 211 214
0031 135 111 161 140 194 186 211 214
0032 194 186 210 214 135 113 163 144
0033 135 112 163 143 194 186 210 214
0034 135 113 162 143 194 187 210 215
0035 135 113 163 145 194 188 211 215
0036 135 118 169 149 195 189 210 215
0037 137 129 176 156 194 189 211 216
0038 139 139 176 177 195 189 211 213
0039 143 169 169 201 195 188 212 215
0040 142 179 166 216 195 188 211 215
