0000 120 214 172 239
0001 121 217 180 239
0002 121 212 180 239
0003 119 215 182 239
0004 119 213 183 239
0005 119 210 186 239 015 216 070 239
0006 120 202 182 239 028 206 071 237
0007 123 188 183 237 039 188 087 236
0008 046 193 096 239 120 168 180 221
0009 121 145 176 201 048 200 098 239
0010 122 128 174 186 044 202 096 239
0011 044 204 088 239 119 121 168 171
0012 045 204 086 237 106 098 161 153
0013 107 087 157 150 046 205 086 237
0014 109 082 155 142 045 204 086 237
0015 113 079 158 140 046 205 086 237
0016 115 074 156 133 047 205 085 237
0017 112 072 157 130 047 205 086 237
0018 114 065 158 129 045 204 087 239
0019 116 062 157 129 045 204 087 239
0020 114 061 152 128 046 203 087 239
0021 112 059 158 132 049 205 089 237
0022 110 062 152 132 046 204 089 239
0023 114 063 155 132 046 205 089 238
0024 114 063 157 137 049 205 091 239
0025 112 065 156 143 050 207 093 238
0026 114 067 154 145 049 204 094 239
0027 115 076 162 143 049 204 092 239
0028 117 088 163 151 049 204 092 239
0029 049 203 094 239 107 106 161 158
0030 101 132 171 185 050 204 091 239
0031 103 163 176 212 050 204 092 239
0032 116 205 171 239 046 203 094 239
0033 048 204 094 239 119 206 181 237
0034 048 205 094 239 119 213 183 239
0035 047 205 093 239 118 212 181 239
0036 045 204 092 239 115 209 174 239
0037 044 204 093 239 114 209 173 239
0038 046 203 093 238 119 213 176 239
0039 116 204 178 239 047 200 093 239
0040 115 205 179 239 047 197 092 235
0041 117 194 175 239 051 196 090 235
0042 103 185 172 237 056 195 091 237
0043 103 175 167 228 057 196 102 237
0044 062 189 104 237 110 163 173 221
0045 073 177 114 233 105 153 166 210
0046 079 170 126 230 103 149 160 196
0047 081 162 129 226 093 149 163 194
0048 093 154 166 206 090 188 137 234 080 155 120 222
0049 088 158 138 220
0050 085 153 137 205
0051 083 152 135 204
0052 085 150 141 205
0053 089 155 141 212
0054 083 154 144 209
0055 095 154 167 207
0056 081 168 139 218 107 156 164 203
0057 103 173 174 222 076 180 130 234
0058 060 191 115 239 114 185 166 234
0059 108 197 175 239 052 203 108 239
0060 111 201 171 239 049 204 099 237
0061 116 207 164 236 050 209 099 237
0062 114 211 172 237 047 208 103 239
0063 048 209 103 239 112 215 175 239
0064 047 209 105 239 113 215 175 239
0065 049 209 105 239 112 215 175 239
0066 050 209 105 239 112 215 175 239
0067 049 209 104 239 112 215 176 239
0068 050 209 104 239 113 215 175 239
0069 050 209 104 239 113 215 175 239
0070 051 209 105 239 114 215 165 239
0071 051 211 101 239 114 215 165 239
0072 055 213 101 237 117 215 165 239
