0000 099 206 142 237
0001 100 206 142 237
0002 099 206 142 237
0003 098 205 142 238
0004 096 203 140 238
0005 098 194 139 234
0006 097 168 141 216
0007 095 132 144 177
0008 092 098 142 139
0010 099 069 146 110
0011 099 070 146 110
0012 100 068 148 109
0013 102 070 149 110
0014 096 074 147 112
0015 107 081 149 115
0016 100 099 148 141
0017 097 143 144 180
0018 096 199 141 234
0019 100 204 144 237
0020 101 204 144 236
0021 100 205 143 237
0022 100 204 143 237
0023 100 205 144 237
0024 100 206 142 237
0025 100 206 142 237
