0000 093 215 139 239 160 207 197 236
0001 093 214 138 239 158 207 193 236
0002 158 208 197 237 093 214 138 239
0003 159 208 197 237 093 214 138 239
0004 093 214 138 239 160 208 194 237
0005 093 214 139 239 160 209 195 237
0006 093 214 139 239 161 207 195 239
0007 093 215 139 239 164 207 199 236
0008 093 215 138 239 167 206 198 238
0009 169 196 197 239 093 215 138 239
0010 093 214 138 239 172 166 201 219
0011 093 216 138 239 171 121 207 196
0012 169 087 206 170 093 215 138 239
0013 169 079 205 150 093 217 138 239
0014 171 066 201 129 093 215 138 239
0015 171 058 202 117 093 214 138 239
0016 170 054 198 113 093 214 138 239
0017 172 060 205 122 093 215 138 239
0018 172 066 205 126 093 214 138 239
0019 093 214 138 239 171 061 205 128
0020 172 066 206 132 093 215 137 239
0021 172 066 205 132 094 214 138 239
0022 170 070 205 136 094 214 138 239
0023 170 071 203 142 094 214 138 239
0024 169 087 202 158 094 215 138 239
0025 094 215 138 239 161 132 196 191
0026 158 165 198 233 094 216 137 239
0027 150 190 198 239 094 215 138 239
0028 153 204 191 238 094 216 138 239
0029 094 217 138 239 150 207 190 239
0030 156 209 195 237 094 216 138 239
0031 094 216 138 239 155 210 195 237
