0000 139 214 164 239 240 219 265 239
0001 142 218 162 239 240 219 265 239
0002 128 215 159 239 241 220 266 239
0003 117 207 146 239 240 218 273 239
0004 095 196 132 230 236 223 271 239
0005 079 176 116 213 242 223 273 239
0006 072 157 101 191 243 223 276 239
0007 054 140 105 174 242 223 276 239
0008 052 129 104 161 242 223 275 239
0009 054 119 106 157 242 223 274 239
0010 057 123 107 152 243 221 268 239
0011 056 116 113 155 241 222 266 239
0012 058 118 111 153 243 222 268 239
0013 061 114 120 150 244 222 269 239
0014 084 113 119 150 244 222 269 239
0015 080 107 119 149 244 224 269 239
0016 079 106 121 146 244 223 269 239
0017 084 105 120 144 244 223 269 239
0018 081 100 120 142 241 223 272 239
0019 081 098 118 141 241 222 272 238
0020 084 096 116 141 241 222 273 238
0021 082 100 117 140 241 222 273 239
0022 077 097 117 139 241 222 273 239
0023 073 095 117 139 241 223 273 239
0024 081 098 116 141 244 222 269 239
0025 078 100 117 139 244 222 269 239
0026 075 094 117 138 244 222 269 239
0027 077 095 117 137 244 222 269 239
0028 076 094 117 137 239 221 272 239
0029 072 098 116 140 239 222 272 239
0030 066 112 106 152 243 221 268 239
0031 054 132 092 174 243 221 269 239
0032 060 165 091 209 241 223 269 239
0033 080 195 108 235 241 221 268 238
0034 106 210 129 239 240 221 267 238
0035 123 212 144 239 241 221 269 238
0036 132 214 158 239 243 218 269 239
0037 137 211 162 235 240 224 265 239
0038 140 214 163 239 241 218 267 239
0039 143 220 164 239 240 220 269 238
0040 137 213 161 236 241 220 275 239
0041 139 215 162 239 239 221 270 238
0042 139 214 162 239 239 221 270 238
