0000 101 201 125 234 177 187 197 222
0001 098 207 125 234 177 187 197 224
0002 177 187 197 223 101 206 126 231
0003 098 207 126 234 176 188 197 224
0004 178 191 196 222 102 201 129 233
0005 104 190 128 220 185 169 206 201
0006 186 118 216 156 097 145 122 174
0007 189 085 215 129 103 109 123 143
0008 189 074 214 115
0009 187 066 212 106 098 074 120 104
0010 182 065 209 107 100 073 122 105
0011 181 067 214 109 104 070 126 103
0012 181 065 209 106 105 072 125 105
0013 181 065 209 106 102 072 122 106
0014 181 068 209 107 103 070 123 104
0015 175 062 198 104
0016 162 067 185 108
0017 126 062 154 098 156 071 176 110
0018 130 061 157 099 160 070 181 115
0019 157 070 176 111
0020 157 070 176 110
0021 156 070 176 111
0022 159 069 180 113
0023 156 073 177 114
0024 161 085 183 125 125 086 147 118
0025 123 112 152 147 162 119 190 150
0026 117 156 144 192 169 161 193 195
0027 105 194 132 223 172 181 192 215
0028 102 206 126 230 171 189 192 227
0029 100 204 123 233 176 191 194 226
0030 096 203 122 234 174 191 193 225
0031 098 204 122 236 173 191 192 225
