0000 101 205 125 236 184 196 206 230
0001 104 203 131 239 182 193 210 233
0002 184 197 205 230 104 206 131 239
0003 104 207 130 239 184 197 207 232
0004 099 205 126 239 192 186 225 224
0005 105 149 142 188 201 133 234 167
0006 197 059 223 099 108 066 142 122
0007 182 035 205 067 117 029 146 074
0008 168 036 203 074 109 033 138 069
0009 111 029 139 073 181 028 209 062
0010 179 030 213 068 115 032 146 067
0011 184 030 209 068 111 029 150 070
0012 178 029 212 065 105 031 143 075
0013 178 030 212 068 111 039 141 086
0014 183 031 208 063 113 030 141 069
0015 175 037 208 078 117 043 144 085
0016 161 056 194 091 110 058 149 103
0017 152 084 189 119 111 091 153 137
0018 156 119 192 155 116 131 159 164
0019 113 174 148 209 172 175 199 202
0020 110 196 137 230 177 186 200 219
0021 094 198 118 235 179 200 203 232
0022 097 204 124 237 182 198 205 231
