0003 161 216 209 239
0004 164 198 214 239
0005 151 176 200 238
0006 135 127 182 189
0007 128 083 173 135
0008 114 033 149 090
0009 112 024 144 086
0010 093 014 139 076
0011 094 006 138 071
0012 097 007 140 064
0013 114 009 138 043
0014 118 009 155 058
0015 131 017 174 060
0016 132 021 178 060
0017 133 019 173 058
0018 129 021 170 056
0019 122 017 160 058
0020 112 016 154 062
0021 110 015 141 061
0022 109 010 138 068
0023 110 003 144 062
0024 118 005 150 062
0025 120 009 157 063
0026 132 010 157 057
0027 132 011 162 065
0028 134 011 175 064
0029 137 014 182 067
0030 131 012 172 064
0031 122 012 157 068
0032 117 011 146 064
0033 096 010 135 059
0034 085 011 132 068 252 196 307 239
0035 086 011 129 062
0036 089 008 132 059
0038 254 202 303 239
0039 126 008 167 067 260 197 305 239
0040 126 012 171 073 258 201 303 239
0041 127 034 167 088
0042 136 079 166 136 256 202 305 239
0043 148 154 185 223
0044 163 199 202 239
0045 172 216 215 239
0046 177 216 219 239
