0000 078 203 117 239 169 204 212 238
0001 079 179 120 238 169 204 210 238
0002 173 205 212 239 079 161 129 202
0003 172 205 211 238 077 142 135 188
0004 082 137 136 183 171 208 209 238
0005 171 207 212 239 081 134 127 177
0006 176 205 213 239 085 131 129 180
0007 176 204 211 239 080 130 132 178
0008 173 201 213 239 081 129 141 174
0009 171 204 212 239 078 127 142 174
0010 170 204 213 239 094 128 146 171
0011 176 205 213 239 098 129 148 170
0012 170 206 211 239 102 128 156 170
0013 173 208 213 239 108 126 162 168
0014 174 203 212 239 113 122 164 163
0015 118 120 176 163 169 207 210 239
0016 127 118 186 160 171 208 213 238
0017 172 208 211 239 135 121 190 161
0018 177 206 210 239 138 119 185 162
0019 177 206 216 239 138 119 187 163
0020 176 209 211 239 145 117 194 162
0021 178 208 210 239 148 118 212 159
0022 176 204 210 239 162 121 230 164
0023 175 207 217 239 165 125 232 163
0024 175 207 211 239 167 122 217 164
0025 173 207 218 239 173 118 215 158
0026 173 202 209 239 171 117 227 164
0027 170 203 211 239 169 127 217 168
0028 164 200 207 238 159 124 206 162
0029 163 190 204 232 138 139 187 180
0030 163 184 199 231 132 149 175 188
0031 160 190 197 234 111 157 161 197
0032 160 187 196 230 098 169 142 208
0033 158 190 194 233 086 183 128 227
0034 155 192 195 229 078 198 120 235
0035 073 196 118 237 155 189 197 228
0036 161 194 194 229 083 209 124 239
0037 161 192 195 230 084 204 124 238
0038 155 190 195 230 083 204 124 238
0039 081 205 126 239 157 198 198 229
0040 159 195 194 229 081 205 125 239
