0000 106 213 148 239
0001 105 209 143 239
0002 104 206 143 239 028 206 065 239
0003 108 199 140 239 031 187 073 235
0004 104 174 143 230 033 170 077 224
0005 097 163 141 224 038 153 083 211
0006 092 153 139 216 045 148 083 204
0007 089 148 139 205 049 141 093 197
0008 092 140 136 199 058 142 097 201
0009 055 140 102 198 090 140 137 195
0010 061 140 103 196 092 139 136 194
0011 061 139 104 196 092 140 135 194
0012 062 142 105 196 087 138 130 193
0013 053 142 096 198 090 142 130 195
0014 059 140 099 197 089 143 130 196
0015 063 144 103 196 089 142 129 195
0016 064 142 102 199 089 140 129 195
0017 058 143 099 198 089 146 129 201
0018 097 157 136 212 046 158 086 221
0019 101 165 139 226 039 163 080 233
0020 106 178 145 239 021 180 068 238
0021 110 191 149 239 025 189 070 239
0022 107 201 145 239
0023 023 200 061 239
0024 029 195 070 239
0025 025 200 071 239 106 205 144 239
