0000 195 166 217 198 126 156 149 189
0001 194 170 217 203 129 155 152 184
0002 196 172 216 203 143 175 170 212
0003 145 172 171 201 195 168 217 198
0004 143 160 174 191 195 172 215 201
0005 147 149 183 180 199 169 217 198
0006 195 171 215 201 151 144 195 173
0007 196 171 216 201 153 133 192 166
0008 198 170 218 203 148 130 186 159
0009 137 120 176 152 195 170 218 198
0010 114 113 160 148 195 170 216 200
0011 088 101 144 139 196 171 217 202
0012 074 093 133 132 196 171 217 202
0013 072 082 118 120 195 171 216 202
0014 087 077 138 119 195 169 215 200
0015 084 072 136 116 195 171 216 201
0016 090 073 134 117 195 169 216 201
0017 092 072 138 116 196 169 216 199
0018 090 074 132 113 195 170 215 199
0019 195 170 216 199 091 075 130 115
0020 195 169 215 198 098 086 127 125
0021 103 102 143 137 196 169 216 200
0022 110 122 145 152
0023 115 141 150 175
0024 125 166 150 198 196 170 216 199
0025 128 180 150 212 196 174 217 203
0026 128 181 149 214 197 174 218 203
0027 197 176 218 205 132 182 155 214
