0000 061 207 094 238
0001 062 206 097 238
0002 061 206 099 238
0003 061 207 098 237
0004 060 209 098 239
0005 060 207 099 239
0006 060 206 100 238
0007 060 207 100 238
0008 061 207 099 239
0009 061 206 098 239
0010 060 206 100 239
0011 061 206 096 239
0012 061 204 097 238
0013 061 207 097 238
0014 061 206 098 238
0015 058 204 101 238
0016 060 206 097 239
0017 060 207 098 238
0018 061 208 096 239
0019 061 208 094 238
0020 061 207 096 238 121 200 171 239
0021 061 207 092 237 118 167 169 216
0022 061 207 096 238 114 152 175 209
0023 059 206 095 237 112 125 171 180
0024 059 203 095 236 111 116 165 177
0025 060 204 096 236 112 106 160 171 153 089 223 140
0026 060 205 096 236 112 095 161 167
0027 060 203 098 236 105 098 163 154
0028 107 096 158 170 059 203 095 235
0029 104 107 160 167 060 204 098 237
0030 102 107 156 178 060 205 097 238 157 073 220 131
0031 060 203 096 237 105 114 159 174 156 075 224 133
0032 059 204 100 238 105 114 159 176 157 071 216 133
0033 058 203 099 236 111 118 153 182 160 071 222 132
0034 058 203 100 236 106 116 161 176 163 072 217 130
0035 060 205 099 237 112 112 153 187 160 069 222 133
0036 060 205 098 236 104 114 161 174 159 070 222 132
0037 059 205 099 237 104 114 158 174 158 071 221 132
0038 101 115 158 174 060 204 099 237 152 073 220 131
0039 104 114 160 172 060 204 099 237 159 070 222 132
0040 103 114 155 173 060 205 100 238 158 071 216 129
0041 103 113 154 182 059 208 098 239 160 070 218 131
0042 101 109 156 180 060 207 099 238 155 074 222 134
0043 108 117 156 184 060 206 098 238 155 071 214 129
0044 103 110 158 177 060 207 099 238 153 070 215 130
0045 106 111 155 181 059 207 098 239 152 073 216 134
0046 108 115 152 185 060 207 098 239 155 070 219 131
0047 106 109 156 179 060 206 099 238 148 071 217 135
0048 109 108 155 183 154 071 216 133 061 206 100 237
0049 107 114 157 183 060 206 099 238 154 073 215 131
0050 061 207 099 237 102 113 164 173 151 074 216 133
0051 061 207 098 238 107 111 159 184 159 072 222 131
0052 061 207 100 237 110 115 153 181 151 076 218 130
0053 107 111 154 185 060 208 099 238 158 077 224 132
0054 061 207 097 238 106 134 157 186
0055 059 208 098 239 102 166 165 213
0056 060 207 093 238 106 188 161 227
0057 060 207 096 239 108 214 162 239
0058 059 206 096 239
0059 059 203 099 236
0060 062 207 097 237
0061 061 207 097 238
0062 060 206 099 238
0063 061 207 097 238
0064 061 207 096 238
0065 059 207 097 239
