0003 176 204 215 239
0004 069 162 135 204 156 164 207 220
0005 143 110 205 140 062 115 140 152
0006 138 091 196 124 058 097 123 141
0007 062 093 123 133
0008 062 094 128 131 139 087 196 123
0009 061 094 130 132 138 087 197 123
0010 058 094 131 132 138 092 197 124
0011 146 090 211 125 054 101 124 137
0012 032 101 103 137 179 091 237 123
0013 017 112 088 152 208 087 254 124
0014 019 112 091 152 206 089 252 127
0015 017 114 094 152 201 088 253 124
0016 203 089 253 124 017 109 091 148
0017 204 088 248 127 018 112 090 150
0018 194 090 250 125 023 122 098 159
0019 195 085 245 127 042 129 114 172
0020 190 084 235 128 054 138 126 178
0021 175 076 227 123 082 150 160 192
0022 158 072 212 114 099 162 183 200
0023 146 066 198 111 117 160 206 198
0024 137 060 190 105 113 151 198 187
0025 130 061 196 103 108 148 196 183
0026 126 071 188 119
0027 119 134 186 183
0028 129 142 188 196
0029 133 126 184 167 108 164 200 199
0030 129 099 191 134 113 162 196 197
0031 125 064 191 110 119 162 200 200
0032 130 058 189 107 116 163 180 201 151 154 204 202
0033 132 076 187 117 117 158 183 196
0034 117 146 201 193 135 127 181 175
0035 116 154 185 207
0036 114 154 188 207
0037 125 150 186 206
0038 119 154 191 208
0039 126 151 187 206
0040 120 155 191 208
0041 137 152 186 202 114 176 194 224 070 186 127 237
0042 144 181 189 233
0043 167 217 203 239
