0002 039 214 083 239 150 208 189 239
0003 026 179 077 229 144 207 181 239
0004 024 157 079 215 140 202 185 239
0005 017 137 074 190 132 200 175 239
0006 020 126 079 177 132 187 176 239
0007 024 123 084 180 130 183 171 228
0008 025 122 090 180 126 174 168 213
0009 026 126 089 180 120 161 167 212
0010 034 129 087 179 107 152 163 202
0011 032 123 086 179 111 150 152 196
0012 031 124 084 182 113 151 151 195
0013 099 137 145 190 032 125 087 179
0014 096 133 147 185 034 127 086 185
0015 032 126 087 185 107 141 146 187
0016 031 125 086 185 105 139 148 191
0017 031 128 083 184 076 139 130 189
0018 031 128 082 184 079 139 128 187
0019 033 130 083 185 083 137 129 189
0020 034 127 083 186 080 132 123 186
0021 052 127 121 181
0022 041 133 104 187
0023 045 130 097 186
0024 050 133 100 189
0025 036 133 092 186
0026 022 130 088 185
0027 023 135 077 189
0028 025 133 079 191
0029 020 134 079 194
0030 024 137 076 198
0031 037 149 103 206
0032 067 164 121 218 037 175 072 231
0033 104 183 154 239 043 214 076 239
0034 137 202 182 239
0035 147 200 196 239
