0000 100 218 150 239 045 217 082 239
0001 100 212 141 239 035 189 087 237
0002 090 183 140 225 049 165 095 213
0003 051 166 117 209
0004 066 118 110 156 068 162 119 202
0005 059 106 106 154
0006 055 122 102 167
0007 062 143 110 181 068 099 120 139
0008 070 102 122 146 064 141 115 175
0010 060 105 107 144 074 147 128 187
0011 056 124 097 169
0012 062 158 116 198 065 111 119 150
0013 059 104 119 149 069 163 121 206
0014 063 111 125 155
0015 049 133 122 178
0016 066 105 109 152 067 165 119 206
0017 071 141 120 190 047 170 114 216
0018 079 178 122 228
0019 043 196 088 239 089 196 130 238
0020 045 210 087 239 092 210 132 239
0021 094 209 134 238 040 215 089 239
0022 091 210 134 239 040 211 086 239
0023 095 210 133 238 043 217 081 239
0024 089 209 133 238
0025 091 209 132 238
