0000 095 204 120 238 170 190 193 231
0001 096 205 121 239 171 191 194 232
0002 096 205 121 239 171 192 194 232
0003 096 205 120 238 176 188 199 226
0004 095 204 123 238 184 164 217 203
0005 094 205 120 238 190 132 226 165
0006 095 205 119 239 196 073 225 120
0007 094 204 121 239 183 039 220 081
0008 094 204 120 239 178 032 214 070
0009 092 203 122 239 194 023 218 055
0010 094 204 120 239 193 021 228 059
0011 094 206 119 239 192 023 228 061
0012 093 206 119 239 191 022 227 061
0013 092 202 117 237 198 026 226 070
0014 093 206 119 239 190 023 226 061
0015 093 206 120 239 191 027 217 056
0016 093 205 119 236 177 041 213 076
0017 092 204 117 235 169 068 208 103
0018 092 206 115 237 176 132 204 164
0019 094 204 119 239 175 174 198 204
0020 093 206 116 237 172 190 196 226
0021 093 204 118 238 181 191 201 227
0022 092 202 118 239 181 189 202 228
0023 095 204 120 237 179 194 199 230
0024 094 207 120 239 170 194 193 226
0025 094 206 121 239 172 191 192 224
