0000 184 206 204 239 108 204 130 234
0001 189 204 210 239 108 201 130 234
0002 112 206 132 238 196 204 222 239
0003 111 202 131 235 220 193 256 225
0004 112 204 132 235 232 167 283 199
0005 241 142 291 175 109 196 133 234
0006 245 097 299 131 110 203 129 237
0007 108 199 131 236 234 047 288 089
0008 112 204 131 236 218 014 253 055
0009 109 201 130 234
0010 108 196 131 232
0011 110 201 128 234 127 017 172 068 114 008 143 037
0012 110 201 132 235 088 024 126 061
0013 111 203 131 235 085 044 125 075
0014 112 202 132 235 080 074 119 102
0015 111 202 131 234 079 087 116 114
0016 107 197 128 234 076 096 113 124
0017 107 197 127 234
0018 107 203 130 239 110 142 139 164
0019 109 200 129 235 127 169 165 196
0020 156 185 184 218 107 205 127 239
0021 164 192 195 231 109 200 128 234
0022 175 198 205 237 108 203 125 235
0023 180 206 212 239 104 197 128 235
0024 109 207 127 238 184 207 208 239
0025 183 202 206 236 108 205 126 237
0026 184 206 205 239 107 204 126 235
0027 184 208 204 239 107 206 125 237
0028 183 207 204 239 107 205 127 237
0029 182 207 203 239 107 206 126 238
0030 182 207 203 239 107 206 125 237
0031 182 202 205 237 107 206 125 237
0032 183 206 204 239 107 206 125 237
0033 182 208 204 236 107 206 125 237
0034 183 203 204 237 107 206 125 237
0035 183 205 203 239 098 194 131 236
