0001 147 220 174 239
0003 166 203 200 239
0004 179 170 220 201
0005 209 152 252 189
0006 211 177 254 221
0007 176 188 211 230
0008 157 120 204 173
0009 175 108 227 150
0010 182 196 218 232
0011 168 199 195 239
0012 138 132 178 179
0013 198 119 235 157
0015 136 193 175 230
0017 193 125 232 162 161 113 208 150
0018 182 199 214 239
0019 147 202 176 239
0020 136 124 173 170
0021 204 116 241 157 162 110 218 148
0023 152 205 190 239
0025 144 132 180 179 150 148 195 204
0026 179 190 219 235 156 139 194 199
0027 181 203 217 238
0030 144 223 171 239
0031 142 218 166 239
0032 142 219 164 239
0034 142 222 164 239
0035 142 222 163 239
0036 137 221 161 239
