0000 167 200 188 233 089 198 108 234
0001 087 199 109 237 165 198 186 235
0002 168 199 185 230 088 199 106 234
0003 086 195 108 233 159 201 187 238
0004 084 190 103 219 163 197 185 235
0005 170 164 190 198 075 169 098 198
0006 170 131 195 154 063 128 100 158
0007 061 085 093 127 177 086 202 127
0008 181 052 205 103 065 056 098 101
0009 181 030 208 082 065 036 100 083
0010 072 036 101 083 180 029 208 081
0011 068 033 106 080 182 024 209 076
0012 069 032 105 081 182 024 209 078
0013 070 033 104 078 182 028 208 077
0014 070 035 104 080 183 029 207 076
0015 178 027 203 077 070 033 106 080
0016 075 033 110 079 175 026 202 079
0017 170 029 195 081 081 035 109 076
0018 167 028 193 079 086 034 110 077
0019 083 030 118 077 163 029 187 079
0020 092 035 118 079 158 031 183 079
0021 092 033 121 080 156 032 180 076
0022 095 035 120 079 149 030 174 081
0023 099 035 124 077 150 035 175 086
0024 100 033 126 077 146 036 170 084
0025 097 032 131 078 140 033 166 086
0026 145 033 168 085 105 035 129 076
0027 145 036 169 086 106 034 129 075
0028 141 033 165 083 103 037 127 073
0029 145 040 169 093 106 039 128 079
0030 138 048 169 092 105 044 130 082
0031 140 059 175 114 103 066 128 097
0032 142 081 181 130 100 084 136 120
0033 143 124 181 154 101 128 138 160
0034 099 145 134 178 146 141 182 167
0035 152 162 177 190 099 163 134 201
0036 151 179 185 217 100 181 119 216
0037 096 190 117 224 162 193 183 224
0038 091 190 117 228 167 193 188 223
0039 092 193 116 230 166 193 187 223
0040 093 196 114 232 167 193 187 227
0041 091 195 114 231 166 193 186 227
