0000 099 203 163 239
0001 105 208 161 239
0002 106 203 166 239
0003 103 206 161 239
0004 256 199 307 239 105 208 161 239
0005 215 133 267 192 107 206 165 239
0006 195 113 247 171 102 206 161 239
0007 164 105 219 158 106 202 164 238
0008 149 106 212 155 105 202 165 238
0009 150 103 205 150 104 203 164 239
0010 146 103 209 147 107 203 166 237
0011 149 102 211 149 106 209 166 239
0012 150 103 213 149 107 206 167 239
0013 147 097 210 148 106 202 164 238
0014 149 103 215 148 107 202 166 238
0015 148 103 214 148 107 203 165 238
0016 149 103 215 149 106 202 165 238
0017 151 103 218 149 102 203 161 239
0018 154 103 212 150 100 207 160 239
0019 170 111 229 158 102 203 162 239
0020 199 118 253 174 100 206 166 239
0021 268 183 307 237 103 207 162 239
0022 104 207 167 239
0023 102 205 166 239
0024 106 203 164 239
0025 108 207 162 239
0026 110 207 165 239
0027 108 206 163 239
0028 108 202 163 238
0029 107 206 160 239
0030 105 205 161 239
0031 105 205 160 239
0032 107 202 162 238
