0003 114 206 151 239
0004 123 202 161 239
0005 132 187 166 239
0006 143 165 185 213
0007 160 140 201 192
0008 169 122 215 167
0009 175 111 220 155
0010 182 090 232 130
0011 187 075 240 113
0012 190 067 241 108
0013 196 067 248 106
0014 193 068 244 106
0015 193 062 245 103
0016 197 064 246 106
0017 194 064 246 105
0018 199 064 253 106
0019 194 063 247 106
0020 199 063 252 102
0021 194 066 246 105
0022 200 061 250 101
0023 195 065 250 103
0024 196 063 249 103
0025 196 063 247 103
0026 197 063 250 102
0027 195 063 247 103
0028 195 061 246 102
0029 203 066 253 106
0030 184 076 233 118
0031 175 097 222 139
0032 168 114 211 160
0033 155 141 194 189
0034 142 159 183 209
0035 132 170 172 221
0036 118 176 155 229
0037 115 202 150 239
0038 112 213 150 239
0039 113 213 153 239
0040 119 213 154 239
0041 117 213 153 239
0042 115 215 156 239
