0000 059 146 106 203 146 149 194 204
0001 056 148 111 202 156 149 203 206
0002 056 147 107 202 154 146 200 209
0003 056 151 107 204 151 151 199 205
0004 055 149 106 204 148 149 197 200
0005 056 146 108 201 147 153 187 202
0006 061 150 105 204 152 145 203 207
0007 060 150 108 203 152 151 198 207
0008 057 148 109 198 150 153 190 203
0009 057 151 110 200 147 149 195 203
0010 055 150 108 203 153 155 198 207
0011 056 151 106 204 139 148 196 197
0012 056 149 105 205 150 122 192 163
0013 055 151 108 202 151 081 193 130
0014 054 149 103 204 152 058 197 114
0015 055 151 107 204 142 043 192 091
0016 055 151 109 202 137 035 193 073
0017 058 149 107 202 131 041 190 078
0018 055 150 104 203 131 046 185 100
0019 056 151 109 205 135 051 180 119
0020 056 151 105 206 142 057 186 127
0021 057 147 105 201 149 053 187 133
0022 060 149 109 201 147 055 193 129
0023 055 150 109 203 140 055 186 122
0024 057 148 108 201 139 055 184 122 152 050 201 085
0025 060 151 110 204 150 050 197 097
0026 055 152 109 204 149 049 188 137
0027 055 151 110 200 150 059 188 134
0028 056 148 107 201 146 059 183 139
0029 060 149 108 202 138 061 177 133
0030 056 153 109 203 144 061 181 139
0031 057 151 103 202 146 065 186 145
0032 056 151 105 204 151 067 190 142
0033 058 147 103 199 130 075 176 141
0034 061 151 108 204 140 070 177 139
0035 054 148 106 199 143 067 177 144
0036 056 147 104 201 143 067 181 155
0037 057 151 108 204 142 067 178 151
0038 055 150 106 200 137 066 184 143
0039 057 149 111 202 135 074 176 145
0040 061 151 106 204 145 079 178 141
0041 054 151 106 200
0042 060 153 109 204
0043 062 153 110 203 143 112 186 169
0044 058 148 109 201
0045 054 152 110 205
0046 061 149 110 203 137 148 187 199
0047 056 151 110 201 152 149 202 199
0048 055 152 108 202 150 155 197 200
0049 061 151 109 201 157 154 204 204
0050 060 152 109 205 157 153 206 202
0051 060 151 109 204 160 150 208 202
