0008 061 211 092 239
0009 059 175 089 205
0010 057 137 095 182
0011 063 085 099 133
0012 078 042 108 092
0013 080 015 110 067
0014 082 006 109 042
0018 174 206 209 239
0019 180 182 212 223
0020 188 159 221 190
0021 181 133 220 170
0022 184 107 221 148
0023 179 072 223 112
0024 167 036 209 082
0025 154 020 201 060
0026 135 014 186 055
0027 124 013 179 050
0028 122 017 176 055
0029 127 017 172 054
0030 124 018 171 055
0031 126 017 171 054
0032 125 020 169 054
0033 124 020 169 053
0034 125 015 167 045
0035 139 016 182 049 091 006 129 034
0036 160 012 204 047 086 006 126 035
0037 177 011 220 054
0038 185 010 225 055 078 006 118 039
0039 178 009 222 049 088 008 125 037
0040 160 010 202 044 092 009 128 043
0041 143 016 185 049 095 008 132 038
0042 130 017 169 049 095 008 133 040
0043 126 017 173 056
0044 127 019 173 055 101 009 135 043
0045 127 018 171 055
0046 127 019 172 056
0047 128 018 173 049 102 007 133 042
0048 138 016 178 044 091 008 128 042
0049 152 011 196 046
0050 170 014 218 055
0051 178 015 221 059 093 006 120 041
0052 161 015 203 053 092 009 122 040
0053 154 017 194 054 101 007 129 041
0054 102 009 129 039 139 018 184 056
0055 130 022 174 055 106 006 132 047
0056 132 023 175 059 107 007 140 047
0057 129 026 175 061 107 007 140 044
0058 106 006 137 044 129 024 172 059
0059 105 007 145 045 128 025 173 062
0060 105 010 136 056 131 031 171 058
0061 092 032 123 079 137 059 190 100
0062 078 072 108 115 153 091 192 135
0063 161 169 197 210
0064 066 214 091 239
