0000 184 206 207 235 087 195 110 229
0001 184 203 210 239 089 199 113 232
0002 178 183 212 220 089 198 113 232
0003 090 197 113 231 167 162 204 189
0004 085 196 116 233 144 153 191 190
0005 085 196 116 232 126 149 165 178
0006 086 195 110 229 115 129 152 168
0007 085 194 110 228 128 118 172 167
0008 085 195 108 226 135 116 165 165
0009 087 189 114 226 153 108 195 160
0010 177 115 234 163 090 194 110 224
0011 191 112 252 162 090 192 113 227
0012 196 120 268 165 084 194 115 232
0013 202 115 272 161 084 195 114 231
0014 204 116 271 158 088 196 111 224
0015 200 112 261 162 090 195 114 229
0016 193 121 232 168 090 196 114 228
0017 189 133 222 170 087 200 109 229
0018 087 199 113 233 171 148 207 179
0019 088 195 110 224 170 152 206 183
0020 087 199 112 232 171 149 207 180
0021 171 145 218 177 083 195 114 231
0022 083 194 115 233 172 146 205 186
0023 088 198 112 232 126 157 168 193
0024 083 193 118 232 110 161 154 193
0025 087 190 112 226 106 147 144 182
0026 082 188 115 230 117 134 150 175
0027 086 190 114 228 129 122 165 165
0028 087 194 112 228 144 104 181 154
0029 085 194 110 225 154 099 202 153
0030 170 098 228 150 083 194 113 231
0031 180 104 236 155 085 192 112 228
0032 184 103 251 151 086 193 111 228
0033 195 105 270 154 085 195 113 230
0034 200 104 277 155 082 196 114 231
0035 211 105 284 155 084 194 114 232
0036 219 106 289 155 086 195 112 229
0037 217 110 291 157 088 193 112 228
0038 216 113 286 163 084 190 119 229
0039 208 121 272 168 085 190 119 230
0040 089 196 113 229 196 157 234 193
0041 186 178 220 227 084 194 116 233
0042 177 200 208 238 091 196 116 232
0043 183 208 211 239 092 196 116 231
0044 185 206 218 239 087 195 112 229
0045 189 211 222 239 088 196 112 230
0046 186 209 217 239 088 196 112 230
0047 184 205 211 239 091 198 111 228
0048 182 204 211 237 090 197 111 227
0049 184 205 213 239 091 196 114 228
