0000 026 221 072 239 156 206 197 239
0001 031 223 071 239
0002 030 221 077 239 155 218 194 239
0003 150 219 190 239 029 223 074 239
0004 160 200 200 239 027 219 079 239
0005 167 167 212 217 029 222 070 239
0006 180 137 220 183 029 221 070 239
0007 185 113 231 165 029 224 068 239
0008 191 096 237 150 028 222 076 239
0009 194 083 236 135 030 222 066 239
0010 196 072 236 130 031 223 067 239
0011 197 071 241 125 029 222 074 239
0012 198 069 244 120 029 222 074 239
0013 197 068 248 120 030 222 071 239
0014 197 068 246 120 029 222 070 239
0015 197 067 245 117 028 222 072 239
0016 194 066 242 117 029 222 074 239
0017 195 066 241 116 030 222 076 239
0018 195 061 241 116 031 223 067 239
0019 193 066 238 116 031 223 067 239
0020 191 062 235 114 032 224 067 239
0021 192 066 240 117 035 223 070 239
0022 191 063 236 115 035 221 071 239
0023 191 068 237 122 031 222 067 239
0024 193 067 238 117 029 222 075 239
0025 192 071 242 122 028 221 075 239
0026 193 069 242 117 032 222 067 239
0027 192 073 242 122 031 223 067 239
0028 197 069 244 116 032 223 066 239
0029 194 068 243 118 028 221 070 239
0030 197 072 244 118 027 222 071 239
0031 194 064 240 111 028 223 070 239
0032 196 069 247 115 031 222 074 239
0033 196 069 246 117 029 222 070 239
0034 197 069 244 118 028 222 072 239
0035 197 068 245 118 030 221 076 239
0036 194 069 242 117 028 221 070 239
0037 197 067 249 118 029 222 070 239
0038 197 067 246 117 030 222 072 239
0039 197 068 245 118 030 222 072 239
0040 195 068 242 114 028 222 072 239
0041 194 071 244 120 031 224 069 239
0042 195 071 240 122 033 223 069 239
0043 195 073 247 119 030 222 070 239
0044 195 068 241 114 033 224 067 239
0045 195 071 239 123 032 223 067 239
0046 194 069 241 115 029 221 071 239
0047 195 072 248 121 028 222 072 239
0048 194 070 242 117 029 222 071 239
0049 194 070 242 117 028 221 072 239
0050 196 071 240 123 031 222 067 239
0051 196 073 246 122 029 222 072 239
0052 198 070 245 120 029 221 071 239
0053 195 069 242 116 032 222 067 239
0054 195 069 241 115 027 222 071 239
0055 194 072 240 123 028 222 070 239
0056 194 072 240 123 031 224 066 239
0057 194 071 240 123 031 223 067 239
0058 194 072 240 123 032 223 066 239
0059 194 072 240 123 028 222 070 239
0060 192 071 242 123 029 223 071 239
0061 194 073 241 121 029 222 071 239
0062 190 082 235 131 029 223 075 239
0063 185 105 234 156 030 222 076 239
0064 180 142 221 202 031 224 067 239
0065 156 190 205 239 024 222 074 239
0066 151 213 184 239 024 221 074 239
0067 025 221 073 239
0068 025 221 073 239
0069 025 222 075 239
0070 025 222 074 239 152 214 194 239
0071 033 222 069 239
0072 031 223 067 239
0073 031 224 069 239
