0000 108 206 150 239 055 147 091 184
0001 110 201 151 239
0002 110 200 151 239
0003 111 200 151 239
0004 110 200 151 239
0005 110 201 151 239
0006 110 201 151 239 056 149 094 183
0007 110 200 152 239
0008 110 200 153 239
0009 110 200 153 239
0010 110 201 152 239 058 149 093 184
0011 114 199 154 239
0012 106 201 150 239
0013 106 201 150 239 059 150 088 182
0014 114 199 156 239 056 149 092 185
0015 114 200 157 239 055 152 092 182
0016 108 202 151 239
0017 106 202 152 239
0018 107 202 152 239
0019 106 202 152 239
0020 114 200 157 239
0021 106 202 151 239 057 146 093 180
0022 109 207 153 239 056 150 093 185
0023 107 203 151 239 055 150 093 186
0024 106 201 149 239
0025 106 206 147 239
0026 107 201 149 239
0027 107 201 149 239 054 152 094 185
0028 103 208 147 239 058 146 093 179
0029 106 167 154 198 058 153 088 184
0030 103 137 151 167 050 149 087 184
0031 108 095 143 145
0032 108 068 154 134 056 151 091 185
0033 101 053 142 125
0034 101 054 150 116
0035 100 044 144 117
0036 100 039 147 110
0037 100 041 147 110
0038 100 044 143 115 055 154 092 184
0039 100 047 144 117
0040 105 043 149 115 056 147 091 188
0041 104 046 143 118
0042 103 045 144 119
0043 103 046 143 117
0044 102 046 143 118
0045 102 042 144 111
0046 105 046 147 117
0047 102 053 141 126
0048 105 125 143 155
0049 101 179 140 220 051 149 090 184
0050 109 194 147 239 051 150 089 182
