0000 086 213 125 239
0001 086 193 133 239 233 201 267 239
0002 084 145 135 212
0003 090 109 135 158 229 199 269 239
0004 089 087 134 125
0005 084 085 137 151
0006 080 082 136 156
0007 075 081 129 164
0008 056 080 109 133
0009 031 037 091 110 233 198 269 239
0010 033 050 092 110
0011 233 199 272 239 041 079 102 136
0012 061 092 119 165 228 203 271 239
0013 067 098 118 163
0014 058 098 109 177 232 202 271 239
0015 031 093 085 143 226 202 271 239
0016 015 050 075 116 231 202 269 239
0017 039 077 093 123
0018 069 099 116 178
0019 066 096 124 178
0020 062 107 117 186
0021 041 103 094 157
0022 021 068 070 138
0023 021 069 077 128
0024 022 079 090 123 230 199 271 239
0025 035 098 100 143
0026 053 108 106 166
0027 071 120 120 189
0028 076 133 128 199
0029 079 148 137 216
0030 086 170 140 238
0031 089 187 139 239
0032 092 200 130 239
0033 089 197 126 239
0034 090 216 123 239
0035 090 215 128 239
