0002 072 212 108 239
0003 075 213 116 239
0004 076 207 118 239 170 220 213 239
0005 079 201 125 239 166 214 212 239
0006 083 199 124 239 169 218 214 239
0007 082 195 128 238 166 214 212 239
0008 082 192 127 239 170 216 214 239
0009 083 190 131 239 173 209 220 239
0010 079 181 134 238 175 203 220 239
0011 178 180 232 239 077 164 130 231
0012 191 143 242 204 085 136 139 209
0013 185 124 242 192 082 124 144 193
0014 187 086 233 172 090 105 151 172
0015 184 076 226 164 098 089 153 161
0016 178 070 219 152 104 078 164 153
0017 171 066 216 148 107 069 164 162
0018 109 076 162 159 161 073 214 161
0019 101 075 162 138 164 082 207 154
0020 162 089 206 186 101 077 161 141
0021 163 092 208 184 114 087 164 189
0022 166 102 209 189 115 091 165 200
0023 159 119 214 188 106 090 156 161
0024 160 116 213 200 112 106 163 214
0025 162 116 208 195 106 098 158 173
0026 160 117 208 196 112 104 162 218
0027 162 117 204 208 112 109 164 224
0028 162 113 206 207 112 109 165 224 098 095 154 163
0029 161 119 209 208 107 108 161 218
0030 163 118 209 207 109 107 162 216
0031 162 116 207 198 107 110 161 222 093 091 150 154
0032 162 112 207 205 107 108 158 225 094 091 151 155
0033 161 118 211 209 109 111 166 223
0034 162 116 212 200 112 111 164 219 094 094 155 158
0035 163 116 212 199 111 097 161 197
0036 163 107 207 189 110 111 168 216 101 094 152 157
0037 162 107 208 190 112 103 163 212 141 145 178 221
0038 161 105 209 189 109 106 161 210 136 141 177 223
0039 162 111 206 196 111 106 163 217 093 091 153 153
0040 160 104 208 188 111 095 164 206
0041 161 099 205 165 110 092 160 182
0042 158 085 200 151 103 091 150 174 130 116 169 179
0043 155 092 201 162 094 108 150 176
0044 150 112 210 175 081 132 150 191
0045 152 156 206 209 077 173 135 230
0046 149 165 206 224 083 180 130 239
0047 150 209 196 239 076 212 121 239
0048 087 219 113 239
