0000 188 202 228 236 113 217 150 239
0001 187 200 228 234 113 217 150 239
0002 186 200 228 236 113 217 149 239
0003 186 196 228 235 113 216 150 239
0004 187 196 229 234 114 217 150 239
0005 188 194 225 234 114 217 149 239
0006 193 189 227 229 114 216 149 239
0007 199 171 237 214 114 216 150 239
0008 210 161 261 209 113 220 154 238
0009 213 165 263 209 113 220 153 238
0010 220 173 268 219 112 220 153 238
0011 218 171 269 218 112 219 153 237
0012 219 174 268 221 113 217 151 237
0013 213 176 268 222 109 207 150 239
0014 215 176 268 222 113 203 154 239
0015 214 176 265 222 118 177 169 222
0016 211 175 262 222 126 155 175 194
0017 206 173 256 217 140 124 201 172
0018 205 173 255 213 152 136 219 175
0019 200 158 252 204 166 155 220 196
0020 197 164 254 202 163 163 218 204
0021 201 167 252 204 164 163 215 205
0022 205 168 254 207 164 167 212 208
0023 205 173 254 211 165 168 215 212
0024 199 173 250 216 168 171 211 211
0025 195 172 247 212 164 172 213 215
0026 195 173 247 213 164 172 214 216
0027 195 172 248 212 163 172 213 215
0028 198 172 251 214 164 172 215 215
0029 204 171 247 209 163 168 216 212
0030 199 165 251 206 167 157 212 197
0031 207 172 254 208 155 140 218 178
0032 206 169 254 209 153 126 212 165
0033 205 169 253 209 157 133 214 175
0034 206 167 247 208 158 151 210 192
0035 194 168 247 210 160 163 220 203
0036 200 171 248 210 163 170 219 211
0037 199 174 248 215 167 173 207 213
0038 194 177 246 218 167 175 210 218
0039 195 179 247 215 167 173 207 219
0040 197 176 248 215 167 175 211 218
0041 201 178 249 217 161 173 213 218
0042 196 169 245 210 159 173 211 212
0043 192 171 243 214 151 171 212 214
0044 134 177 204 221 211 169 236 212
0045 125 193 183 237 200 171 236 215
0046 119 201 177 239 197 179 230 220
0047 112 209 157 239 189 187 232 229
0048 191 190 227 234 106 216 146 239
0049 191 191 227 235 106 216 146 239
0050 191 193 227 234 106 217 147 239
0051 192 196 227 235 105 217 148 239
0052 191 196 227 235 104 216 147 239
0053 191 196 227 235 105 216 147 239
0054 192 194 226 236 105 216 147 239
0055 191 195 226 236 104 216 147 239
0056 191 196 225 236 105 216 147 239
0057 191 196 225 236 105 216 148 239
0058 191 196 226 237 105 216 148 239
