0008 159 201 206 239
0009 152 171 198 227
0010 139 147 187 199
0011 128 120 175 174
0012 130 093 183 152
0013 153 087 208 137
0014 183 077 238 127
0015 203 080 249 136
0016 205 088 248 156
0017 188 100 234 169
0018 170 105 212 172
0019 140 102 180 164
0020 125 099 173 153
0021 128 090 175 141
0022 130 086 187 135
0023 153 083 203 130
0024 179 087 223 140
0025 185 098 226 163
0026 180 110 224 170
0027 168 119 211 177
0028 163 126 210 180
0029 163 138 213 193
0030 160 172 213 223
0031 159 203 211 239
