0007 134 188 164 233
0008 129 160 160 206
0009 124 143 162 190
0010 116 137 160 182 073 180 121 215 107 187 139 219
0011 091 152 150 192
0012 100 136 150 184
0014 088 143 156 183
0015 098 133 154 176
0016 112 151 162 191
0017 092 133 152 175
0018 085 143 153 184
0019 096 135 152 180
0020 103 139 152 180 067 156 118 196
0021 088 134 150 175
0022 088 146 157 187
0023 093 152 155 201
0024 099 167 134 212
0025 125 192 165 227
0027 088 187 137 231
0028 061 197 092 232
0029 060 198 093 232
0030 048 202 104 233
