0004 067 214 115 239
0005 046 171 094 219
0006 042 105 085 168
0007 051 061 091 132
0008 054 041 094 115
0009 059 030 095 104
0010 063 024 098 097
0011 060 029 097 097
0012 061 030 098 097
0013 061 030 099 099
0014 061 028 099 099
0015 062 027 100 100
0016 062 028 100 099
0017 060 028 101 099
0018 060 028 099 099
0019 062 031 099 101
0020 062 031 099 102
0021 062 033 101 103
0022 062 033 101 103
0023 062 034 101 103
0024 062 033 101 101
0025 062 034 101 101
0026 063 038 101 109
0027 074 074 114 144
0028 081 126 115 184
0029 088 185 126 224
0030 091 211 132 238
