0000 104 214 138 238
0001 108 214 143 239
0002 108 210 137 237
0003 105 206 134 239
0004 103 195 139 235 163 216 207 239
0006 098 153 139 188 163 217 209 239
0007 084 140 113 171
0008 052 132 105 174 163 217 208 239
0009 024 142 094 179
0010 030 147 096 184 164 223 208 239
0011 060 148 102 182 164 223 208 239
0012 059 137 102 169 164 215 209 239
0013 034 125 090 170
0014 013 146 085 182
0015 031 156 087 201
0016 054 148 095 182
0017 030 130 084 170 164 216 210 239
0018 013 146 088 186 171 215 212 239
0019 038 160 088 201 172 220 207 238
0020 052 161 092 189 171 221 206 239
0021 042 143 090 181 166 223 210 239
0022 027 157 091 194 171 220 206 238
0023 062 164 097 196 166 215 210 239
0024 062 146 100 185 175 218 207 237
0025 042 157 098 191 174 214 212 239
0026 048 170 097 222 174 219 208 237
0027 077 171 115 204 174 215 212 239
0028 079 161 121 192 174 219 207 237
0029 057 150 108 185 174 215 212 239
0030 052 160 097 206 173 214 212 239
0031 074 173 106 216 174 219 207 237
0032 077 169 107 196 173 215 212 239
0033 060 163 110 198 175 219 207 237
0034 066 171 111 220 175 220 208 237
0035 074 178 113 224 174 215 212 239
0036 079 180 123 228 173 220 210 238
0037 085 183 125 230 176 210 213 236
0038 087 183 133 226 176 210 213 236
0039 094 186 136 227 174 221 210 238
0040 110 198 138 235 175 219 206 238
0041 118 200 151 235
0042 124 208 155 239
0043 125 208 161 236
0044 128 209 164 236
0045 135 213 163 239
0046 130 210 161 239
0047 130 210 161 239
0048 129 209 165 239
0049 129 209 166 239
0050 133 211 170 239
0051 132 212 170 239
0052 129 209 166 239
0053 130 210 166 237
0054 129 209 166 239
0055 129 210 166 239
0056 129 209 165 239
0057 129 210 166 239
0058 129 210 166 239
