0006 012 216 039 239 104 217 134 239
0007 095 209 136 238 013 199 052 238
0008 034 159 076 200 093 164 140 208
0009 060 123 093 168 092 126 124 173
0010 064 118 100 160 093 116 124 159
0011 069 112 111 154 093 108 125 152
0012 072 111 118 155
0013 071 107 108 150 095 108 124 153
0014 099 107 122 155 073 106 110 151
0015 075 106 104 148 097 100 128 151
0016 099 104 124 150 072 102 109 146
0017 099 105 124 150 072 103 109 146
0018 075 107 104 149 096 101 128 151
0019 099 106 124 151 071 108 101 146
0020 096 103 129 152 075 107 110 150
0021 096 112 126 158 075 111 103 154
0022 056 136 095 177 091 139 133 185
0023 039 169 084 223 092 177 138 230
0024 024 200 062 239 095 214 135 237
0025 015 212 054 239
0026 012 212 048 239
0027 021 215 056 239
0028 018 216 053 239
0029 021 216 053 239
0030 022 216 054 239
