0010 109 196 154 239 094 213 132 239
0011 050 207 101 239
0012 108 198 164 238 015 180 091 213
0013 103 176 162 217 007 161 087 194
0014 110 154 160 199 008 139 073 173
0015 096 143 160 186 009 119 071 160
0016 116 139 170 181 012 109 062 152 089 139 132 183
0017 115 134 176 177 007 106 056 145 057 129 119 174
0018 126 134 181 177 011 103 045 139
0019 134 134 186 178 010 107 045 145
0020 131 135 186 179 012 109 043 145
0021 131 141 188 185
0022 135 142 188 187 007 115 051 153
0023 139 143 190 187 007 118 046 153
0024 137 146 192 188 007 121 053 158
0025 139 145 188 191 011 120 044 159
0026 138 146 189 193 012 124 044 158
0027 139 148 193 191 011 123 047 160
0028 138 147 193 192 013 127 044 159
0029 142 149 193 192 014 129 044 160
0030 138 147 195 193 012 125 045 158
0031 127 149 190 192 012 124 047 159
0032 131 149 190 191 012 123 046 159
0033 139 147 193 192 012 123 047 158
0034 140 146 193 192 007 121 059 158
0035 138 147 192 191 006 123 058 159
0036 127 149 190 191 012 120 061 159
0037 129 149 189 191 011 125 044 159
0038 132 151 191 197 012 129 045 165
0039 130 165 183 213 006 134 054 171
0040 111 188 166 233 005 152 045 182
0042 045 210 110 239
0043 122 219 166 239
