0000 132 204 183 239
0001 144 207 184 239
0002 134 203 183 239
0003 146 144 185 188
0005 173 026 215 090
0006 196 010 229 065
0007 201 006 233 059
0008 201 008 234 059
0009 199 008 229 061
0010 178 010 208 064
0011 165 020 200 077
0012 192 023 223 078
0013 201 024 243 080
0014 193 034 228 090
0015 171 054 208 098
0016 174 059 211 106
0017 188 057 229 110
0018 197 068 239 113
0019 188 074 227 120
0020 175 092 206 131
0021 170 097 202 137
0022 168 092 200 132 050 216 106 239
0023 160 081 191 126 062 168 101 205
0024 077 115 114 166 154 073 187 121
0025 094 090 130 141 154 075 187 122
0026 116 101 173 154 170 081 206 132
0027 123 103 183 157 180 096 225 149
0028 131 090 186 153 186 093 232 147
0029 188 093 234 147 133 088 194 152
0030 191 092 237 145 135 087 190 148
0031 194 093 238 144 138 089 189 152
0032 192 088 232 149 138 086 192 153
0033 189 095 238 152 139 087 191 153
0034 136 090 189 151 192 094 237 144
0035 125 099 185 154 185 100 235 148
0036 114 114 172 168 176 115 217 156
0037 095 156 141 192 169 150 208 197
0038 153 185 195 235 059 191 112 236
0039 033 222 070 239
