0000 202 157 238 197
0001 196 156 238 192
0002 200 154 240 194
0003 201 151 240 191 118 220 161 239
0004 209 152 239 190 125 221 170 239
0005 209 150 242 192 122 219 182 239
0006 127 192 176 238 209 153 239 197
0007 207 153 247 192 124 164 177 203
0008 209 154 243 193 120 126 178 168
0009 204 157 245 197 109 079 180 132
0010 108 061 180 120 202 154 243 196
0011 206 156 244 193 108 039 168 111
0012 206 155 244 196 100 042 180 105
0013 200 152 242 191 107 044 176 100
0014 206 152 244 193 105 050 171 100 140 049 183 077
0015 106 053 170 102 200 153 241 193 143 048 182 079
0016 103 045 176 103 200 155 240 194
0017 107 043 178 104 198 152 241 191
0018 205 156 245 196 105 052 178 104 144 049 183 078
0019 206 157 241 196 108 050 176 101 145 049 183 079
0020 201 153 244 193 109 048 177 098 142 044 188 074
0021 108 046 176 100 206 153 246 191
0022 113 046 177 099 207 153 239 191
0023 109 052 176 104 199 158 240 194
0024 200 153 242 192 115 052 182 104
0025 118 086 185 132 208 152 246 186
0026 203 151 243 195 128 145 190 194
0027 202 154 244 190 137 197 185 239
0028 207 149 241 191 116 206 172 239
0029 204 146 243 189
0030 205 150 245 190
0031 202 146 242 189
0032 200 151 241 191
0033 202 149 242 190
0034 201 148 240 193
