0005 204 216 236 239
0007 181 222 230 239
0008 163 207 223 239
0009 153 193 214 233
0010 139 175 212 218
0011 133 164 206 207
0012 135 164 205 210
0013 129 154 203 198
0014 128 148 199 193
0015 131 143 200 191
0016 134 134 197 186
0017 132 139 200 192
0018 131 141 199 190
0019 129 144 200 191
0020 130 142 199 188
0021 129 142 200 190
0022 130 142 199 190
0023 130 142 200 190
0024 135 142 205 188
0025 135 138 201 189
0026 134 138 197 189
0027 134 138 199 190
0028 134 138 198 191
0029 134 142 197 193
0030 135 143 203 191
0031 133 141 206 189
0032 135 143 205 191
0033 133 147 204 193
0034 134 161 206 204
0035 137 178 207 228
0036 159 203 210 239
0037 186 207 229 239
