0000 189 207 221 239
0001 194 209 220 239
0002 193 206 221 239
0003 192 209 224 239
0004 193 208 221 239 114 122 149 153
0005 194 208 222 239 114 122 148 153
0006 195 211 222 239 113 123 150 156
0007 194 208 223 239 115 119 147 150
0008 194 176 219 210 119 121 144 151
0009 192 120 226 159 113 120 146 152
0010 185 071 222 101 118 124 144 150
0011 184 056 222 087 114 124 150 152
0012 178 057 218 086
0013 179 053 217 084
0014 182 055 223 086
0015 180 053 217 083
0016 178 052 216 081
0017 177 052 217 082
0019 180 053 216 085 115 121 148 148
0020 182 058 220 087
0021 180 083 224 113 110 121 145 155
0022 196 134 229 164
0023 201 187 229 230 114 122 147 150
0024 200 205 224 239 114 120 149 156
0025 195 207 223 239 114 117 149 152
0026 193 211 228 239 118 123 144 154
