0009 126 212 184 239
0010 097 173 164 210
0011 065 154 154 191
0012 058 151 144 190
0013 095 156 168 206
0014 137 167 205 213
0015 196 161 279 216
0016 221 153 287 218
0017 231 145 289 226
0018 199 155 292 207
0019 137 144 206 190
0020 102 135 187 178
0021 095 129 177 171
0022 078 125 164 164
0023 083 126 170 167
0024 091 128 177 166
0025 109 132 193 177
0026 133 135 213 182
0027 166 136 228 185
0028 206 137 287 188
0029 213 134 299 186
0030 205 141 290 194
0031 202 150 274 202
0032 184 161 239 214
0033 164 190 216 239
0034 159 214 216 239
