0001 040 217 087 239 149 209 184 239
0002 045 173 093 221
0003 055 117 100 182
0004 066 087 105 168
0005 067 067 107 148
0006 074 060 117 138 141 203 184 239
0007 076 061 119 131 135 191 180 239
0008 076 050 112 138 131 131 178 174
0009 077 051 113 130 130 090 172 145
0010 077 053 120 128 126 091 169 136
0011 077 049 119 130 123 083 171 129
0012 074 053 120 133 114 075 163 130
0013 072 052 114 128 111 075 163 124
0014 106 074 153 120 074 054 114 134
0015 102 068 150 122 074 061 113 132
0016 098 069 138 119 076 048 122 131
0017 086 056 139 116
0018 080 056 132 115 108 092 169 162
0019 076 057 123 113 101 093 162 161
0020 069 055 119 112 100 090 163 160
0021 066 056 110 113 089 085 153 152
0022 062 059 110 112 092 090 153 166
0023 051 055 104 110 081 090 147 161
0024 045 061 099 114 083 088 136 159
0025 043 058 088 107 081 077 137 164
0026 044 062 081 112 074 081 131 152 074 050 101 091
0027 032 061 077 114 068 086 133 154 078 054 104 094
0028 039 078 080 127 074 091 133 178
0029 085 119 147 203 056 113 105 170
0030 084 174 130 219 114 163 168 235 051 154 089 196
0031 042 192 086 238 110 205 163 239
0032 040 215 087 239 145 206 184 239 142 156 185 187
0033 037 221 083 239 145 213 185 239
0034 145 212 185 239
