0006 172 198 218 239
0007 147 174 211 217
0008 132 151 192 191
0009 107 137 158 174
0010 078 133 145 165
0011 057 125 136 160
0012 033 117 115 155
0013 027 124 103 156 077 116 135 168
0014 026 119 098 148
0015 024 112 099 146
0016 024 116 100 148
0017 039 117 118 148
0018 049 119 129 150 090 113 152 167
0019 072 119 145 156
0020 106 122 159 153 142 114 192 171
0021 144 118 196 160
0022 155 124 222 161
0023 177 124 255 159
0024 189 112 270 153
0025 202 115 282 155
0026 206 117 287 153
0027 204 111 284 153
0028 186 117 259 157
0029 173 124 250 160
0030 148 125 215 161
0031 138 119 188 160
0032 111 122 166 160
0033 092 120 145 153 113 112 169 166
0034 076 119 149 157
0035 057 113 121 149
0036 048 107 121 144
0037 043 105 117 141
0038 042 104 117 140
0039 044 104 115 143
0040 052 111 128 145 095 112 154 161
0041 082 120 139 151 109 110 165 170
0042 096 124 148 155
0043 118 126 185 166
0044 148 131 213 167
0045 177 125 245 164
0046 194 121 263 163
0047 202 122 275 168
0048 213 139 277 178
0049 211 150 268 199
0050 203 176 254 238
0051 186 202 230 239
