0000 137 201 183 237 081 213 125 239
0001 143 201 189 236 081 213 125 239
0002 140 198 189 237 081 213 125 239
0003 145 193 190 239 082 213 124 239
0004 182 170 214 201 082 211 123 239
0005 204 132 246 172 077 212 127 239
0006 229 111 264 158 081 211 123 239
0007 248 089 286 143 082 213 124 239
0008 255 080 296 137 081 212 123 239
0009 262 086 298 137 077 213 128 239
0010 264 110 304 153 077 214 128 239
0011 266 110 304 159 083 214 123 239
0012 262 093 299 140 081 212 121 239
0013 259 072 294 124 081 214 127 239
0014 262 074 296 122 082 212 122 239
0015 262 086 300 137 082 210 121 239
0016 264 101 304 153 079 213 131 239
0017 263 092 304 136 079 213 129 239
0018 257 069 295 125 082 212 126 239
0019 260 066 299 121 082 212 126 239
0020 260 089 302 135 081 212 126 239
0021 263 107 304 152 081 212 126 239
0022 260 114 303 157 081 207 128 239
0023 261 114 299 160 081 207 129 239
0024 260 118 301 161 081 207 129 239
0025 262 114 301 159 082 211 126 239
0026 259 117 301 162 082 211 125 239
0027 255 115 302 165 082 211 124 239
0028 235 121 288 172 081 211 125 239
0029 223 146 261 183 081 210 124 239
0030 081 210 125 239 202 162 239 196
0031 173 185 213 219 078 214 129 239
0032 146 190 187 226 083 211 124 239
0033 139 195 186 233 081 210 124 239
0034 141 197 187 235 083 208 123 239
0035 139 197 187 235 084 209 124 239
0036 139 200 185 237 084 212 123 239
0037 139 196 189 234 084 212 123 239
