0000 095 189 133 221 143 188 188 234
0001 096 188 134 222 143 188 187 233
0002 093 186 133 221 149 177 190 214
0003 161 159 201 198 086 171 125 200
0004 168 147 217 179 070 146 124 174
0005 168 134 224 173 068 134 115 162
0006 169 127 228 160 069 127 128 161
0007 077 120 145 150 159 121 222 156
0008 080 121 146 150 161 128 222 154
0009 065 128 121 162 187 131 248 166
0010 039 129 097 168 203 132 271 172
0011 033 132 096 174 205 132 270 167
0012 191 137 249 174 052 134 105 171
0013 067 133 129 170 172 140 230 173
0014 165 141 222 176 075 137 135 174
0015 069 140 123 176 173 140 232 173
0016 201 143 267 181 031 139 088 176
0017 205 138 275 174 024 135 084 176
0018 050 138 101 176 191 145 256 177
0019 178 145 238 181 066 142 118 176
0020 172 146 228 183 070 143 126 178
0021 191 150 249 181 054 144 112 181
0022 196 146 260 183 041 145 094 178
0023 204 146 273 182 030 146 085 183
0024 196 146 260 180 035 144 092 179
0025 182 146 248 181 054 145 102 178
0026 173 149 233 183 065 146 120 179
0027 174 152 238 184 065 147 114 183
0028 176 152 235 186 062 147 112 183
0029 170 153 229 192 067 148 111 186
0030 170 154 229 196 067 149 109 187
0031 174 153 223 195 071 157 110 190
0032 079 165 120 198 161 163 212 204
0033 089 175 127 211 155 171 199 211
0034 099 182 134 226 146 181 193 224 135 203 177 239
0035 146 184 189 218 098 182 136 228 134 204 177 239
0036 140 183 195 223 100 186 138 232 136 204 180 239
0037 098 186 140 230 147 181 191 218
0038 097 186 138 228 146 185 189 215
0039 099 187 137 227 144 184 185 216
0040 101 189 140 226 146 182 189 217
0041 143 183 184 220 101 188 142 233 141 204 175 239
0042 146 179 188 214 101 191 139 229
0043 099 189 142 231 139 186 190 221
0044 099 189 141 232 139 185 190 221
0045 102 191 143 231 140 184 191 218
0046 101 191 140 233 146 186 191 214
