0000 118 207 138 236 182 209 199 239
0001 121 205 144 239 183 209 201 239
0002 121 207 144 239 183 210 202 239
0003 122 206 144 235 182 204 202 237
0004 121 206 146 239 186 205 205 237
0005 197 190 231 231 130 199 164 238
0007 230 107 260 144
0008 226 071 251 108
0009 210 044 231 078
0010 185 024 222 071
0011 186 027 208 058
0012 181 023 207 055
0013 173 022 210 062
0014 173 022 210 062
0015 182 026 206 055
0016 181 027 207 056
0017 187 028 209 062
0018 186 032 208 062 097 165 126 197
0019 180 027 215 068 072 176 096 210
0020 181 027 215 066 061 175 097 214
0021 181 027 216 068 062 176 096 213
0022 191 029 214 069 069 175 095 214
0023 181 026 216 067 071 180 096 218 168 220 188 239
0024 183 029 209 065 074 183 098 218
0025 074 189 100 226 187 053 216 107
0026 085 193 111 227
0027 100 201 122 231 179 188 199 224
0028 107 202 130 237 181 209 201 237
0029 113 207 133 237
0030 119 206 142 239
0031 118 208 140 237
0032 118 207 139 238
0033 118 204 139 239
0034 115 201 136 236
0035 116 206 138 234
0036 118 206 139 236
0037 114 202 136 238
0038 114 203 135 238
0039 114 201 135 236
0040 114 202 135 237
0041 116 205 138 238
0042 114 203 135 238
0043 113 201 134 236
0044 115 202 136 236
0045 115 203 135 235
0046 115 204 135 236
0047 115 205 136 236
0048 114 204 134 236
0049 113 206 134 237
0050 112 204 132 233
0051 112 199 135 235 173 212 193 239
0052 112 199 135 235 175 203 196 235
0053 111 201 132 235
0054 111 196 134 235
