0000 141 205 162 239 221 216 246 239
0001 218 217 249 239 138 205 158 235
0002 134 210 155 239 219 215 251 239
0003 219 215 250 239 128 203 163 239
0004 131 197 164 238 219 219 251 239
0005 140 173 173 219 218 215 250 239
0006 221 214 249 239 150 152 188 193
0007 162 128 201 159 218 214 248 239
0008 220 214 250 239 164 111 220 137
0009 220 214 249 239 172 100 228 126
0010 219 219 250 239 174 099 229 124
0011 214 214 246 239 179 093 230 120
0012 220 214 248 239 176 093 230 122
0013 218 212 245 239 176 093 231 122
0014 218 214 252 239 175 096 230 123
0015 218 215 247 239 174 094 231 122
0016 222 213 251 239 175 095 231 122
0017 174 096 230 122 221 212 250 235
0018 219 214 246 239 178 094 232 121
0019 219 214 246 239 174 096 232 122
0020 220 216 249 239 174 097 231 122
0021 222 211 250 239 177 096 233 123
0022 219 212 251 239 175 094 233 122
0023 218 210 251 239 173 100 233 126
0024 218 216 247 239 169 117 226 145
0025 165 136 216 165 220 215 247 239
0026 221 210 249 239 150 179 179 216
0027 221 215 248 239 143 199 170 235
0028 221 210 250 239 128 207 151 237
0029 219 217 247 239 130 212 151 239
0030 218 218 248 239 135 212 151 239
0031 218 213 246 239
0032 217 218 249 239 138 211 159 239
0033 217 219 248 239 139 211 159 239
0034 219 214 250 239 136 211 157 239
