0000 124 217 149 239
0001 132 213 156 239
0002 217 220 249 239
0003 225 221 246 239 140 212 159 239
0004 131 210 162 239
0005 133 211 163 239 213 214 245 239
0006 132 207 166 239 216 214 241 239
0007 129 196 151 236 219 214 241 239
0008 107 169 145 208
0009 096 147 136 178
0010 088 135 128 164
0011 074 119 115 151 226 224 249 239
0012 056 107 109 143 228 221 253 239
0013 051 109 104 141 228 224 249 239
0014 051 097 108 133 226 222 251 239
0015 059 101 112 136 224 222 245 239
0016 064 102 114 137 225 221 245 239
0017 067 101 119 137
0018 069 103 119 137
0019 072 102 117 137 088 106 163 141 227 223 250 239
0020 069 105 120 139
0021 069 107 119 142 226 224 250 239
0022 066 111 116 145
0023 067 109 118 143
0024 067 105 118 142
0025 068 103 117 139
0026 070 101 118 136 218 217 254 239
0027 070 101 118 135 218 224 249 239
0028 071 102 126 138
0029 064 105 117 139 223 221 245 239
0030 065 104 116 139
0031 068 107 121 141 223 219 248 239
0032 067 107 120 142
0033 072 104 124 142 222 221 249 239
0034 065 110 118 144 221 224 249 239
0035 065 106 115 142 225 219 251 239
0036 065 107 115 142
0037 067 111 119 144 223 221 246 239
0038 079 118 124 151 221 219 248 239
0039 089 141 126 175 223 218 248 239
0040 222 217 246 239 110 174 136 213
0041 114 201 148 239 220 221 242 239
0042 136 219 165 238 222 219 246 239
0043 143 213 165 239 216 224 245 239
0044 130 215 153 239 225 221 247 239
