0000 064 207 103 239 127 208 180 239
0001 063 207 103 239 128 211 176 239
0002 059 208 103 239 128 211 176 239
0003 059 209 103 239 127 211 178 239
0004 064 208 104 239 131 210 185 239
0005 063 206 101 239 137 209 187 239
0006 060 209 104 239 126 217 183 239
0007 059 209 103 239 136 209 188 239
0008 059 208 104 239 130 209 185 239
0009 131 204 188 239 059 209 103 239
0010 125 194 177 239 065 209 104 239
0011 064 208 103 239 130 179 190 234
0012 125 161 195 211 065 208 101 239
0013 124 144 195 187 066 208 104 239
0014 121 126 195 167 059 206 105 239
0015 115 110 197 152 061 207 105 239
0016 061 207 099 239 109 107 189 146
0017 061 208 104 239 114 100 195 140
0018 114 109 197 147 063 208 104 239
0019 060 206 100 239 113 107 196 146
0020 066 206 100 239 107 114 191 151
0021 059 206 106 239 111 116 195 153
0022 065 205 105 239 110 116 194 153
0023 064 206 104 239 111 111 194 151
0024 060 205 104 239 105 110 193 149
0025 064 206 104 239 105 112 186 150
0026 106 110 187 146 065 208 104 239
0027 104 108 188 145 065 207 104 239
0028 065 207 104 239 102 107 187 145
0029 107 111 194 147 064 208 104 239
0030 065 208 103 239 102 109 195 146
0031 064 207 102 239 104 105 190 142
0032 064 206 103 239 103 112 192 147
0033 064 208 103 239 104 112 197 147
0034 063 207 104 239 103 111 192 147
0035 059 206 099 239 104 111 190 147
0036 108 105 191 144 065 208 101 239
0037 065 208 101 239 108 110 196 147
0038 106 105 189 144 065 207 102 239
0039 107 104 191 144 065 208 102 239
0040 106 104 191 144 065 208 102 239
0041 108 108 191 144 065 208 102 239
0042 065 208 102 239 109 103 197 143
0043 060 207 103 239 109 106 196 144
0044 060 207 104 239 110 107 195 144
0045 061 207 099 239 110 106 193 144
0046 061 207 099 239 110 106 193 144
0047 066 208 102 239 110 106 195 145
0048 064 205 102 239 111 106 190 145
0049 064 205 104 239 111 108 192 149
0050 058 206 104 239 111 108 188 149
0051 064 206 103 239 111 108 191 149
0052 059 206 104 239 112 109 191 149
0053 062 206 103 239 113 111 190 153
0054 113 125 190 165 064 206 104 239
0055 123 155 183 208 064 206 103 239
0056 065 205 099 239 139 194 184 239
0057 063 205 104 239 136 206 181 239
