0000 079 214 104 238 171 200 205 230
0001 080 215 105 239 176 177 209 225
0002 080 215 105 239 183 176 208 210
0003 179 159 214 194 084 214 107 236
0004 182 153 210 185 080 215 106 239
0005 177 125 211 169 079 213 104 239
0006 079 215 104 237 174 092 207 132
0007 073 213 097 239 176 049 198 082
0008 176 021 200 055 064 210 094 239
0009 175 004 201 041 064 212 088 237
0010 172 000 197 029 064 211 088 237
0011 062 209 090 239 171 001 196 031
0012 061 210 087 239 172 001 196 030
0013 060 211 085 238 170 001 196 029
0014 054 208 083 239 173 001 196 023
0015 171 003 196 036 055 206 081 239
0016 056 209 083 235 177 035 201 070
0017 061 206 088 239 181 085 208 124
0018 060 203 090 239 184 120 212 160
0019 059 198 089 239 182 122 210 160
0020 060 197 086 237 180 120 208 159
0021 061 202 086 235 181 119 211 155
0022 063 203 092 239 180 118 209 153
0023 073 202 101 239 180 119 207 155
0024 076 203 103 239 177 120 207 154
0025 074 203 105 239 175 122 210 157
0026 076 206 106 239 172 138 206 172
0027 076 208 106 239 168 148 209 189
0028 078 209 106 239 164 158 206 203
0029 084 207 109 236 164 180 206 229
0030 083 210 107 239 169 195 198 238
0031 085 207 111 239
0032 086 208 111 239
0033 085 208 110 239 170 208 200 239
0034 084 210 108 239 176 205 200 236
0035 084 211 108 239 168 203 200 239
0036 084 210 108 239 176 205 201 236
0037 084 210 108 239 176 205 199 236
