0007 149 204 200 239
0008 153 192 206 239
0009 166 184 222 237
0010 173 184 227 234
0011 159 188 213 238
0013 089 169 172 209
0014 118 164 190 208
0015 135 170 205 219
0016 118 170 199 214
0017 096 163 163 207
0018 127 169 196 209
0019 160 163 212 220
0020 119 167 184 216
0021 105 162 173 215
0022 124 166 200 215
0023 160 166 215 220
0024 126 169 195 216
0025 104 167 166 212
0026 115 171 183 211
0027 153 162 213 217
0028 131 161 206 218
0029 107 166 174 226
0030 107 166 177 219
0031 150 166 205 224
0032 159 166 210 218
0033 115 171 183 220
0034 115 171 176 219
0035 122 172 182 228
0036 137 203 189 239
