0000 134 208 158 239
0001 130 200 152 234
0002 134 205 155 239
0003 133 204 155 237
0004 133 205 156 237
0005 137 204 160 237 208 196 228 231
0006 143 194 169 229 205 176 228 214
0007 184 136 210 171 151 178 187 216
0008 158 104 198 133 175 153 217 183
0009 190 109 231 142 158 085 190 114
0010 141 079 179 111 192 089 232 123
0011 138 085 179 118 197 080 232 116
0012 135 087 175 121 192 088 231 121
0013 138 104 173 131 193 104 228 136
0014 133 101 174 131
0015 139 084 180 117
0016 140 081 180 111
0017 139 087 178 118
0018 132 099 175 130 188 107 227 140
0019 134 103 172 131 186 109 224 141
0020 130 098 172 127 184 105 223 137
0021 132 087 173 118 188 096 227 126
0022 143 077 180 108
0023 138 085 182 125
0024 137 097 179 133 189 111 227 144
0025 144 117 191 148 182 138 220 171
0026 161 134 208 171 167 166 204 201
0027 149 187 179 224 187 161 215 197
