0000 106 202 152 239
0001 105 200 152 239 196 218 231 239
0002 098 193 143 239 197 214 236 239
0003 069 183 103 227 222 199 249 239
0004 055 188 089 233 221 195 252 237
0005 051 200 090 239 220 202 247 239
0006 068 213 098 238 214 209 241 239
0007 199 214 232 236 071 217 105 238
0008 193 211 231 239 063 224 104 239
0009 200 217 229 239 066 220 105 239
0010 195 215 234 238 071 222 096 239
0011 039 214 086 239 218 206 262 238
0012 020 202 073 239 224 184 275 234
0013 013 189 064 239 227 172 273 229
0014 016 183 065 235 226 167 278 223
0015 223 157 267 222 019 178 062 227
0016 213 155 256 216 027 171 072 221
0017 042 158 083 205 204 142 242 201
0018 055 129 099 182 190 119 224 173
0019 073 089 117 153 166 094 214 146
0020 085 075 137 134 160 078 204 132
0021 087 066 139 127 155 067 197 118
0022 150 064 195 112 091 061 143 117
0023 098 059 141 117 154 065 199 111
0024 155 063 198 113 093 062 141 117
0025 155 063 198 113 095 064 142 117
0026 155 063 198 113 096 062 144 116
0027 154 062 198 114 095 062 147 114
0028 097 063 144 116 154 062 198 114
0029 096 066 149 117 156 065 198 114
0030 097 069 143 119 162 067 202 120
0031 077 081 128 137 181 083 215 143
0032 062 097 112 155 189 098 227 148
0033 040 129 084 182 206 117 246 172
0034 031 144 068 199 214 130 257 185
0035 037 142 075 191 213 125 251 181
0036 052 123 082 167 207 113 241 170
0037 064 095 110 152 192 096 222 148
0038 176 074 212 130 080 069 129 138
0039 161 059 199 117 096 062 143 121
0040 098 061 147 117 159 056 197 113
0041 158 059 197 109 097 062 144 112
0042 157 060 195 109 099 065 148 116
0043 157 057 193 109 101 060 145 111
0044 097 060 146 112 157 057 193 109
0045 097 060 146 112 155 061 196 112
0046 098 061 147 112 157 059 194 110
0047 103 063 151 111 158 063 193 112
0048 149 069 189 107 110 077 147 108
0049 091 098 151 136 149 084 191 122
0050 142 102 198 136 099 121 148 176
0051 149 116 195 154 088 155 131 205
0052 144 115 197 153 089 161 135 211
0053 102 150 151 201 147 113 186 156
0054 109 145 154 199 141 114 191 155
0055 111 149 155 194 143 116 182 154
0056 111 146 155 193 136 117 181 159
0057 106 141 159 198 131 121 179 167
0058 105 133 169 192
0059 105 141 156 193
0060 090 145 150 213
0061 089 152 147 213
0062 091 153 143 210
0063 091 156 141 212
0064 093 156 141 211
0065 093 156 142 212
0066 091 158 139 213
0067 091 154 142 208
0068 092 152 143 209
0069 096 151 149 208
0070 093 151 146 210
0071 097 153 150 211
0072 094 155 150 210
0073 103 162 155 220
0074 109 164 160 216
0075 127 169 176 220 111 175 147 211
0076 139 173 191 225 107 186 142 227
0077 100 188 143 234 152 184 195 233
