0000 106 183 157 236 159 188 206 233
0001 099 186 157 238 158 195 201 235
0002 100 188 153 239 157 191 199 235
0003 097 189 150 238 152 185 201 233
0004 088 187 146 239 152 183 198 225
0005 082 183 145 233 148 176 200 222
0006 089 164 140 223 145 157 193 204
0007 100 077 146 132 147 081 189 136
0008 106 043 151 108 147 056 185 112
0009 107 017 150 083 150 028 184 090
0010 107 006 146 075 149 017 184 077
0011 106 003 141 070 147 015 186 075
0012 152 013 191 080 108 006 146 071
0013 108 008 149 070 154 012 191 074
0014 107 008 145 070 150 012 192 072
0015 150 014 192 074 104 012 152 070
0016 149 015 193 075 107 009 144 075
0017 152 017 190 075 109 014 154 072
0018 152 018 191 075 109 014 155 072
0019 150 018 194 075 106 009 149 077
0020 152 017 191 079 112 014 156 072
0021 152 017 192 080 109 017 154 074
0022 155 022 197 078 110 017 154 076
0023 153 020 199 079 108 013 147 075
0024 153 021 199 079 106 011 148 075
0025 156 025 199 081 103 012 143 077
0026 158 035 197 093 101 029 148 084
0027 151 056 193 109 096 070 151 118
0028 097 131 149 185 144 110 195 163
0029 149 164 195 223 093 173 150 230
0030 096 194 151 239 147 197 198 234
0031 149 205 199 238 091 208 142 237
