0008 156 205 193 236
0009 167 181 197 219
0010 163 126 208 182
0011 165 092 208 164
0012 168 077 207 150
0013 168 067 210 144
0014 169 061 212 141
0015 175 056 216 134
0016 175 050 217 131
0017 174 052 215 133
0018 173 049 217 131
0019 174 045 218 130
0020 174 047 217 130
0021 177 047 220 129
0022 172 056 220 130
0023 175 055 223 130
0024 176 052 218 135
0025 176 050 219 134
0026 177 053 217 135
0027 176 054 216 135
0028 177 054 220 134
0029 176 053 219 130
0030 176 054 218 134
0031 176 056 218 130
0032 176 056 219 131
0033 175 055 217 130
0034 175 057 219 135
0035 176 056 218 134
0036 179 054 219 131
0037 175 059 215 136
0038 174 057 219 131
0039 174 058 219 131
0040 174 058 219 131
0041 174 056 215 137
0042 174 055 216 136
0043 175 060 216 137
0044 175 059 215 137
0045 176 060 216 137
0046 176 061 215 137
0047 177 062 216 136
0048 178 058 217 135
0049 178 058 214 133
0050 182 061 222 137
0051 180 057 217 133
0052 180 058 218 134
0053 183 059 221 134
0054 182 058 218 133
0055 181 059 218 136
0056 181 059 223 138
0057 182 058 222 138
0058 181 059 223 137
0059 181 060 223 138
0060 181 057 219 134
0061 180 057 222 132
0062 182 055 223 131
0063 178 054 218 132
0064 182 057 223 131
0065 182 056 224 133
0066 183 056 224 134
0067 178 058 218 139
0068 171 076 216 150
0069 168 124 208 188
0070 162 192 195 236
