0020 064 220 092 239
0021 065 208 097 237
0022 062 179 100 213
0023 069 158 111 189
0024 069 151 117 184
0025 075 148 116 181
0026 075 151 112 186
0027 080 157 118 185
0028 078 156 117 185
0029 079 157 116 188
0030 076 162 113 188 123 219 170 239
0031 165 205 200 239 069 160 111 185
0032 200 132 231 190 064 155 109 193
0033 192 072 228 123 078 167 110 196
0034 076 166 117 196 168 044 198 093
0035 074 162 119 194 130 049 173 096
0036 083 165 120 197 111 076 164 118
0037 097 095 142 128 081 163 124 197
0038 082 162 129 191 092 116 133 152
0039 087 143 124 186
0040 089 139 126 190
0041 089 140 127 187
0042 087 141 128 188 101 132 153 167
0043 089 144 128 189 101 129 160 166
0044 090 144 129 189
0045 089 143 129 188
0046 088 141 130 189
0047 098 143 152 182 074 176 115 204
0048 067 192 091 225 120 176 163 218
0049 054 211 081 239
