0000 160 196 189 235 069 216 092 239
0001 162 206 185 235 067 213 094 239
0002 170 195 197 238 065 214 090 239
0003 175 175 202 220 069 217 091 239
0004 173 158 207 198 066 211 092 239
0005 165 137 200 166 067 219 088 239
0006 150 116 199 147 067 213 086 238
0007 124 100 184 125 066 212 092 239
0008 112 090 170 118 066 211 092 239
0009 103 086 155 113 063 215 094 239
0010 101 084 139 107 065 220 089 239
0011 100 080 136 108 060 213 091 239
0012 102 085 137 107 059 213 093 239
0013 064 211 093 239 104 085 136 107
0014 064 210 092 239 110 080 167 109
0015 144 073 187 103 062 215 086 239
0016 055 207 089 239 170 075 214 102
0017 060 212 086 239 181 081 218 113
0018 062 208 087 239 178 081 219 111
0019 058 213 090 239 179 080 214 109
0020 060 211 089 239 176 080 219 112
0021 071 209 095 236 172 082 216 111
0022 067 211 095 239 172 083 216 112
0023 069 215 094 239 169 085 214 111
0024 071 213 094 239 170 088 214 118
0025 065 213 097 239 174 092 216 132
0026 066 213 098 239 174 112 209 148
0027 067 215 097 239 171 159 205 200
0028 176 176 205 228 069 215 095 239
