0000 098 203 115 235 174 206 194 238
0001 098 201 116 235 175 207 193 235
0002 176 208 196 239 099 203 119 237
0003 098 202 119 235 182 178 213 222
0004 098 204 118 235
0005 096 202 116 235 194 076 225 120
0006 098 201 118 235 180 041 205 081
0007 098 200 119 235 170 041 205 079
0008 097 200 116 232 161 041 195 074
0009 099 203 119 236 164 040 190 070
0010 099 201 119 234 164 041 199 077
0011 169 044 204 083 099 200 122 236
0012 177 049 203 094 097 205 118 236
0013 098 202 117 234 185 102 219 141
0014 099 199 118 234 181 164 216 215
0015 182 204 200 239 099 199 118 235
0016 099 203 119 236 174 204 191 235
