0000 134 216 158 239
0001 134 210 159 239
0002 131 211 158 239
0003 130 210 157 237
0004 130 214 155 239
0007 100 193 132 232
0008 085 171 126 211
0009 071 120 114 162
0010 069 077 112 128
0011 075 047 113 106
0012 077 039 118 100 238 219 268 239
0013 081 038 123 095 237 223 266 239
0014 081 040 127 097
0015 081 039 128 099 236 220 268 239
0016 084 039 128 097 237 219 267 239
0017 083 038 126 095 238 219 268 239
0018 084 037 127 096
0019 082 033 127 094 241 222 267 239
0020 083 037 126 092 237 221 263 239
0021 084 036 125 093 240 223 265 239
0022 087 033 124 095 240 223 265 239
0023 087 033 125 099
0024 089 031 124 097 236 222 262 239
0025 089 032 123 087 239 224 264 239
0026 088 030 124 086 234 218 267 239
0027 087 029 124 090
0028 089 031 123 087 236 220 268 239
0029 089 029 124 087 232 219 267 239
0030 086 032 121 093
0031 088 030 127 093 240 224 262 239
0032 088 030 127 093 233 219 267 239
0033 088 031 127 091 240 222 265 239
0034 090 031 123 091 237 221 268 239
0035 088 031 125 089 237 221 268 239
0036 087 030 126 091 237 222 262 239
0037 088 031 125 091 235 221 268 239
0038 087 031 126 091 236 220 268 239
0039 086 031 124 097 237 222 263 239
0040 082 045 117 099 236 221 268 239
0041 078 106 117 144
0042 088 145 126 190 241 223 267 239
0043 103 182 138 229 241 216 265 239
0044 110 198 143 239
0045 124 210 152 239 239 223 262 239
0046 129 211 159 239
0047 135 210 160 239 241 222 267 239
0048 138 210 159 238 236 221 269 239
0049 136 211 162 239 236 221 268 239
0050 136 210 162 239
0051 138 214 165 239 240 224 268 239
0052 138 208 164 239 236 220 268 239
0053 137 216 161 239
