0000 157 154 176 184 106 158 125 189
0001 100 144 121 178 158 140 179 173
0002 097 134 119 167 163 128 185 162
0003 171 125 193 160 088 130 109 164
0004 090 111 118 152 167 116 206 150
0005 152 078 191 116 105 075 135 110
0006 101 046 127 096 168 036 193 081
0007 106 012 130 050 161 025 184 053
0008 161 024 182 058 104 009 129 052
0009 107 015 131 050 160 025 183 060
0010 154 025 178 049 107 018 133 045
0011 107 016 132 052 157 023 181 059
0012 106 017 133 053
0013 107 017 132 051
0014 158 025 183 061 107 017 131 050
0015 104 025 129 057
0016 158 039 182 075
0017 142 066 179 097 104 062 132 093
0018 096 101 136 131 148 104 188 138
0019 108 135 132 163 151 132 177 163
0020 108 145 130 175 157 146 178 181
0021 107 150 129 182 154 154 173 188
0022 107 153 128 184 154 155 172 188
0023 107 153 128 184 154 155 172 187
0024 108 155 129 186 154 155 172 186
0025 106 152 126 183 155 154 173 186
