0000 059 147 117 197 151 149 193 217
0001 066 136 121 182 137 145 189 184
0002 123 123 174 168 069 127 127 167
0003 120 104 170 151
0004 118 090 171 143 085 093 131 143
0005 113 091 170 137
0006 109 094 167 139 089 100 134 143
0007 108 094 169 138
0008 110 087 164 136
0009 112 093 174 135
0010 095 088 164 134
0011 096 093 166 136 077 104 125 148
0012 099 091 169 137
0013 105 095 169 138
0014 112 091 164 136
0015 094 090 164 134
0016 103 083 157 131
0017 101 083 161 129
0018 103 080 158 128
0019 103 082 159 130
0020 102 078 160 125
0021 101 084 160 128
0022 109 094 173 134
0023 104 092 166 139 041 118 091 160
0024 099 093 169 136
0025 089 096 157 142
0026 108 093 167 139
0027 099 097 172 141
0028 093 087 150 137
0029 096 088 165 136
0030 113 087 174 132
0031 098 087 157 133
0032 097 087 161 130
0033 095 080 163 130
0034 103 082 161 129
0035 098 086 167 130
0036 106 079 159 131
0037 116 081 170 133
0038 105 082 163 134
0039 117 094 177 136
0040 111 086 168 132
0041 105 087 165 133
0042 131 112 192 156
0043 130 131 184 183 073 135 121 175
0044 060 144 112 184
0045 059 140 111 180 149 163 195 213
0046 057 143 106 187 161 160 197 212
0047 046 144 101 185 156 162 201 213
