0004 168 189 207 225
0005 160 121 200 168
0006 155 049 187 102
0007 148 041 180 094
0008 142 049 177 092
0009 143 055 177 092
0010 149 054 176 095
0011 149 047 179 095
0012 151 055 191 111
0013 157 106 202 162 163 136 191 175
0014 161 144 201 187
0015 162 146 202 186
0016 158 117 201 166
0017 152 064 196 120
0018 151 037 183 087
0019 148 042 176 087
0020 140 053 172 090
0021 141 055 175 090
0022 144 053 171 095
0023 145 050 171 094
0024 142 053 174 090
0025 148 051 176 097
0026 150 068 186 119
0027 162 160 202 196
0028 169 214 202 239
0029 175 215 197 239
