0007 083 173 158 228 066 172 111 232
0008 110 123 176 176 058 095 104 156 079 136 126 195
0009 049 064 106 138 120 092 196 148
0010 042 057 096 128 128 080 201 136
0011 042 057 095 128 120 086 197 143
0012 053 051 103 125 108 090 195 144
0013 078 046 137 113 114 089 191 142
0014 120 088 194 138
0015 119 086 183 141 172 042 208 103
0016 119 088 186 142 165 043 205 107
0017 168 038 206 109 119 092 191 144
0018 162 043 203 105 127 093 191 148
0019 120 102 186 155 150 057 195 113
0020 110 124 179 178
0021 101 161 175 214
0022 095 185 171 239
