0000 103 202 132 239 149 210 182 239
0001 102 203 131 239 148 212 181 239
0002 102 202 132 239 145 210 179 239
0003 102 202 132 238 143 209 179 239
0004 103 205 133 239 147 207 184 239
0005 102 204 134 239 144 210 179 239
0006 098 201 136 235 148 210 173 239
0007 101 199 140 236 144 210 175 239
0008 105 191 138 232 147 204 179 236
0009 142 191 178 230 107 191 138 223
0010 108 176 138 213 142 174 175 213
0011 104 157 133 190 142 156 178 192
0012 095 143 132 177 143 141 180 172
0013 150 112 184 147 099 118 126 154
0014 157 091 190 126
0015 075 066 104 106 181 075 203 108
0016 202 060 227 100 060 049 085 090
0017 221 050 248 083 029 040 056 082
0018 236 033 279 085 007 026 031 078
0019 245 036 291 082
0020 250 046 305 082 008 061 048 100
0021 009 069 051 103
0022 008 071 049 105 257 061 300 088
0023 008 073 051 105
0024 254 056 307 087
0025 259 061 300 087
0026 259 060 299 087
0027 258 060 302 085
0028 258 060 298 085
0030 220 042 280 086 008 047 049 085
0031 218 023 266 066 006 014 050 060
0032 017 009 069 059 212 013 245 057
0033 210 011 245 058 024 007 083 057
0034 209 011 251 057 027 009 078 056
0035 012 008 058 047 210 016 252 056
0036 224 027 270 070 006 014 040 054
0037 246 033 286 069 010 031 058 079
0040 245 039 287 073
0041 216 030 269 070 009 022 033 058
0042 207 005 249 048 025 005 069 049
0043 198 007 243 056 035 008 078 050
0044 038 006 079 047 195 006 228 054
0045 035 005 078 043 200 007 232 050
0046 200 005 234 053 038 009 081 047
0047 195 008 228 054 035 008 086 052
0048 201 004 234 048 035 006 086 052
0049 202 007 238 051 031 005 075 041
0050 032 008 066 056 202 007 233 058
0051 033 009 064 064 206 005 235 047
0052 201 011 230 050 033 006 065 059
0053 197 025 231 061 046 017 073 059
0054 195 047 222 087 050 044 075 087
0055 058 077 096 128 184 071 217 112
0056 068 123 105 163
0057 171 146 207 183 081 152 114 190
0058 163 189 190 228 087 184 123 226
0059 158 201 187 235 094 202 121 239
0060 153 214 183 239 097 201 131 237
0061 152 214 180 239 096 200 128 237
