0000 245 213 272 239 139 218 164 239
0001 138 219 164 239 245 218 273 239
0002 137 214 160 239 244 220 270 239
0003 136 214 162 239 241 216 270 239
0004 122 213 158 239 243 215 273 239
0005 242 214 273 239 118 193 152 231
0006 107 171 143 204 240 219 269 239
0007 094 144 132 174 240 214 273 239
0008 088 103 125 145 242 215 270 239
0009 244 215 271 239 086 060 125 112
0010 093 028 129 081 242 210 273 239
0011 243 210 275 239 101 017 136 066
0012 105 014 143 063 240 212 272 239
0013 243 212 273 239 105 017 140 067
0014 108 019 143 062 247 219 275 239
0015 108 018 143 063 245 213 274 239
0016 108 018 143 063 244 213 275 239
0017 106 018 144 067 245 214 276 239
0018 108 018 143 062 243 212 274 239
0019 110 023 140 061 243 210 275 239
0020 244 210 274 239 108 018 143 063
0021 108 018 144 063 243 212 275 239
0022 107 019 145 067 244 210 278 239
0023 113 022 145 065
0024 110 020 141 058
0025 110 017 146 062 250 214 276 239
0026 109 019 141 062
0027 094 025 133 070
0028 246 213 275 239 081 060 115 118
0029 068 130 107 163 246 215 276 239
0030 085 177 114 218 250 215 277 239
0031 250 213 279 239 102 202 132 239
0032 114 199 141 236 246 213 277 239
0033 125 196 151 235 249 209 280 239
0034 135 199 153 236 249 212 274 239
0035 244 214 277 239 135 202 152 235
0036 136 205 153 231
0037 135 206 157 238
0038 131 204 154 235
0039 131 204 154 235
0040 134 204 152 235
0041 243 214 269 239 134 204 157 238
0042 244 215 271 239 133 203 156 237
0043 247 214 273 239 136 207 153 235
0044 247 214 276 239 136 207 153 235
0045 245 210 278 239 133 203 156 237
