0000 116 206 134 239 201 206 221 237
0001 116 206 133 237 201 205 222 237
0002 114 201 136 239 200 207 221 239
0003 113 206 134 236 200 207 221 239
0004 114 205 135 239
0005 185 204 220 239 118 206 141 239
0006 130 207 159 239 174 200 209 239
0007 141 176 183 225
0008 164 178 204 212 113 164 157 205
0009 168 166 224 202 103 162 145 206
0010 180 165 225 199 101 161 136 207
0011 187 166 227 198 098 155 135 202
0012 185 163 227 194
0013 185 162 228 193
0014 185 162 229 194
0015 184 163 225 197
0016 183 165 222 197
0017 182 168 222 201
0018 175 170 214 203
0019 118 157 153 194 169 179 196 210
0020 131 161 172 195
0021 166 171 199 206 135 184 160 220
0022 121 195 144 231 191 176 225 221
0023 110 201 132 231 202 195 229 235
0024 104 207 126 236 208 200 227 237
0025 199 207 216 235 111 205 129 236
0026 198 209 216 237 114 203 132 235
0027 201 208 218 239 117 206 137 234
0028 197 205 219 239 117 201 137 232
