0000 171 221 195 239 073 212 092 238
0001 182 144 226 190 069 215 088 239
0002 202 088 229 140 071 211 090 238
0003 195 071 230 125 071 210 091 238
0004 191 058 225 111 067 211 087 239
0005 194 058 221 108 067 211 087 239
0006 191 058 226 111 067 211 087 239
0007 192 058 228 112 066 210 087 239
0008 196 059 225 114 066 212 086 239
0009 188 065 216 111 065 209 087 239
0010 168 063 200 105 065 209 087 239
0011 162 059 198 100 065 210 087 239
0012 177 058 203 096 066 209 086 239
0013 201 045 229 103
0014 191 055 223 108 066 210 087 239
0015 168 060 203 108 065 210 086 239
0016 168 059 195 096 066 208 087 239
0017 191 055 218 099 066 208 087 239
0018 201 051 233 104 066 209 087 239
0019 190 055 222 105 066 210 087 239
0020 166 056 201 106 066 209 087 239
0021 174 058 200 098 065 208 086 239
0022 189 055 217 097 064 221 087 239
0023 186 055 223 105 065 210 086 239
0024 174 065 202 107 065 210 087 239
0025 165 062 192 100 066 210 088 239
0026 182 060 210 099 067 210 088 239
0027 192 062 222 104
0028 205 078 235 124
0029 196 131 231 176
0030 188 180 216 226
0031 175 213 201 239
0035 067 217 088 239
0043 067 216 088 239
0044 067 217 088 239
