0000 082 206 114 237 200 218 220 239
0001 092 215 119 239 197 223 222 239
0002 090 215 118 239
0003 085 210 117 237
0004 084 212 114 239
0005 080 210 117 238
0006 077 207 111 239
0007 068 203 105 239
0008 058 198 097 239
0009 043 182 094 227
0010 034 147 091 184 206 225 227 239
0011 046 115 086 152 205 219 233 237
0012 068 081 097 134 206 223 230 239 141 061 178 108
0013 078 079 122 126 206 223 230 239 146 062 178 104
0014 085 079 120 118 146 060 183 104 205 223 230 239
0015 075 068 111 113 205 223 230 239 148 062 182 102
0016 063 056 094 113 206 224 230 239
0017 036 062 077 111
0018 014 083 076 115 148 072 187 113
0019 147 069 188 115 026 081 082 126
0020 062 070 101 124 150 062 188 106 206 212 235 237
0021 078 087 119 129 147 068 187 119 212 223 234 239
0022 087 092 130 133 151 067 188 121 206 224 232 239
0023 080 084 122 139 148 067 187 116 207 224 233 239
0024 074 077 104 134 150 094 185 132 212 224 235 239
0025 055 086 084 131
0026 042 100 086 138
0027 049 082 091 122
0028 082 073 113 130 209 218 238 237
0029 097 085 129 119 211 224 237 239
0030 094 086 137 126 209 220 243 239
0031 099 090 134 121 214 217 238 239
0032 091 093 131 133 210 223 237 239
0033 086 103 123 159 206 222 239 239
0034 085 161 117 197 207 224 231 239
0035 093 193 120 236 206 225 227 239
0036 104 217 129 239
0037 105 223 131 239 200 216 223 236
0038 104 221 130 239
0039 105 223 130 239 196 223 221 239
0040 109 221 129 239
0041 105 218 128 239
