0000 047 223 076 239
0001 047 223 076 239
0002 106 204 157 239 047 224 076 239
0003 122 140 173 185 047 224 075 239
0004 123 112 176 155 047 224 075 239
0005 139 077 184 129 047 224 075 239
0006 144 064 187 113 047 224 075 239
0007 146 059 190 112 047 224 075 239
0008 146 058 192 109 047 224 075 239
0009 146 054 187 108 047 224 075 239
0010 145 058 188 109 047 224 075 239
0011 146 054 188 107 047 224 075 239
0012 146 056 190 109
0013 145 056 189 106 047 225 078 239
0014 145 056 189 106
0015 145 056 189 106
0016 145 055 189 105
0017 144 055 189 105
0018 146 057 193 109
0019 142 081 185 131
0020 129 123 173 168
0021 113 183 159 232 049 225 077 239
0022 107 212 160 239 048 224 074 239
0023 045 222 077 238
0024 044 221 077 238
0025 044 222 077 239
