0000 111 179 131 214 182 174 205 211
0001 111 179 131 214 183 174 205 212
0002 111 179 131 215 183 175 205 212
0003 111 179 131 215 185 175 207 214
0004 111 179 131 214 188 178 206 211
0005 111 179 131 214 192 175 213 214
0006 111 179 131 214 196 166 221 196
0007 112 179 131 214 201 157 227 188
0008 112 179 131 215
0009 112 179 131 215 201 098 224 131
0010 183 077 208 115 112 177 132 213
0011 112 178 132 214 170 074 204 107
0012 112 181 131 216 172 076 202 108
0013 172 077 201 110 112 180 131 216
0014 112 179 130 215 174 077 203 115
0015 112 179 130 216 183 085 210 122
0016 112 180 131 216 195 106 219 135
0017 112 177 129 211
0018 112 179 131 215 188 150 223 185
0019 112 179 131 214 202 155 223 193
0020 112 179 131 214 199 156 222 187
0021 111 177 132 215 205 139 231 165
0022 111 177 132 215
0023 111 177 132 215 187 079 224 116
0024 112 178 128 213 189 067 209 109
0025 112 178 128 212 176 067 199 103
0026 112 178 128 212 168 073 195 106
0027 112 178 129 213 168 079 197 107
0028 111 178 129 213 165 078 195 105
0029 111 179 128 214 169 080 198 107
0030 111 179 128 215 169 080 196 109
0031 111 179 128 214 169 083 200 112
0032 111 179 128 214 171 084 204 123
0033 111 179 128 214 176 087 210 130
0034 111 178 128 213
0035 111 178 128 213 185 145 221 179
0036 190 154 217 189 110 177 130 217
0037 110 177 130 217 191 174 211 204
0038 110 177 130 216 187 175 207 210
0039 112 177 131 217 182 174 204 211
0040 112 177 131 217 182 172 202 209
0041 111 178 130 217 183 172 204 207
0042 111 182 128 213 184 173 205 210
0043 111 182 128 213 182 176 203 211
