0000 117 202 170 239 197 219 231 239
0001 119 183 174 223 197 220 232 239
0002 121 152 173 192
0003 122 125 178 165
0004 121 111 185 149
0005 129 101 185 141
0006 119 104 183 143
0007 120 104 182 143
0008 125 098 182 139
0009 118 102 180 143
0010 122 100 181 138
0011 121 099 181 137 197 219 232 239
0012 120 095 176 137 200 218 234 239
0013 125 095 177 137 199 213 237 239
0014 116 096 179 137 200 213 235 239
0015 121 094 177 131
0016 119 092 181 136
0017 120 094 181 136
0018 120 097 181 137
0019 122 100 179 141 194 208 239 239
0020 117 125 181 163
0021 121 156 177 198
0022 134 189 183 239
0023 129 208 185 239
0024 107 205 149 239
0025 112 210 155 239
0026 110 200 152 237
0027 105 203 156 237
0029 105 214 162 239
0030 112 217 169 239 193 211 233 239
0031 109 209 154 239 198 212 237 239
0032 114 218 170 239
0033 110 209 164 239
0034 110 213 166 239
0035 105 205 150 239
0036 105 207 150 239
