0000 205 205 224 235 112 193 131 228
0001 205 203 224 238 110 191 129 224
0002 202 206 227 239 107 211 126 239
0003 195 208 225 239 094 210 112 237
0004 191 201 224 238 055 202 082 236
0005 195 207 220 239 032 161 074 202
0006 195 203 222 239 021 122 068 163
0007 195 204 222 239 023 098 071 140
0008 028 086 071 133 197 200 219 239
0009 026 085 076 131 192 204 223 239
0010 028 083 079 131 198 212 219 239
0011 027 084 081 132 197 208 222 236
0012 027 086 080 133 199 207 224 237
0013 031 087 081 133 196 206 218 235
0014 034 085 078 134 196 206 221 239
0015 032 088 079 136 194 201 223 236
0016 031 086 074 137 197 207 219 239
0017 034 086 077 135 197 206 218 239
0018 031 088 082 135 192 200 224 239
0019 195 201 222 239 040 104 077 148
0020 191 206 223 239 055 139 092 180
0021 197 206 221 239
0022 193 204 218 236 092 195 114 236
0023 197 204 219 239 101 206 125 239
0024 198 208 221 239 109 211 129 239
0025 194 204 221 239
0026 193 205 220 239 112 206 132 239
