0000 225 198 276 239 143 212 187 239
0001 225 196 277 239 143 208 186 239
0002 226 195 273 239 143 212 184 239
0003 226 193 273 238 145 203 185 239
0004 143 179 197 231 229 194 276 239
0005 227 198 276 239 147 141 205 182
0006 225 199 275 239 154 108 210 151
0007 226 195 274 237 149 085 214 123
0008 225 196 274 239 148 073 218 108
0009 226 192 274 237 154 068 212 100
0010 227 195 276 239 146 067 206 101
0011 226 201 275 239 153 063 218 097
0012 225 200 274 238 149 070 212 101
0013 227 199 275 239 147 075 207 119
0014 227 196 271 239 147 091 210 137
0015 227 198 268 239 158 128 205 170
0016 226 197 269 239 152 142 198 175
0017 226 201 273 239 152 141 195 182
0018 227 198 273 239
0019 222 200 274 239 168 145 212 185
0020 227 194 272 239
0021 230 197 278 239 158 142 208 178
0022 224 196 278 239 162 141 206 179
0023 227 195 275 239 162 146 210 204
0024 229 184 277 238 149 164 192 221
