0000 119 207 139 239 181 201 202 239
0001 119 203 143 238 182 210 202 237
0002 119 203 143 238 183 203 202 236
0003 115 198 139 235 182 207 202 234
0004 117 203 138 239 183 206 202 238
0005 117 201 138 235 184 196 207 234
0006 117 203 137 239 194 200 213 231
0007 125 208 152 239 195 184 231 223
0008 201 149 249 180 138 186 162 213
0009 224 073 245 112
0010 217 034 239 081
0011 201 016 224 059
0012 192 010 216 056
0013 187 011 210 051
0014 187 011 211 054 170 219 194 239
0015 187 010 210 054
0016 183 017 207 051
0017 172 020 209 061
0018 173 021 209 064
0019 173 019 212 057 088 187 123 222 169 209 191 236
0020 182 026 207 058 085 185 110 224 169 210 192 236
0021 173 019 212 058 081 191 107 223
0022 174 020 212 057 080 188 106 222 169 210 190 236
0023 172 020 212 059 169 210 190 237 081 192 108 224
0024 173 026 211 063 085 191 110 228 169 209 190 239
0025 086 193 120 233 177 058 205 082
0026 098 195 123 235
0027 105 196 129 232
0028 107 203 128 239 186 207 204 234
0029 111 204 130 238
0030 116 208 137 239
0031 116 206 137 239
0032 117 213 141 239
0033 118 213 139 239
0034 116 204 137 239
