0000 199 203 221 237 121 209 147 239
0001 199 203 222 237 123 208 147 239
0002 201 200 223 235 122 207 147 239
0003 121 206 144 239 203 203 225 239
0004 210 198 236 238 120 206 145 239
0005 219 195 247 237 121 207 144 239
0006 121 207 144 239 234 176 277 224
0007 122 207 147 239
0008 121 207 143 237
0009 119 207 143 239
0010 120 204 144 237
0011 117 204 142 239
0012 117 204 140 239
0013 113 202 142 239
0014 269 169 305 209 114 205 136 239
0015 266 166 305 208 113 207 136 239
0016 114 203 138 239
0017 115 202 138 239
0018 250 078 298 118 112 201 141 239
0019 241 053 287 092 115 203 142 239
0020 237 046 279 088 118 201 139 236
0021 237 047 280 093 114 205 138 239
0022 240 059 290 103 112 200 137 237
0023 248 100 298 139 103 208 124 239
0024 094 208 122 239
0025 088 211 114 239 222 177 265 215
0026 208 190 245 230 082 210 110 239
0027 208 189 245 230 078 212 102 239
0028 074 208 098 239 221 178 257 221
0029 078 211 103 239
0030 082 212 103 239 238 103 293 138
0031 238 061 286 099 091 213 117 239
0032 241 054 285 092 093 213 117 239
0033 095 202 120 237 253 072 303 112
0034 095 205 122 239
0035 101 208 125 239
0036 100 201 125 238 241 169 282 206
0037 101 206 123 239 228 184 264 222
0038 218 190 254 234 100 204 123 239
0039 209 198 239 239 100 206 124 239
0040 198 199 223 235 103 204 131 239
0041 187 201 213 236 105 205 131 239
0042 105 202 129 236 184 203 202 236
