0004 094 190 140 239
0005 108 160 148 228
0006 119 123 160 189
0007 126 080 169 153
0008 126 055 166 137
0009 138 032 172 129
0010 121 048 159 133
0011 103 016 136 100
0012 152 025 190 100 091 015 127 090
0013 086 018 124 107 160 025 188 077
0014 085 018 116 085 158 035 195 123
0015 084 017 115 083 150 034 201 134
0016 160 041 193 121
0017 087 017 114 080 157 040 197 116
0018 157 042 197 118 086 018 115 084
0019 087 020 122 120 157 043 197 117
0020 083 019 118 107 158 040 197 107
0021 085 020 118 117 163 039 191 093
0022 086 022 121 119
0023 086 024 121 116 167 037 192 095
0024 086 021 120 115
0025 083 020 116 101 168 044 194 100
0026 084 025 115 106 167 040 191 093
0027 088 022 121 116
0028 087 031 123 124 159 041 183 090
0029 092 082 132 130 123 077 164 123
0030 099 107 139 182 099 098 129 137
0031 070 135 104 189 103 175 144 231
0032 047 183 087 234 095 207 136 237
