0002 159 201 211 235
0003 085 180 128 223 167 172 209 220
0004 098 145 139 208 171 145 211 188
0005 106 126 157 183 162 120 214 167
0006 112 110 161 166 156 108 203 149
0007 155 098 200 147 120 102 164 154
0008 153 098 199 149 117 099 163 150
0009 148 101 197 149 115 099 161 148
0010 112 097 167 147 144 099 195 149
0011 111 100 160 151 146 100 198 149
0012 112 100 158 152 145 101 195 149
0013 143 101 193 151 119 098 159 154
0014 151 107 200 151 113 106 162 152
0015 098 121 146 165 162 125 206 169
0016 164 154 201 197 096 147 134 189
0017 079 178 120 230 152 186 197 228
0018 154 203 198 239
0019 151 215 195 239
0023 136 214 185 239
0024 127 217 180 239
