0000 082 206 116 237 027 217 084 239
0001 083 206 116 236 026 216 080 239
0002 082 206 117 237 023 218 084 239
0003 082 206 117 237
0004 084 195 127 238
0005 083 171 132 213
0006 085 126 128 165
0007 084 100 132 132
0008 089 060 132 098 026 219 082 239
0009 090 050 144 094
0010 095 049 141 097
0011 088 050 144 093
0012 091 049 145 096
0013 092 051 144 097 027 221 082 239
0014 091 051 144 094 023 217 086 239
0015 093 052 141 093 030 217 081 239
0016 083 054 124 098 026 220 082 239
0017 091 119 122 152
0018 084 175 126 208
0019 076 173 121 210
0020 025 216 084 239
0021 022 217 084 239
0022 023 217 085 239 079 181 118 208
0024 085 206 115 237
