0003 123 215 190 239
0004 134 146 191 207
0005 137 130 189 194
0006 142 116 195 185
0007 141 106 201 180 199 189 242 238
0008 163 144 215 196
0009 143 118 196 170
0010 137 107 192 156
0011 137 104 189 155
0012 129 112 184 161
0013 129 113 183 162
0014 129 112 185 164
0015 128 112 185 164
0016 131 112 187 165
0017 133 111 188 167
0018 135 111 188 162
0019 135 108 187 157
0020 138 109 188 163
0021 134 116 190 168
0022 137 119 192 180
0023 148 130 203 188
0024 150 134 206 195
0025 149 138 203 197
0026 151 138 204 197
0027 154 140 208 198
0028 162 166 220 221 196 139 252 186
0029 172 171 221 231 190 142 244 188
0030 156 173 219 229
