0000 186 198 211 235 110 203 134 235
0001 189 204 211 236 108 204 131 236
0002 189 203 212 238 110 204 129 234
0003 188 199 216 239 104 197 123 234
0004 190 192 217 232 094 185 115 219
0005 075 137 112 169
0006 183 125 215 157
0007 181 069 211 112 069 061 105 101
0008 180 035 207 079 074 040 109 081
0009 175 025 208 071 084 035 109 068
0010 179 022 205 065 090 032 115 068
0011 183 022 207 061 086 033 119 069
0012 182 022 207 067 084 032 116 068
0013 183 020 207 063 087 034 114 068
0014 178 021 207 063 086 035 115 070
0015 183 022 207 064 092 038 117 070
0016 177 020 207 064 087 036 113 068
0017 179 022 205 065 091 033 117 070
0018 091 039 116 070 182 022 208 066
0019 177 026 209 073 087 041 114 074
0020 178 053 211 099 088 066 113 105
0021 182 126 218 160 086 136 117 166
0022 089 152 114 186 186 148 219 183
0023 192 184 224 226 096 190 119 228
0024 198 195 221 232 103 203 125 237
0025 106 206 125 235 200 202 222 233
0026 106 208 127 239 198 205 219 239
0027 107 207 126 239 199 203 220 236
0028 190 199 217 239 108 205 128 237
0029 191 203 210 236 111 203 132 236
0030 189 203 213 239 112 203 132 235
