0006 042 218 086 239
0007 045 176 093 220
0008 043 135 099 181 083 213 133 239 095 097 144 135
0009 080 189 134 237 031 103 104 151 099 102 148 137
0010 082 169 136 221 067 057 120 105
0011 090 154 139 206 069 043 130 087
0012 106 130 135 178 081 024 135 079
0013 110 101 144 161 084 017 140 066
0014 106 070 143 145 083 010 142 059
0015 106 059 142 132 087 005 141 058
0016 087 004 145 051 101 067 141 131
0017 083 000 137 046 103 064 138 126
0018 081 000 136 046 103 051 139 119
0019 083 002 138 043 099 041 140 117
0020 083 001 134 047 099 041 137 113
0021 082 002 139 043 099 044 141 118
0022 078 002 135 044 100 045 139 117
0023 078 001 133 047
0024 079 002 138 046
0025 075 001 130 045 102 044 142 119
0026 075 000 130 045 096 045 138 111
0027 077 001 130 046 097 041 140 114
0028 075 002 131 046 099 042 141 115
0029 075 002 130 046 099 042 141 114
0030 075 002 131 047 100 036 139 114
0031 082 003 133 047 100 042 141 116
0032 081 004 134 048 097 041 136 114
0033 080 005 135 049 100 043 143 118
0034 079 003 131 052 101 043 141 120
0035 079 004 131 052 100 041 142 117
0036 074 010 132 049
0037 102 075 143 140 075 032 127 080
0038 100 132 144 187 059 087 112 132
0039 049 154 098 195 105 189 148 235
0040 053 197 090 239
0041 048 217 096 239
