0001 096 196 143 239 160 196 214 234
0002 105 157 156 195
0003 109 142 156 177 150 142 192 183
0004 096 125 149 168 151 127 201 167
0005 174 112 224 158 080 116 132 157
0006 057 117 101 157 204 106 253 162
0007 030 118 075 158 231 112 280 162
0008 021 123 062 159 244 114 295 163
0009 036 126 082 170 231 123 277 169
0010 195 136 247 189
0011 099 148 148 188 153 147 223 196
0012 148 152 213 195 094 149 152 189
0013 148 152 212 197 100 153 153 189
0014 151 153 214 200 097 154 147 192
0015 155 159 216 206 100 157 149 201
0016 159 178 214 226 100 180 141 225
0017 188 197 216 239 096 205 131 236
