0000 113 208 159 239
0001 112 207 159 239
0002 109 207 161 239
0003 127 172 168 215
0004 129 119 167 165
0005 134 078 177 123
0006 132 055 179 105
0007 129 037 190 086
0008 133 025 183 079
0009 127 027 185 072
0010 127 027 184 078
0011 128 025 181 079
0012 128 023 181 079
0013 127 025 180 078
0014 127 026 181 079
0015 128 027 181 079
0016 130 027 181 080
0017 131 031 182 080
0018 132 041 184 087
0019 137 059 183 104
0020 126 096 171 142
0021 124 131 161 176
0022 109 182 154 222
0023 107 205 154 238
0024 106 207 156 238
