0002 099 204 136 239
0003 090 187 131 237
0004 064 163 109 215
0005 048 136 099 187
0006 034 119 087 160
0007 027 104 080 146
0008 023 100 081 139
0009 021 096 075 134
0010 024 093 075 132
0011 025 093 077 130
0012 026 091 081 129
0013 025 091 081 128
0014 024 093 078 134
0015 026 094 084 132
0016 028 093 079 133
0017 029 096 079 132
0018 025 097 084 136
0019 025 095 079 136
0020 025 096 078 135
0021 027 095 085 133
0022 027 093 084 131
0023 030 101 084 139
0024 030 111 085 150
0025 048 144 096 196
0026 068 174 113 229
0027 081 200 120 239
