0000 195 161 230 200
0001 187 161 234 201
0002 192 161 235 202
0003 194 162 231 201
0004 188 160 229 204
0005 188 160 230 205
0006 188 161 234 201
0007 194 163 230 202
0008 195 163 229 201
0009 188 162 230 201
0010 188 162 230 205
0011 194 163 231 203
0012 189 162 234 204
0013 111 184 164 232 190 162 234 204
0014 110 155 166 192 192 162 234 204
0015 105 115 160 163 189 160 234 203
0016 105 088 157 133 190 160 234 204
0017 100 075 157 128 191 160 234 204
0018 102 069 160 117 191 160 234 203
0019 105 069 163 117 187 158 229 201
0020 103 072 167 117 193 163 230 204
0021 110 069 167 118 188 162 233 204
0022 107 069 171 118 188 162 233 203
0023 108 072 171 119 188 162 233 203
0024 105 067 170 116 193 164 229 202
0025 108 069 165 114 193 163 228 201
0026 111 069 166 114 193 163 229 202
0027 111 069 166 113 195 168 230 206
0028 102 072 171 118 194 166 229 202
0029 112 070 166 114 188 161 229 205
0030 108 076 165 123 188 161 229 205
0031 194 164 230 201 110 110 171 151
0032 110 167 183 216 188 162 228 206
0033 121 206 162 239 192 160 234 201
0034 191 162 232 200
0035 188 163 231 201
0036 186 163 229 202
0037 189 163 226 201
0038 189 163 225 201
0039 189 163 226 202
0040 188 164 228 201
