0000 188 219 213 239
0001 188 218 213 239
0002 188 219 213 239
0003 189 219 213 239
0004 189 219 213 239
0005 189 219 213 239
0006 189 219 213 239
0007 189 219 213 239
0008 189 219 213 239
0009 189 219 213 239
0010 087 214 133 239 189 219 213 239
0011 083 195 139 236 191 220 215 239
0012 085 187 147 228 192 218 215 239
0013 095 165 147 203 192 218 215 239
0014 087 146 149 192 191 219 216 239
0015 092 136 148 178 191 220 216 239
0016 095 134 148 173 188 224 214 239
0017 088 128 153 171 191 220 216 239
0018 094 125 153 165 187 216 214 235
0019 096 124 152 164 188 216 214 235
0020 095 124 154 165 187 215 214 234
0021 095 123 153 164 187 215 214 235
0022 094 123 153 165 191 219 216 239
0023 095 124 153 164 187 216 214 235
0024 097 121 153 166 191 217 215 239
0025 091 120 148 162 191 217 215 239
0026 091 120 148 163 191 218 215 239
0027 091 121 149 163 191 218 215 239
0028 091 121 149 163 191 217 215 239
0029 091 121 149 163 191 217 215 239
0030 096 123 155 164 188 217 213 235
0031 094 131 150 174 192 217 216 239
0032 091 146 150 193 191 217 216 239
0033 094 171 150 211 192 217 216 239
0034 090 197 146 237 191 216 216 239
0035 091 218 136 239 187 221 214 239
0036 188 220 215 239
0037 192 217 214 239
0038 191 218 214 239
0039 191 219 214 239
