0002 144 206 184 239
0003 115 139 163 187
0004 094 088 163 155
0005 087 090 156 147
0006 083 107 157 156
0007 094 116 160 164
0008 096 124 167 167
0009 103 135 169 176 045 193 105 233
0010 118 136 180 175 051 173 111 226
0011 078 169 140 224 132 135 191 176
0012 094 161 151 208 137 126 202 164
0013 103 140 157 187 149 117 203 146
0014 149 085 205 130 104 108 161 157
0015 162 068 207 131 102 090 159 141
0016 107 092 162 141 162 074 207 137
0017 160 103 222 151 109 109 180 145
0018 116 129 193 168 172 127 233 167
0019 190 137 240 175 122 146 201 184
0020 190 141 250 182 117 161 196 205
0021 206 138 257 187 147 170 224 223
0022 222 143 274 197 143 175 245 232
0023 232 140 282 192 102 177 178 232 166 174 249 227
0024 223 120 283 159 179 150 259 202
0025 223 100 278 138 215 120 262 171 176 133 245 183
0026 220 080 273 132 183 101 245 154
0027 184 088 246 137 218 074 275 136
0028 187 087 241 137 217 081 276 143
0029 194 102 249 146
0030 197 118 255 156 240 115 299 161
0031 244 136 298 174 205 135 264 170 149 145 212 196
0032 210 146 267 182 257 144 302 182
0033 261 149 307 182
0034 276 156 304 181
0035 278 146 306 171
0036 285 138 311 158 215 142 279 186
0037 275 125 309 154 201 136 269 185
0038 195 131 263 181 265 107 309 145
0039 254 096 304 146 187 122 254 175
0040 245 095 292 150 177 111 248 173
0041 153 120 224 180 228 109 272 162
0042 125 156 188 215 208 129 254 186
0043 195 183 233 231 113 202 163 239
