0000 188 213 219 238
0001 255 169 291 195 000 141 019 170
0002 263 139 294 164
0003 266 125 293 145
0004 261 104 296 128
0005 260 085 287 111
0006 257 077 282 103
0007 255 071 281 098
0008 259 070 282 095
0009 254 053 277 082
0010 228 029 253 069
0011 190 062 218 094
0012 203 097 241 129
0013 258 105 283 130
0014 250 066 281 095
0015 242 031 268 066
0016 205 022 228 063
0017 181 083 229 123
0018 207 113 238 143
0019 247 124 277 151
0020 259 102 294 125
0021 248 050 283 082
0022 215 021 239 058
0023 187 042 214 075
0024 178 093 221 124
0025 203 105 228 133
0026 205 107 245 138
0027 214 102 250 134
0028 207 106 248 136
0029 208 131 247 162 000 162 022 185
0030 215 183 239 220 045 205 074 237
0031 195 220 216 239
0032 186 209 204 235
0033 185 210 205 239
0034 188 208 211 239
0036 184 212 205 239
0037 182 212 203 239
0038 184 213 204 239
0039 186 213 206 239
0040 185 213 205 239
0041 185 214 205 239
