0000 121 111 184 156 081 206 143 236
0001 112 093 187 132 085 206 146 236
0002 137 061 189 108 082 210 144 239
0003 082 211 145 239 173 031 204 090
0004 181 025 211 093 083 209 146 239
0005 181 026 214 088 082 209 145 239
0006 184 022 233 087 082 209 145 239
0007 082 209 146 239 189 014 236 083
0008 082 209 146 239 186 010 235 084
0009 083 209 146 239 145 054 206 095
0010 082 211 144 239 142 052 201 099
0011 142 051 206 099 083 209 146 239
0012 147 049 206 100 082 209 144 239
0013 080 196 144 239 142 063 206 113
0014 080 168 138 218 139 091 203 139
0015 080 143 129 193 122 122 190 176
0016 081 140 130 193 119 121 187 171
0017 081 141 132 193 134 124 195 174
0018 080 143 134 191 134 134 201 182
0019 147 124 207 176 081 144 131 195
0020 150 137 215 183 080 150 135 199
0021 079 150 131 196 164 121 225 172
0022 179 133 235 182 079 150 133 200
0023 176 134 241 182 079 154 131 204
0024 192 138 250 181 079 154 131 201
0025 187 136 249 183 078 153 131 205
0026 079 155 130 203 206 139 263 180
0027 214 141 263 187 079 155 129 204
0028 077 158 131 207 211 138 258 182
0029 190 142 254 188 077 169 133 220
0030 177 150 236 201 077 188 130 235
0031 162 180 218 234 076 208 138 239
0032 155 186 213 237 077 208 133 238
0033 153 190 210 238 078 211 139 239
0034 153 191 211 239 081 214 141 239
0035 156 194 209 239 083 214 143 239
0036 151 195 210 236 082 211 138 239
