0000 101 201 119 231 174 203 192 234
0001 101 202 120 231 176 201 197 236
0002 175 201 196 235 101 201 120 232
0003 173 201 193 234 101 205 120 233
0004 174 194 197 234 091 197 114 227
0005 075 178 102 214 185 168 215 221
0006 054 153 081 179 217 151 250 181
0007 029 122 054 145
0008 007 095 043 118 254 092 297 119
0009 271 072 319 099 000 075 030 099
0010 272 074 318 098 000 069 032 097
0011 279 073 319 099 001 069 034 100
0012 280 072 319 105 002 076 028 097
0013 282 076 319 101 002 077 027 098
0014 282 076 319 100 002 078 027 098
0015 283 075 319 097 001 072 026 101
0016 282 075 319 099 001 076 019 100
0017 283 084 319 108 000 082 034 107
0018 284 094 318 120 000 095 022 116
0019 000 108 019 136 269 112 307 140 001 098 052 135
0020 007 141 027 166 267 135 289 163
0021 022 158 049 191 255 155 283 199
0022 032 173 056 196 250 156 277 199
0023 028 169 055 197 253 156 285 196
0024 249 154 288 203 029 170 054 201
0025 029 166 058 197 248 154 288 203
0026 029 169 054 197 253 154 279 201
0027 028 168 053 196 253 154 280 202
0028 252 153 280 197 023 162 059 198
0029 252 155 280 202 024 160 059 193
0030 250 160 279 206 027 163 063 200
0031 240 165 270 214 041 175 063 205
0032 218 175 249 227 058 184 081 221
0033 082 196 104 229 198 201 219 233
0034 091 199 113 232 190 201 209 237
0035 098 201 118 233 178 202 196 234
0036 101 202 119 232 172 201 193 236
0037 104 202 121 232 175 202 196 236
0038 102 201 119 229 176 201 196 237
0039 101 200 119 232 176 201 196 237
0040 102 202 119 231 175 201 196 236
0041 175 199 196 235 101 201 119 229
0042 100 201 119 231 176 204 194 235
