0000 072 210 110 238 152 210 192 237
0001 153 211 191 237 078 208 108 237
0002 073 212 110 239 152 211 194 238
0003 072 211 110 239 152 212 193 238
0004 073 212 110 239 152 212 193 238
0005 073 212 110 239 153 211 193 238
0006 072 211 110 239 153 212 193 238
0007 153 211 192 237 072 211 110 239
0008 150 208 194 238 072 211 110 239
0009 147 200 195 239 073 211 110 239
0010 072 211 110 239 140 185 201 238
0011 072 210 110 239 135 178 196 228
0012 078 209 107 239 139 172 197 222
0013 071 209 110 239 133 165 204 211
0014 071 209 110 239 131 160 205 204
0015 130 155 202 204 071 209 110 239
0016 131 141 197 188 070 209 110 239
0017 078 209 109 236 129 134 195 181
0018 070 209 110 239 126 131 197 177
0019 127 135 196 179 070 209 110 239
0020 126 135 197 179 071 209 110 239
0021 079 209 109 236 124 126 195 175
0022 079 209 109 236 126 125 195 174
0023 079 209 110 236 137 129 192 174
0024 120 130 191 174 078 207 108 239
0025 078 209 108 239 121 130 195 174
0026 078 209 108 239 138 128 190 175
0027 078 208 108 239 138 128 190 175
0028 078 208 108 239 138 128 190 176
0029 078 208 108 239 130 128 194 175
0030 078 208 108 239 127 126 195 172
0031 078 208 108 239 136 124 192 173
0032 078 208 108 239 127 125 194 172
0033 121 135 194 180 078 208 108 239
0034 078 208 108 239 124 140 192 188
0035 078 208 108 239 124 156 195 205
0036 125 171 192 220 077 208 107 239
0037 134 191 182 236 072 210 110 238
0038 144 205 188 238 072 209 110 238
0039 146 208 191 238 072 210 110 238
0040 072 209 110 238 149 208 191 237
0041 072 209 110 238 149 210 191 237
0042 071 209 110 238 150 209 191 237
0043 072 210 110 238 150 210 191 237
