0000 057 149 106 201 155 148 203 210
0001 056 147 103 200 153 145 206 202
0002 060 153 108 203 156 151 205 204
0003 058 150 108 199
0004 058 148 106 201
0005 058 147 106 201 126 120 182 160
0006 055 145 108 203 106 090 171 128
0007 055 148 106 201 113 088 178 130
0008 057 150 108 200 149 092 210 137
0009 058 149 104 201 172 086 237 131
0010 054 151 109 203 175 088 232 142
0011 054 149 107 202 153 087 202 142
0012 057 147 106 200 120 080 185 129
0013 053 146 101 202 114 064 184 116
0014 055 147 108 199 124 075 190 124
0015 059 149 105 201 163 082 204 132
0016 060 154 110 199 184 085 235 135
0017 053 146 103 203 192 074 236 133
0018 055 152 111 203 172 084 219 128
0019 061 147 103 202 131 087 189 135
0020 057 148 103 200 124 074 186 121
0021 057 148 109 200 132 071 191 118
0022 057 144 103 200 127 074 198 123
0023 059 149 109 198 147 079 202 128 175 084 227 140
0024 057 148 104 201 165 082 222 123
0025 055 147 109 203 180 073 237 124
0026 058 152 110 202 190 068 243 120
0027 059 153 110 201 182 066 244 117
0028 059 154 103 202 185 063 242 115
0029 059 148 107 203 185 067 236 121
0030 055 144 106 202 175 080 224 131
0031 057 152 108 204 168 103 212 144
0032 055 148 107 201 165 125 205 162
0033 053 146 106 199 153 135 199 184
0034 056 151 107 204 153 144 197 198
0035 053 145 106 202 146 146 194 199
0036 060 145 102 200 152 148 198 204
0037 054 149 101 205 152 145 199 204
0038 053 147 102 202 151 146 201 203
0039 055 150 108 199 156 146 198 204
0040 058 146 106 200 156 148 203 204
0041 061 150 111 204 153 144 203 203
0042 056 144 107 202 151 144 202 201
