0000 082 143 124 175
0001 082 147 124 178
0002 088 161 119 195
0003 084 171 111 206 145 188 165 219
0004 146 197 167 233 081 175 108 211
0005 146 201 170 235 080 185 107 218
0006 139 200 164 237 080 188 103 222
0007 129 188 157 233 073 177 099 209
0008 115 151 150 193 057 149 094 190
0009 051 113 082 152 113 112 155 138
0010 051 067 075 109 114 048 138 085
0011 056 041 081 084 122 033 146 078
0012 061 034 084 080 129 033 153 078
0013 062 033 086 074
0014 066 035 088 072
0015 067 035 089 075 126 032 152 080
0016 067 030 088 074 131 033 155 079
0017 061 032 087 079 128 034 154 082
0018 061 047 083 084 131 051 153 091
0019 118 090 156 128 061 072 084 113
0020 057 114 091 153 118 147 156 170
0021 130 182 158 223 066 159 089 194
0022 068 186 091 218 138 187 162 226
0023 138 193 159 230 066 190 086 222
