0000 136 183 159 212
0001 135 182 157 214
0002 135 182 155 212
0003 139 182 160 213
0004 134 184 156 216
0005 134 181 156 214
0006 134 183 156 216
0007 135 182 156 215
0008 135 179 157 215 189 179 212 211
0009 141 171 164 207
0010 147 164 181 198
0011 154 160 190 193
0012 160 145 206 184
0013 174 138 217 171
0014 174 137 219 169 144 149 170 183
0015 181 143 220 174
0016 176 136 220 171
0017 183 137 223 170 150 150 177 172
0018 180 137 225 172 154 147 183 181
0019 178 137 226 173
0020 178 137 226 172
0021 180 133 225 172 155 150 180 173
0022 179 132 225 171 155 150 179 173
0023 179 134 226 171 146 145 182 176
0024 180 130 227 172 152 145 185 177
0025 180 133 226 172 155 141 182 176
0026 179 134 226 172
0027 181 138 226 174 155 143 181 178
0028 155 143 182 178 181 138 225 174
0029 191 143 222 173 147 146 182 174
0030 177 144 215 171
0031 165 153 209 187
0032 151 157 189 191
0033 141 167 167 200 189 170 214 207
0034 129 173 152 208
0035 129 180 149 212
0036 128 179 149 214 213 183 235 214
0037 218 182 239 212 127 183 148 216
0038 127 182 150 216 214 187 234 215
0039 212 183 233 214 127 183 149 216
0040 126 180 148 215
0041 127 182 150 217
0042 205 182 224 210 129 182 150 214
0043 130 182 153 214 202 187 224 218
0044 131 183 153 214
0045 131 183 153 214 207 182 238 219
0046 128 182 151 216 210 186 233 220
0047 128 181 151 216 212 186 232 217
