0005 163 202 215 239
0006 161 188 216 239 047 193 112 238
0007 117 166 171 232
0008 090 134 173 201
0009 078 100 160 183
0010 065 079 150 158 058 068 099 102
0011 076 064 157 152
0012 053 056 132 131
0013 069 050 157 134
0014 069 042 118 130 094 063 150 135
0015 069 057 115 135 090 064 149 129
0016 069 046 122 132 104 057 162 116
0017 075 050 119 134 101 057 149 114 058 039 103 099
0018 052 061 127 130 106 055 158 120
0019 102 058 153 118 057 054 114 123 142 154 189 222
0020 066 055 129 133 104 057 147 123
0021 070 061 122 144
0022 062 076 126 146
0023 084 100 158 175
0024 046 197 108 238 092 143 148 191 126 167 181 220 153 186 198 238
0025 157 198 214 239
0026 153 203 212 239
0027 154 209 201 237
0032 043 217 094 239
0035 039 216 092 239
