0003 086 205 130 239 203 202 253 239
0004 082 190 137 239
0005 070 149 134 207
0006 060 127 130 186
0007 078 091 132 153
0008 083 076 129 131
0009 087 080 139 133
0010 101 085 150 156
0011 110 105 163 161
0012 113 107 163 169 058 105 126 147
0013 113 110 164 169
0014 114 108 163 161
0015 116 104 161 161 058 103 122 147
0016 113 103 162 162 054 105 126 148
0017 111 105 161 163 058 104 123 149
0018 112 105 161 162 060 106 120 148
0019 116 108 167 166 053 106 123 150
0020 114 110 167 166
0021 107 112 163 170
0022 118 115 163 166
0023 117 118 165 175 057 112 132 154
0024 121 127 166 181
0025 115 144 166 197
0026 114 171 164 229
0027 100 196 155 239 203 202 251 239
0028 102 206 155 239
0029 108 204 144 239
0030 100 197 141 239
