0000 061 204 095 237
0001 061 204 095 237
0002 063 201 095 236
0003 062 203 095 238
0004 062 203 094 238
0005 061 203 094 238
0006 060 204 093 238
0007 058 201 092 238
0008 057 203 092 239 141 187 189 239
0009 136 120 192 196 059 203 093 237
0010 134 081 191 164 061 204 096 236
0011 124 054 189 142 060 200 096 238
0012 125 032 186 134 058 202 095 238
0013 120 032 178 132 059 198 096 239
0014 111 028 178 136 059 201 097 239
0015 108 027 179 139 060 199 097 239
0016 105 023 174 135 062 202 096 238
0017 104 022 173 129 062 204 095 238
0018 097 019 172 127 062 200 098 239
0019 097 018 171 131 062 199 096 238
0020 104 024 171 124 059 201 096 239
0021 108 019 175 130 063 203 096 238
0022 099 021 172 133 060 200 096 239
0023 107 023 171 134 061 203 098 238
0024 098 019 171 131 060 203 100 239
0025 097 020 171 132 063 205 094 238
0026 107 021 173 135 061 200 099 236
0027 106 020 176 135 062 203 094 237
0028 100 020 172 138 061 200 093 239
0029 102 021 170 137 063 206 094 238
0030 111 064 174 149 064 203 094 235 164 104 196 151
0031 113 142 169 203 060 202 096 238
0032 060 203 095 238 123 196 168 234
0033 060 202 096 239
0034 060 206 095 238
0035 061 202 099 239
0036 061 203 098 239
0037 062 203 097 237
