0000 145 206 175 239 095 204 115 237
0001 151 207 177 238 092 203 111 236
0002 157 204 183 239 077 195 102 231
0003 169 199 192 236 064 185 095 223
0004 180 190 211 228 044 176 080 207
0005 194 177 229 210 030 154 071 185
0006 202 167 236 194
0007 199 164 240 191
0008 207 164 244 192
0009 205 165 234 188
0010 191 158 224 186
0011 172 154 204 184
0012 143 155 180 183 051 147 089 176
0013 078 157 106 179 119 155 159 183
0014 081 153 114 179 114 160 152 186
0015 111 158 150 186 081 152 117 180
0016 108 161 151 191 081 151 117 179
0017 112 158 151 185 081 154 115 181
0018 111 157 150 184 083 154 108 182
0019 109 162 151 188 086 157 115 178
0020 108 162 149 189 087 151 114 177
0021 106 160 147 187 087 157 113 179
0022 108 162 152 188
0023 106 162 153 188
0024 106 162 148 188
0025 106 163 148 188
0026 106 163 149 191 087 157 113 179
0027 107 163 153 190 086 155 112 178
0028 111 163 155 189 082 156 116 182
0029 111 162 148 188 087 158 114 178
0030 109 161 148 188 083 156 117 181
0031 111 168 152 193 086 158 112 182
0032 109 165 154 191 082 162 105 184
0033 126 175 162 204 068 169 096 197
0034 130 182 166 218 065 171 096 209
0035 139 194 175 231 069 195 090 221
0036 147 201 177 238 076 196 104 235
0037 148 209 180 239 083 199 104 233
0038 155 206 178 237 092 206 109 232
0039 156 206 177 235 092 205 112 234
0040 151 204 180 239 092 201 112 234
0041 154 206 178 236 088 202 109 238
0042 149 206 181 238 091 203 110 236
0043 152 204 182 239 094 202 113 231
0044 153 201 182 239 093 205 114 236
0045 154 205 178 239 093 207 112 236
