0001 076 220 135 239
0002 073 187 122 239
0003 092 132 143 176
0004 099 104 156 166
0005 101 112 157 160
0006 103 136 158 186
0007 096 170 154 223
0008 089 186 149 237
0009 070 205 130 239
0010 062 204 114 239
0011 062 192 121 237
0012 051 161 103 213
0013 062 136 115 190
0014 072 111 120 167
0015 088 102 135 159
0016 093 091 144 150
0017 089 103 156 165
0018 103 132 157 185
0019 092 162 154 210
0020 093 187 157 233
0021 080 205 137 239
0022 075 211 130 239
0023 070 210 128 238
0024 055 201 107 239
0025 052 180 106 234
0026 048 168 102 219
0027 053 144 104 211
0028 046 155 099 214
0029 048 194 110 239
