0002 167 205 207 239 085 213 128 239
0003 147 176 196 222 082 200 129 239
0004 076 179 118 221 123 141 180 179
0005 071 162 118 201 096 128 154 158
0007 076 146 128 183
0008 074 146 129 187
0009 066 142 127 184
0010 071 134 127 172
0011 075 133 133 169
0012 074 133 133 172
0013 084 126 139 167
0014 080 085 120 145 114 089 170 130
0015 079 078 111 130 144 070 191 122
0016 153 065 199 118 078 078 123 130
0017 155 097 201 150 085 102 126 155
0018 064 158 131 227 165 160 212 202
0019 076 195 131 239 149 190 220 229
0020 071 190 124 239 142 195 215 234
0021 142 192 211 230 073 196 120 239
0022 079 198 126 239 139 188 211 224
0023 087 203 133 239 142 184 206 227
0024 150 187 198 239 087 207 131 239
0025 094 215 130 239 158 213 199 239
