0010 201 213 228 239
0011 204 170 238 210
0012 211 138 250 166
0013 227 096 261 134
0014 229 059 265 113
0015 233 042 270 091
0016 247 021 281 058
0017 253 029 287 060
0018 252 034 286 060
0019 255 034 290 065
0020 259 032 294 063
0021 259 039 297 068
0022 256 037 293 068
0023 261 038 297 071
0024 264 034 302 069
0025 265 034 302 069 177 110 204 146
0026 266 033 299 070 171 104 199 146
0027 264 037 304 071 175 103 203 150
0028 265 035 303 070 172 100 202 144
0029 265 034 305 069 177 107 204 148
0030 264 034 305 068 177 109 204 149
0031 265 035 304 068 174 106 209 146
0032 255 026 294 064 171 109 200 140
0033 259 024 296 060 168 107 203 144
0034 255 025 291 058
0035 248 026 286 061
0036 244 032 279 065
0037 229 056 261 092
0038 222 067 249 105
0039 227 094 259 127
0040 227 143 261 171
0041 217 174 257 202
0042 216 196 250 227
0043 203 206 236 239
0044 198 219 220 239
0048 098 213 119 239
0049 202 215 228 239
0050 205 214 227 239 105 213 127 239
