0002 124 223 170 239
0003 127 185 173 231
0004 135 153 180 204
0005 139 116 184 171
0006 139 095 185 151
0007 139 071 179 125
0008 138 064 181 114
0009 132 060 176 106
0010 132 066 175 110
0011 128 073 173 113
0012 129 075 173 112
0013 129 075 172 114
0014 130 075 172 113
0015 129 076 173 114
0016 129 075 174 116
0017 126 072 173 115
0018 120 078 178 118
0019 127 078 174 116
0020 128 077 172 115
0021 129 080 172 114
0022 128 078 173 116
0023 129 078 171 114
0024 129 076 171 114
0025 129 076 172 112
0026 129 077 174 114
0027 129 077 172 113
0028 127 072 172 112
0029 127 069 170 109
0030 129 071 169 113
0031 129 068 169 112
0032 132 068 170 112
0033 130 067 166 111
0034 126 067 170 112
0035 133 068 171 107
0036 130 066 172 108
0037 133 065 173 108
0038 134 060 174 110
0039 138 062 176 107
0040 137 061 176 109
0041 134 060 175 106
0042 133 061 175 106
0043 137 061 177 109
0044 138 062 177 108
0045 137 061 177 108
0046 136 061 176 108
0047 136 061 175 111
0048 135 065 174 109
0049 137 063 175 111
0050 137 066 177 114
0051 138 069 178 114
0052 135 081 178 130
0053 138 110 175 155
0054 132 169 173 225
0055 130 215 163 239
