0000 064 204 098 238 113 212 150 239
0001 111 211 149 239 063 204 098 238
0002 063 204 094 239 111 210 150 239
0003 112 210 150 239 063 204 100 237
0004 064 205 093 239 112 209 150 239
0005 061 204 097 237 112 210 150 239
0006 061 203 097 238 112 211 150 239
0007 061 202 097 238 116 208 151 238
0008 061 203 098 238 113 208 149 239
0009 061 205 095 238 115 205 150 239
0010 060 205 096 237 110 194 150 238
0011 061 205 096 237 103 184 142 224
0012 063 205 093 239 103 172 136 207
0013 096 175 134 208 064 206 098 238
0014 064 203 099 237 099 173 139 209
0015 060 205 099 237 096 176 134 209
0016 062 205 098 235 101 162 135 199
0017 066 203 100 236 102 147 139 190
0018 064 202 094 237 102 126 143 182
0019 060 203 100 236 110 117 141 165
0020 060 203 094 236 117 100 147 150
0021 061 204 099 237 125 082 150 132
0022 122 073 158 126 062 203 098 237
0023 128 068 162 114 062 204 097 237
0024 137 058 165 108 065 205 094 235
0025 061 204 097 238 146 054 174 106
0026 061 205 096 238 151 060 176 108
0027 156 059 183 104 064 205 098 238
0028 061 203 096 238 151 060 185 104
0029 061 202 097 238 156 070 181 104
0030 061 204 097 236 154 068 181 112
0031 065 203 097 238 149 069 185 114
0032 062 203 098 238 148 072 185 114
0033 148 069 184 116 063 203 098 237
0034 149 064 184 109 062 202 100 237
0035 147 061 180 109 061 204 097 239
0036 141 064 176 110 061 204 097 239
0037 060 203 097 239 138 073 163 127
0038 064 205 093 239 129 089 154 139
0039 062 204 096 237 119 127 155 178
0040 066 203 098 236 113 165 150 203
0041 107 190 149 233 060 204 095 237
0042 106 201 146 239 064 201 098 235
0043 063 205 097 239 111 214 147 239
0044 062 202 097 238 108 205 149 239
0045 108 205 149 239 062 203 096 237
0046 108 205 149 239 062 205 097 238
0047 061 204 095 237 109 210 152 239
0048 061 205 097 239 111 207 147 239
0049 110 208 150 239 060 203 097 238
0050 061 206 096 238 110 207 147 239
0051 109 207 149 239 060 204 097 239
0052 061 202 098 237 109 207 149 239
0053 062 205 097 238 109 207 147 239
