0015 022 206 095 239
0016 025 182 091 234
0017 026 168 108 215
0018 026 150 120 210
0019 031 150 113 197
0020 033 149 117 195
0021 034 142 111 189
0022 034 134 120 198
0023 036 131 113 181
0024 043 127 112 178
0025 043 122 125 174
0026 045 110 124 176
0027 045 110 123 176
0028 044 110 123 177
0029 043 110 127 175
0030 043 114 126 179
0031 044 111 126 174
0032 044 112 124 175
0033 040 113 123 179
0034 037 116 122 176
0035 041 116 117 169
0036 039 115 119 168
0037 040 111 123 172
0038 041 111 124 174
0039 040 109 125 172
0040 040 108 123 176
0041 038 112 105 165
0042 036 118 113 166
0043 037 117 121 167
0044 037 116 114 167
0045 039 114 130 175
0046 041 112 123 173
0047 040 112 124 175
0048 038 113 125 177
0049 040 113 111 166
0050 039 112 114 167
0051 038 119 122 166
0052 034 118 115 166
0053 043 130 106 177
0054 044 175 110 225
0055 042 203 119 239
