0000 101 204 139 239
0001 102 202 139 239
0002 101 199 138 239
0003 101 200 141 239
0004 098 203 139 237
0005 096 199 136 239
0007 074 199 115 239
0008 039 186 093 239
0009 200 203 262 239 018 164 068 207
0010 212 185 283 239 017 144 077 186
0011 233 168 291 223 016 127 071 170
0012 020 122 079 167 234 158 301 218
0013 017 117 078 165 242 152 297 207
0014 020 120 080 169 239 149 292 207
0015 211 151 280 203 024 122 090 171 146 209 174 239
0016 200 157 265 216 034 128 089 171
0017 044 134 102 179 186 160 248 213
0018 164 162 234 211 057 147 123 189
0019 160 160 231 212 069 155 137 192
0020 158 162 231 215 073 154 138 197
0021 160 163 225 211 068 147 133 193
0022 157 159 226 211 066 147 127 191
0023 162 163 233 215 067 149 132 190
0024 156 162 227 210 064 148 132 193
0025 162 161 231 215 069 152 124 196
0026 160 162 231 216 069 150 132 192
0027 155 169 225 217 070 154 127 197
0028 163 176 222 229 076 153 128 204
0029 165 186 219 237 081 162 130 217
0030 097 202 139 239 157 211 219 239
0031 094 199 128 236
0032 097 203 128 238
0033 096 200 129 239
0034 091 198 134 238
0035 094 200 131 239
0036 093 196 130 239
0037 095 204 128 239
