0000 121 215 146 239
0001 104 205 133 239
0002 081 192 111 232
0003 058 177 090 207
0004 039 151 081 180
0005 031 135 074 158
0006 025 124 072 152
0007 024 125 073 153
0008 025 120 065 151 229 221 252 239
0009 024 122 067 148 201 173 232 203
0010 186 130 228 164 023 120 065 149
0011 023 119 066 149 184 118 221 151
0012 183 115 219 150 025 120 067 150
0013 023 120 064 144 190 116 225 155
0014 223 136 254 184 024 119 064 144
0015 022 120 064 145 261 185 305 216
0016 022 121 063 150 287 156 319 192
0017 023 123 061 149 283 122 319 164
0018 236 101 274 140 020 121 064 153
0019 022 123 064 150 205 139 240 169
0020 172 158 212 197 024 125 066 151
0021 024 126 067 151 142 150 184 178
0022 148 108 182 140 027 125 066 151
0023 024 122 068 152 170 095 201 136
0024 023 121 067 150 186 117 224 161
0025 213 162 244 202 025 119 066 147
0026 265 179 293 208 025 122 059 147
0027 278 141 319 177 024 121 065 151
0028 023 122 066 152 256 112 303 155
0029 245 102 273 140 020 122 066 152
0030 200 137 240 169 024 125 065 150
0031 170 156 206 195 025 125 066 153
0032 147 150 184 178 028 125 068 150
0033 149 124 189 147 024 121 063 152
0034 176 114 215 154 027 120 062 148
0035 027 124 062 148 199 137 248 181
0036 223 166 254 208 024 123 064 149
0037 239 186 271 228 026 124 066 152
0038 243 194 272 235 022 130 072 157
0039 030 152 073 183 240 207 265 239
0040 060 190 085 217
0041 080 205 112 237
0042 119 218 142 239
0045 131 217 152 239
0046 129 220 151 239
0047 133 220 152 239
0048 132 221 152 239
0049 127 224 148 239
