0003 079 216 107 239
0004 061 197 089 231
0005 036 173 074 203
0006 026 150 075 175
0007 024 132 071 163
0008 189 193 220 237 028 131 074 158
0009 027 133 075 161 178 167 211 195
0010 028 130 075 159 166 138 204 165
0011 031 132 075 157 165 134 203 162
0012 028 130 073 157 166 136 200 162
0013 029 128 074 157 171 129 209 165
0014 199 159 239 200 026 124 073 158
0015 221 168 264 213 026 125 073 159
0016 026 127 074 157 223 157 288 190
0017 026 125 074 154 241 122 273 164
0018 025 122 071 158 205 129 241 168
0019 165 153 205 194 027 127 077 157
0020 025 125 072 154 145 154 185 185
0021 026 125 072 153 141 122 181 153
0022 024 120 071 156 155 112 191 140
0023 024 123 069 158 170 134 208 167
0024 193 169 226 210 025 128 070 159
0025 231 166 263 208 025 132 071 158
0026 225 150 276 185 025 131 070 157
0027 026 132 071 158 218 120 257 170
0028 027 131 071 158 187 131 224 163
0029 024 127 068 160 157 160 194 195
0030 025 127 070 160 140 149 184 183
0031 029 132 070 157 141 124 182 157
0032 024 124 068 158 153 113 192 151
0033 024 122 068 157 174 137 206 169
0034 025 129 073 161 180 162 214 195
0035 185 185 222 220 031 136 072 169
0036 049 178 084 208 201 215 230 239
0037 076 210 114 237
0039 216 215 238 239
