0009 159 210 216 238
0010 171 185 211 239 106 215 161 239
0011 158 134 209 190 110 162 158 214
0012 148 097 203 155 112 103 167 163
0013 142 081 199 133 101 090 151 146
0014 149 076 204 125 094 092 147 142
0015 081 088 137 141 159 079 218 123
0016 166 077 225 117 074 089 124 143
0017 187 071 237 114 061 093 112 146
0018 187 072 236 113 068 098 110 146
0019 186 070 237 110 068 095 111 155
0020 181 062 231 102 071 102 109 160
0021 074 106 114 168 172 052 227 093
0022 080 104 125 175 158 038 218 082
0023 158 032 203 080 097 112 140 176
0024 110 113 160 172 148 032 184 089
0025 124 109 169 167 139 039 179 092
0026 123 106 171 160 142 042 180 094
0027 122 108 169 160 144 039 178 091
0028 122 110 169 165 143 028 176 089
0029 124 113 169 174 138 016 174 080
0030 122 118 166 184 133 003 175 068
0031 121 123 169 183 136 000 172 043
0032 121 129 165 191 133 000 169 028
0033 120 129 161 190
0034 119 128 160 195 135 000 168 021
0035 117 128 155 189 136 000 174 022
0036 114 131 161 188 139 000 174 025
0037 117 134 160 191 139 000 176 026
0038 125 147 160 202 140 000 196 038
0039 126 181 166 235 150 032 206 075
0040 161 073 207 140 115 215 160 239
0041 164 186 215 238
0042 161 222 214 239
