0000 148 185 193 231 094 192 147 234
0001 149 186 192 230 099 197 142 235
0002 148 186 192 231 098 196 144 236
0003 102 195 144 234 148 187 192 231
0004 099 192 144 235 151 190 195 233
0005 097 190 144 234 150 185 190 230
0006 098 194 145 237 161 181 191 208
0007 097 192 145 238 168 155 199 182
0008 098 193 147 238 182 113 219 154
0009 198 081 231 135 096 192 144 234
0010 208 059 241 118 096 192 145 234
0011 213 043 250 108 098 194 145 238
0012 221 037 254 099 100 194 146 235
0013 224 032 256 094 097 195 146 238
0014 227 032 254 088 098 193 146 235
0015 225 029 254 090 101 198 149 236
0016 225 029 253 089 098 196 144 234
0017 221 035 250 092 097 195 150 234
0018 213 041 244 099 097 196 149 234
0019 205 052 242 104 095 196 144 234
0020 202 057 236 107 099 197 143 235
0021 209 062 240 109 096 196 147 235
0022 212 062 248 111 096 195 145 234
0023 227 061 253 109 099 199 143 237
0024 232 060 265 112 101 198 143 235
0025 238 061 267 108 099 194 145 235
0026 238 060 267 110 099 195 146 237
0027 233 064 264 112 097 193 151 237
0028 232 065 260 114 098 194 146 239
0029 228 068 255 120 100 197 143 237
0030 216 074 245 122 095 195 143 235
0031 200 088 241 128 099 192 145 235
0032 205 092 244 132 097 194 147 239
0033 096 193 145 234 208 090 241 128
0034 097 196 147 235 209 089 242 128
0035 206 088 245 126 101 180 139 220
0036 209 087 247 126 116 146 156 172
0037 207 094 246 130 125 123 176 149
0038 208 094 247 125 135 087 198 121
0039 162 078 213 120 212 093 251 134
0040 158 073 222 119 212 093 251 136
0041 168 070 223 117 214 092 252 131
0042 168 069 225 116 212 092 252 139
0043 171 074 221 124 213 098 248 134
0044 163 077 213 125 206 101 246 142
0045 160 078 207 131 202 106 244 142
0046 152 090 199 140 195 112 238 153
0047 143 093 186 150 192 119 235 163
0048 183 127 226 175 138 104 179 161
0049 173 136 218 184 128 108 171 168
0050 162 143 209 193 123 119 163 178
0051 156 149 207 201 116 124 157 182
0052 149 154 201 205 110 124 153 188
0053 151 152 200 200 111 130 149 189
0054 110 126 151 196 149 153 203 201
0055 156 153 207 203 109 135 146 193
0056 155 153 206 204 109 130 147 195
0057 152 150 199 199 109 137 148 195
0058 152 154 205 204 107 136 150 195
0059 153 158 196 206 110 151 153 201
0060 149 169 192 216 104 165 147 210
0061 148 175 190 221 097 173 143 222
0062 099 186 144 232 150 186 193 237
0063 150 195 192 239 101 194 141 234
0064 152 193 190 236 095 186 139 227
0065 151 186 195 230 094 192 141 235
0066 149 195 194 239 095 191 144 234
