0001 159 196 200 239
0002 174 200 213 239
0003 176 186 222 225 200 204 243 239
0004 207 183 255 227
0006 208 132 286 165
0008 223 111 295 139
0009 221 109 273 130 252 105 302 132
0010 252 100 299 129 221 105 269 127
0011 216 108 265 127
0012 215 109 261 131
0013 213 111 262 135
0014 218 111 285 140
0015 212 107 261 141
0016 224 126 271 175 217 112 288 141
0018 217 117 268 143
0019 211 112 287 146
0020 207 118 279 146
0021 212 118 285 148
0022 211 118 288 148
0023 214 119 285 149
0025 216 123 289 153
0027 215 127 288 160
0028 205 146 278 180
0029 195 168 253 207
0030 156 197 197 239
