0000 209 213 238 239 099 208 131 239
0001 212 204 245 239 095 206 128 239
0002 226 195 254 239 083 196 114 237
0003 233 172 275 214 070 149 111 185
0004 057 121 103 159 240 135 284 166
0005 239 098 283 149 061 078 105 127
0006 065 055 108 106 236 074 274 121
0007 072 038 111 100 228 052 268 103
0008 075 032 113 098 228 038 264 076
0009 078 029 116 091 224 040 266 088
0010 079 031 118 093 226 036 266 075
0011 080 031 117 095 224 038 260 080
0012 080 030 118 090 223 039 259 080
0013 080 033 120 092 224 035 265 075
0014 079 030 118 097 225 034 265 070
0015 083 027 120 095 221 034 261 074
0016 084 028 119 091 225 034 264 073
0017 080 032 121 091 222 035 261 078
0018 085 033 119 088 223 036 264 076
0019 085 030 120 088 223 037 262 078
0020 080 027 118 091 221 036 258 077
0021 080 026 119 091 226 035 267 074
0022 084 028 121 090 223 036 263 080
0023 080 031 121 090 223 037 263 079
0024 080 030 121 090 227 035 263 080
0025 081 029 120 089 227 034 264 082
0026 081 029 121 088 227 034 267 074
0027 081 029 120 089 224 035 263 080
0028 079 029 120 092 221 037 260 083
0029 078 036 120 097 228 041 263 085
0030 067 037 107 107 238 054 271 102
0031 246 079 285 119 056 080 092 126
0032 054 128 098 160 248 123 293 157
0033 062 158 103 200 240 153 294 188
0034 067 197 100 238 231 183 272 220
0035 225 195 254 235 088 207 112 239
0036 218 201 253 239 095 208 117 239
0037 220 204 246 238 097 211 115 239
0038 221 202 241 235 096 208 120 239
0039 218 211 241 239 100 214 124 239
0040 215 214 240 239 104 210 129 239
0041 104 212 128 239 215 211 236 239
0042 209 210 233 239 105 212 130 239
0043 207 215 235 239 106 213 130 239
0044 207 212 231 239 106 213 131 239
0045 211 216 233 239 106 213 131 239
0046 207 212 232 239 107 213 131 239
0047 205 208 231 239 104 213 134 239
0048 210 211 233 239 107 214 131 239
0049 212 211 233 237 109 214 128 239
0050 208 209 232 239 107 214 131 239
0051 208 212 232 239 105 211 132 239
0052 206 208 231 238 106 211 128 239
0053 206 210 236 239 109 209 132 239
0054 207 211 232 239 106 212 129 239
0055 207 212 233 239 107 212 129 239
