0011 138 218 176 239
0012 119 214 165 239
0013 112 209 154 239
0014 089 213 126 239 055 209 088 239
0015 062 204 091 239 085 204 123 239
0016 085 191 116 239 060 195 090 239
0017 079 180 118 234 059 189 093 237
0018 081 172 119 231 057 171 092 234
0019 057 166 092 232 081 163 117 226
0020 079 151 118 213 053 156 093 219
0021 074 137 117 201 051 141 087 204
0022 074 131 117 197 050 136 084 196
0023 073 125 117 187 048 133 083 189
0024 046 126 084 187 072 122 113 184
0025 069 120 112 183 045 123 084 189
0026 073 118 112 185 045 125 085 189
0027 045 120 083 189 073 116 112 183
0028 071 117 113 185 046 124 081 186
0029 073 116 111 185 044 123 080 187
0030 073 117 112 185 051 121 085 187
0031 045 123 081 190 073 118 111 186
0032 073 119 110 188 045 124 082 192
0033 073 119 111 190 049 122 082 195
0034 074 119 111 190 049 122 084 191
0035 072 118 112 192 048 121 082 193
0036 042 120 082 198 069 121 106 196
0037 044 124 078 203 067 121 109 192
0038 042 124 076 203 067 124 106 196
0039 040 127 076 208 071 122 104 197
0040 068 122 107 191 043 123 078 199
0041 043 125 078 198 069 122 105 193
0042 056 126 104 202
0043 069 123 103 198 044 125 077 199
0044 063 126 100 210 043 124 076 198
0045 042 126 094 204
0046 039 131 074 209 066 129 102 203
0047 042 124 078 195 064 127 105 197
0048 067 128 104 198 042 122 079 203
0049 042 122 081 200 063 127 106 195
0050 042 123 079 198 064 126 102 193
0051 042 123 080 200 063 125 103 194
0052 038 125 077 206 064 125 107 194
0053 039 120 077 208 059 125 099 206
0054 045 124 079 206 063 124 106 195
0055 043 119 079 204 065 126 100 196
0056 061 125 101 202
0057 064 125 101 196 043 119 081 192
0058 047 118 083 199 071 120 108 189
0059 063 124 101 199 045 120 078 203
0060 047 123 104 202
0061 065 123 108 195 041 123 077 203
0062 069 127 105 207 039 125 077 206
0063 035 147 078 206 072 162 116 213
0064 088 196 134 239 040 180 078 239
0065 031 205 067 239 139 216 173 239
