0000 133 189 153 216 202 185 219 211
0001 137 189 156 220 202 185 219 211
0002 137 189 157 220 202 185 219 211
0003 137 190 156 220 202 185 219 211
0004 137 190 157 220 202 185 219 211
0005 137 190 156 220 202 185 219 212
0006 135 189 156 220 202 186 219 211
0007 137 193 156 219 202 185 219 211
0008 133 190 154 220 202 185 219 210
0009 133 190 154 219 202 185 221 212
0010 136 191 155 219 204 183 224 206
0011 131 189 154 219 205 184 225 207
0012 132 189 152 218 204 181 223 210
0013 205 178 223 206 132 187 152 215
0014 133 188 154 214 207 167 224 197
0015 135 183 161 213 201 152 223 182
0016 151 181 175 204 188 137 213 165
0017 166 172 196 199 171 124 195 151
0018 152 117 192 144 182 165 208 190
0019 187 162 215 190 143 119 187 147
0020 194 161 223 183 135 132 175 159
0021 197 162 224 184 129 143 168 170
0022 194 161 223 184 130 149 169 172
0023 193 164 217 189 130 151 164 176
0024 131 151 168 175 191 163 215 188
0025 127 151 165 176 193 163 218 188
0026 129 153 166 175 194 163 219 187
0027 129 153 166 175 194 163 219 187
0028 126 151 164 176 193 163 220 187
0029 125 151 165 176 194 160 222 185
0030 193 160 224 185 125 149 164 175
0031 191 158 226 185 128 149 167 172
0032 129 148 161 171 190 154 226 184
0033 129 148 160 171 191 157 226 185
0034 129 148 161 171 195 156 229 183
0035 129 148 161 171 192 153 228 180
0036 196 158 226 180 126 149 163 174
0037 195 158 226 181 129 150 158 174
0038 129 150 159 173 195 153 228 179
0039 196 158 231 181 127 149 164 173
0040 124 148 165 174 195 155 228 179
0041 191 155 229 182 130 145 159 172
0042 190 164 219 184 139 143 175 165
0043 147 138 177 158 178 162 210 190
0044 164 169 201 195 168 133 195 158
0045 148 173 172 203 188 150 214 179
0046 205 160 228 190 134 178 157 212
0047 214 172 235 204 122 189 142 212
0048 115 188 136 217 216 181 234 207
0049 209 182 229 209 113 186 132 213
0050 117 187 136 215 204 184 222 213
0051 121 189 139 214
0052 125 191 145 220
0053 128 191 146 218
0054 128 191 147 218
0055 128 191 147 218
0056 128 191 147 219
0057 129 190 147 217
0058 130 192 149 221
0059 132 191 150 220
0060 132 191 152 221 199 183 215 211
0061 133 192 152 220 199 183 215 211
0062 131 195 152 222 199 183 215 211
0063 132 190 152 221 199 184 215 212
0064 132 190 152 220 199 184 215 212
