0003 109 192 164 238
0004 107 181 174 221
0005 122 157 172 195
0006 131 135 178 175
0007 136 109 191 153
0008 155 080 197 131
0009 159 072 210 134
0010 158 073 208 137
0011 169 077 206 136
0012 163 089 208 139
0013 156 091 207 141
0014 157 091 208 143
0015 157 088 211 139
0016 167 079 206 140
0017 167 080 209 141
0018 167 077 215 133 089 071 137 124
0019 165 071 204 130 095 071 138 126
0020 094 073 136 121 171 076 204 122
0021 157 082 207 142 095 073 141 125
0022 157 078 209 134 095 073 142 125
0023 159 082 207 140 097 069 138 124
0024 173 070 210 119 098 077 141 120
0025 167 064 216 123
0026 169 066 215 124
0027 174 064 209 114
0028 167 065 209 123
0029 160 075 210 131
0030 159 073 210 132
0031 165 068 203 128
0032 170 068 208 135
0033 166 085 208 149
0034 155 119 208 170
0035 148 156 198 207
0036 143 187 194 234
