0010 135 212 178 236
0011 130 196 174 239
0012 128 178 188 215
0013 126 162 177 204
0014 129 150 182 192
0015 125 148 183 188
0016 126 140 188 186
0017 131 143 187 185
0018 130 149 186 187
0019 129 151 190 188
0020 129 146 186 187
0021 131 138 191 181
0022 131 134 184 184
0023 130 143 188 184
0024 132 143 186 183
0025 132 144 185 184
0026 131 139 187 182
0027 130 131 187 184
0028 134 127 186 179
0029 132 132 188 182
0030 133 142 187 179
0031 134 142 188 183
0032 131 148 187 187
0033 133 150 185 187
0034 133 157 189 193
0035 135 163 190 198
0036 141 180 176 215
0037 139 208 180 238
