0003 044 214 080 239
0004 042 198 086 239
0005 063 171 113 221
0006 079 150 127 199 156 197 196 239
0007 108 103 164 158 172 144 208 209
0008 123 096 175 142 174 109 218 183
0009 130 089 179 131 178 096 222 167 072 216 098 239
0010 176 074 224 154 136 073 196 121
0011 183 064 224 143 142 074 188 120
0012 179 061 229 134 147 071 186 116
0013 181 064 227 135 147 067 188 114
0014 181 062 227 137 148 068 187 115
0015 184 058 224 135 147 068 187 112
0016 181 062 226 135 146 068 188 112
0017 179 063 226 134 144 069 182 119
0018 178 065 226 135 138 070 185 117
0019 174 056 223 125 138 070 184 117
0020 179 059 225 130 140 061 196 113
0021 179 057 223 132 142 063 186 112
0022 181 057 225 130 137 062 192 112
0023 177 060 219 134 136 059 190 112
0024 168 081 215 152 130 077 184 122
0025 121 091 173 134 169 107 214 164 071 210 105 239
0026 102 108 152 158 159 141 206 196 071 217 104 239
0027 080 145 128 192 146 178 192 226
0028 061 190 102 234 128 206 177 239
