0000 143 209 163 239 211 216 239 238
0001 141 206 161 237 211 220 236 239
0002 136 187 159 226 211 220 236 239
0003 129 171 150 205 217 215 240 237
0004 125 142 147 181 218 214 241 237
0005 213 215 241 239 124 132 146 161
0006 213 216 241 239 123 114 143 140
0007 116 106 136 131 213 220 237 239
0008 093 105 121 135 214 220 236 239
0009 072 111 101 144 212 219 236 239
0010 054 129 096 159 213 215 237 238
0011 053 126 096 158 212 215 236 239
0012 053 126 096 159 212 219 234 239
0013 050 126 096 159 210 216 236 239
0014 049 125 095 157 213 219 236 239
0015 050 124 095 156 213 217 239 239
0016 050 122 099 155 211 214 237 239
0017 051 123 099 156 210 215 236 239
0018 052 123 098 153 209 215 235 239
0019 058 124 099 156 209 214 235 239
0020 069 135 101 164 208 216 236 239
0021 077 142 106 174 209 216 236 239
0022 092 162 117 196 210 216 237 239
0023 211 215 240 239 118 184 138 224
0024 213 214 240 239 125 194 147 234
0025 137 201 157 235 213 214 240 239
0026 213 214 241 239 141 205 158 235
0027 141 206 159 237 217 215 240 238
0028 213 215 241 239 142 207 160 237
0029 213 215 241 239 141 208 163 238
0030 214 215 242 239 141 211 162 239
