0005 122 208 175 237
0006 140 153 190 213
0007 155 106 199 173
0008 163 062 202 137
0009 158 051 205 116
0010 165 034 201 112
0011 165 031 200 106
0012 164 030 200 105
0013 161 031 200 101
0014 164 030 200 105
0015 164 030 201 105
0016 160 029 197 102
0017 159 030 197 102
0018 159 030 197 102
0019 163 030 201 107
0020 161 031 202 104
0021 162 032 200 108
0022 165 034 200 110
0023 166 050 202 119
0024 158 086 194 146
0025 152 111 192 174
0026 141 164 173 225
0027 128 194 167 239
0028 114 224 156 239
