0000 234 208 274 239 148 214 186 238
0001 233 207 275 239 149 212 181 239
0002 232 206 275 239 144 208 182 237
0003 231 203 277 239 121 181 164 236
0004 230 200 278 239 103 155 139 213
0005 229 202 278 239 087 129 135 183
0006 229 202 278 239 081 114 128 164
0007 231 202 274 237 078 103 124 151
0008 233 199 278 239 081 087 119 138
0009 235 201 279 239 083 074 116 118
0010 234 202 282 239 079 060 117 100
0011 234 202 281 239 078 058 111 097
0012 235 203 281 239 074 056 111 096
0013 235 203 281 239 069 060 113 102
0014 235 201 282 239 069 067 112 115
0015 235 202 282 239 069 076 113 122
0016 235 202 282 239 069 085 106 134
0017 235 203 282 239 065 096 108 146
0018 235 203 282 239 062 108 101 160
0019 235 203 283 239 060 113 099 169
0020 235 203 282 239 058 121 100 180
0021 236 203 282 239 058 128 099 188
0022 057 133 101 196 237 203 283 239
0023 237 203 283 239 060 132 101 198
0024 237 202 283 239 059 137 099 196
0025 236 203 282 239 062 135 109 195
0026 064 139 104 190 237 204 282 239
0027 236 204 281 239 079 150 118 200
0028 236 201 280 239 094 160 130 211
0029 233 193 274 234 107 174 140 229
0030 115 180 150 236 219 182 265 226
0031 210 177 257 221 121 185 155 238
0032 189 176 242 218 129 183 162 232
0033 126 171 168 219 180 172 235 215
0034 164 172 221 221 123 160 160 207
0035 155 174 214 219 113 155 154 206
0036 159 174 212 218 094 151 146 198
0037 083 150 138 199 161 174 212 218
0038 155 170 211 218 083 152 131 201
0039 149 170 205 218 093 150 134 205
0040 096 149 139 204 138 167 205 209
0041 108 144 148 197 137 162 191 205
0042 109 139 149 196 142 159 190 202
0043 108 138 148 191 144 162 192 199
0044 109 137 149 190 139 161 193 202
0045 113 138 149 194 139 160 195 204
0046 113 133 149 194 131 159 189 200
0047 117 139 156 193 132 157 192 195
0048 115 139 154 191 130 160 189 199
0049 115 140 154 193 132 162 195 201
0050 116 137 154 194 138 160 194 201
0051 114 138 153 199 139 161 193 202
0052 159 164 213 205 117 157 151 204
0053 180 174 239 218 121 164 156 214
0054 203 183 250 225 126 173 161 227
0055 216 189 265 235 130 182 167 232
0056 226 196 273 238 139 192 171 239
0057 144 200 183 238 238 194 277 236
0058 234 189 279 235 152 209 187 237
0059 234 198 275 238 150 209 184 236
0060 235 198 271 239 151 212 189 238
0061 236 203 274 236 150 212 189 239
0062 234 202 275 238 148 214 184 238
0063 235 204 276 239 149 214 184 238
0064 238 204 278 237 149 215 184 238
0065 234 204 276 239 149 215 184 238
0066 233 203 275 236 149 215 183 238
0067 233 203 274 237 149 215 183 238
0068 234 204 274 237 149 215 183 238
0069 234 204 274 237 148 215 183 238
0070 234 205 275 238 149 212 185 239
0071 235 205 273 236 149 212 185 239
