0000 148 213 193 239 059 221 108 239
0001 136 182 191 233 061 193 113 237
0002 137 134 186 193 068 151 124 205
0003 076 108 131 162 145 093 187 154
0004 144 062 197 132 072 080 134 139
0005 143 034 206 123 075 054 144 126
0006 153 030 205 116 080 040 140 119
0007 144 028 210 117 082 044 136 118
0008 145 031 205 119 079 056 143 129
0009 146 059 198 128 087 089 134 150
0010 082 129 143 182 152 092 202 150
0011 081 169 136 217 174 147 228 211
0012 068 195 131 239 180 192 239 239
0013 065 213 113 239 179 210 231 239
0014 060 217 105 239 181 216 226 239
0015 059 224 102 239 182 220 226 239
0016 061 223 096 239 187 216 226 239
