0003 158 220 187 239
0004 160 197 196 239
0005 162 177 209 222
0006 180 156 211 199
0007 183 143 219 185
0008 185 139 221 179
0009 184 137 221 178
0010 187 138 221 176
0011 186 133 222 175
0012 184 124 230 169
0013 187 115 231 164
0014 192 106 227 155
0015 189 112 230 158
0016 191 111 229 159
0017 194 108 238 153
0018 191 108 236 157
0019 193 104 237 155
0020 196 104 241 154
0021 197 102 244 151
0022 202 099 249 150
0023 203 101 251 150
0024 205 099 254 149
0025 206 101 253 150
0026 206 103 253 151
0027 207 104 255 150
0028 207 104 254 150
0029 206 104 254 149
0030 206 104 254 149
0031 206 104 254 149
0032 206 104 254 148
0033 205 105 252 150
0034 205 107 248 151
0035 203 124 245 166
0036 192 160 225 205
0037 171 193 205 238
