0006 147 217 191 239
0007 159 206 215 237
0008 173 199 224 235
0009 181 198 230 234
0010 179 182 239 224
0011 183 165 240 204
0012 190 155 245 198
0013 188 148 250 190
0014 187 145 249 185
0015 190 137 245 182
0016 191 137 250 179
0017 194 134 250 178
0018 188 134 244 176
0019 191 131 249 175
0020 189 129 245 173
0021 191 128 244 172
0022 193 129 248 171
0023 191 130 245 174
0024 191 130 245 174
0025 191 130 246 174
0026 186 130 246 174
0027 192 130 246 173
0028 192 129 247 173
0029 192 129 246 173
0030 194 126 249 171
0031 193 129 246 173
0032 194 127 250 170
0033 194 127 250 171
0034 195 128 248 170
0035 191 127 245 170
0036 190 127 245 171
0037 189 126 245 171
0038 190 126 245 171
0039 190 126 245 171
0040 190 126 245 171
0041 190 127 245 171
0042 190 129 246 174
0043 190 131 245 176
0044 188 140 246 185
0045 183 146 247 189
0046 192 168 250 210
0047 192 181 246 226
0048 188 195 248 239
0049 187 203 245 236
0050 195 211 238 235
