0004 133 224 174 239
0005 111 194 163 235
0006 096 138 158 191 087 209 136 237
0007 113 142 159 189 089 092 132 163
0008 086 063 129 144 132 087 173 160
0009 083 058 129 130 140 077 170 139
0010 087 054 126 128 144 065 168 137
0011 086 055 125 129 145 063 171 138
0012 088 054 125 126 143 062 173 139
0013 086 055 123 126 141 063 176 148
0014 080 061 124 128 142 064 176 148
0015 080 061 124 129 141 063 175 145
0016 081 059 123 129 141 070 175 146
0017 080 060 120 131 142 070 174 143
0018 080 060 120 130 142 064 173 143
0019 083 060 123 135 142 064 173 142
0020 082 064 124 130 142 064 173 142
0021 079 071 125 142 131 080 176 153
0022 075 103 127 157
0023 085 148 144 190 100 207 147 237
0024 087 187 153 232
0025 123 216 164 237
