0000 105 214 140 239
0001 080 182 122 211
0002 067 205 112 239 087 156 125 194
0003 064 138 127 182
0004 080 107 144 162
0005 091 100 162 151
0006 104 091 162 144
0007 107 089 169 144
0008 109 089 169 143
0009 106 085 166 137
0010 107 080 161 126
0011 107 075 162 126
0012 114 078 170 130
0013 113 083 167 134
0014 114 088 172 136
0015 113 096 167 144
0016 116 101 172 155
0017 111 099 163 152
0018 104 095 159 147
0019 105 088 157 139
0020 112 091 161 138
0021 109 090 159 136
0022 111 094 159 144
0023 109 101 161 149
0024 113 104 163 151
0025 106 117 159 169
0026 102 130 155 189
0027 094 156 145 223
0028 093 195 138 239
0029 091 218 136 239
