0001 137 220 175 239
0002 139 218 184 239
0008 145 197 188 239
0009 163 148 207 220
0010 174 117 223 191
0011 184 087 235 174
0012 185 063 246 155
0013 191 057 243 144
0014 193 050 246 139
0015 199 052 247 143
0016 202 056 251 151
0017 200 050 254 150
0018 203 048 253 145
0019 199 043 253 141
0020 198 044 248 135
0021 194 048 252 141
0022 198 048 250 136
0023 200 045 250 144
0024 196 048 252 141
0025 200 048 249 133
0026 200 052 252 144
0027 198 054 255 148
0028 196 083 252 165
0029 194 134 242 204
0030 160 179 221 239
