0000 196 206 222 239 116 201 139 236
0001 194 211 220 239
0002 193 208 221 239
0003 194 208 218 236
0004 192 211 219 239
0005 192 208 219 237
0006 195 206 221 239
0007 197 208 223 239
0008 198 201 224 239
0009 197 201 224 239
0010 199 204 223 239
0011 199 200 223 239
0012 195 203 220 239 104 199 123 229
0013 193 207 224 239 088 205 110 236
0014 195 207 224 239 079 195 110 230
0015 193 205 223 239 074 183 111 223
0016 193 198 222 235 074 168 112 201
0017 196 173 228 208 054 146 106 175
0018 201 130 235 159 055 099 094 134
0019 064 068 094 113 203 090 229 133
0020 193 041 230 085 076 034 111 093
0021 191 033 227 081 083 035 111 086
0022 088 024 119 081 192 021 223 072
0023 187 020 223 067 091 026 121 078
0024 190 020 222 074 091 030 121 079
0025 191 022 222 073 088 028 120 078
0026 090 027 119 078 186 026 223 072
0027 184 019 224 073 090 028 119 080
0028 188 021 221 073 091 028 119 080
0029 184 024 222 072 091 031 120 078
0030 184 021 223 072 087 027 118 077
0031 188 023 221 074 091 026 120 079
0032 183 023 222 079 086 026 116 084
0033 186 050 216 088 083 041 118 095
0034 179 073 219 117 088 105 114 136
0035 087 129 118 162 184 116 219 152
0036 099 181 125 225 191 173 223 208
0037 190 194 223 231 107 200 130 239
