0002 146 196 208 239
0003 146 178 203 222
0004 148 151 195 191
0005 154 126 202 173
0006 153 109 199 158
0007 156 099 206 148
0008 146 093 201 142
0009 149 084 202 137
0010 149 080 203 129
0011 151 075 199 125
0012 150 075 196 123
0013 156 077 196 119
0014 150 074 195 121
0015 149 073 194 121
0016 153 073 194 120
0017 153 072 195 120
0018 155 075 199 121
0019 153 072 195 120
0020 153 071 196 117
0021 153 070 197 117
0022 151 072 196 119
0023 150 073 196 123
0024 152 076 198 124
0025 150 076 200 124
0026 152 087 199 138
0027 149 096 199 143
0028 145 107 195 157
0029 140 138 191 184
0030 134 182 191 225
0031 144 215 212 239
