0000 132 218 170 239
0001 126 220 161 239
0002 128 206 168 239
0003 126 144 161 186
0004 119 103 159 167
0005 123 053 159 134
0006 124 044 162 118
0007 121 043 155 116
0008 120 035 154 117
0009 120 042 154 114
0010 119 036 152 115
0011 121 036 156 111
0012 115 036 151 108
0013 116 036 155 112
0014 115 040 151 109
0015 117 036 151 111
0016 116 032 152 113
0017 116 035 152 113
0018 117 039 152 116
0019 118 056 157 125
0020 117 108 156 164
0021 126 195 164 235
0022 129 214 167 239
0023 135 220 164 239
0024 128 218 166 239
