0002 249 207 293 239
0003 255 204 300 239
0004 246 204 295 239
0005 027 206 081 239
0006 024 163 080 196
0007 032 123 068 151
0008 020 084 073 122
0009 030 057 079 092
0010 031 043 085 096
0011 038 041 090 098
0012 036 047 087 097
0013 031 043 086 091
0014 035 048 089 097
0015 031 047 088 091
0016 034 046 091 100
0017 036 048 090 101 255 204 295 238
0018 037 049 089 099 250 208 296 239
0019 036 049 089 097
0020 035 050 089 098 254 200 300 239
0021 035 051 088 098 253 204 301 239
0022 037 046 088 100
0023 034 049 090 101
