0000 188 193 210 227 108 190 126 229
0001 189 193 212 227 105 193 124 226
0002 189 190 210 228 109 193 127 226
0003 111 189 132 229 183 192 207 227
0004 184 190 208 227 113 193 132 227
0005 113 194 133 225 184 187 206 224
0006 113 194 132 226
0007 113 190 130 223
0008 111 191 133 226
0009 113 193 132 223
0010 112 182 132 219
0011 111 176 132 209
0012 105 163 128 200
0013 103 156 129 187
0014 185 110 213 150 090 141 114 180
0015 069 134 093 173 180 091 225 133
0016 044 121 079 165 208 083 247 126
0017 231 078 265 120
0018 252 074 296 107 015 101 060 132
0019 264 072 314 099 013 093 045 119
0020 014 091 041 116 263 069 314 101
0021 014 087 043 113 266 073 317 104
0022 009 091 041 119 272 070 317 098
0023 009 090 040 119 277 071 316 096
0024 014 086 042 114 272 072 315 100
0025 008 086 041 116
0026 007 086 041 114
0027 007 092 048 120
0028 010 101 050 133 255 095 312 126
0029 010 135 034 158
0030 018 143 043 177
0031 012 143 045 176
0032 012 139 047 175
0034 012 139 048 174 264 137 310 178
0035 013 140 048 176 264 139 308 181
0036 017 141 059 179
0037 020 146 058 182 254 149 281 193
0038 029 156 066 194
0039 052 163 086 201
0040 071 168 107 215
0041 198 187 221 225 086 182 108 219
0042 101 189 122 229
0043 108 199 130 236 188 190 209 227
0044 191 193 215 232 111 202 131 235
0045 112 199 131 230 196 201 216 233
