0000 136 150 178 181
0001 123 157 164 193
0002 114 174 145 212 179 216 203 239
0003 097 197 129 234 182 210 209 237
0004 188 195 218 235 082 208 108 236
0005 192 177 234 219 065 214 094 239
0006 205 145 245 185 059 211 092 236
0007 211 117 243 154 059 210 095 239
0008 213 095 253 135 058 207 088 239
0009 220 076 251 119 051 209 090 239
0010 217 067 252 112 049 204 086 238
0011 217 062 252 110 047 205 088 236
0012 220 058 252 102 041 209 078 238
0013 215 061 251 106 041 210 088 238
0014 217 060 256 112 037 212 093 238
0015 215 072 256 127 035 209 086 233
0016 209 124 241 165 036 212 089 235
0017 190 170 236 213 044 218 086 239
0018 174 195 207 237 041 217 067 236 052 221 090 239
0019 172 200 197 239 041 217 067 236
0020 168 201 192 238 040 217 068 236
