0000 181 199 206 235 113 203 135 236
0001 182 200 204 235 113 202 134 235
0002 113 196 136 228 177 193 202 235
0003 115 184 141 217 178 186 202 228
0004 179 170 205 208 121 165 144 190
0005 187 149 218 183 128 145 156 176
0006 201 112 237 154 140 125 168 149
0007 226 086 256 116 142 117 171 140
0008 234 029 259 067 148 110 175 135
0009 224 025 248 060 146 106 178 129
0010 221 025 243 062 152 106 176 132
0011 221 025 244 061 150 108 175 132
0012 221 027 245 066 150 108 174 132
0013 221 026 245 065 150 106 178 134
0014 221 027 245 065 151 111 178 137
0015 221 027 246 066 150 113 176 139
0016 222 027 246 066 126 139 158 166
0017 224 027 247 066 095 162 130 192
0018 223 027 247 062 068 176 092 205
0019 226 026 250 064 051 175 076 204
0020 227 029 249 066 049 170 075 204
0021 226 030 251 070 051 172 074 201
0022 222 054 250 084 057 175 079 203
0023 062 179 086 208 219 075 241 100
0024 080 190 103 221 202 133 229 179
0025 092 196 113 223 195 178 217 221
0026 097 198 122 231 192 198 212 235
0027 105 199 126 233 188 201 208 233
0028 105 197 127 232 186 195 208 230
0029 186 196 209 233 105 198 127 233
