0004 142 211 184 239
0005 144 183 181 232
0006 152 118 186 155
0007 149 081 183 118
0008 137 060 185 099
0009 132 055 173 091
0010 129 054 172 091
0011 121 054 172 092
0012 130 057 170 093
0013 127 058 169 093
0014 130 058 171 093
0015 133 060 171 094
0016 132 060 173 092
0017 130 060 174 094
0018 134 060 176 098
0019 137 057 178 097
0020 136 061 179 100
0021 139 071 178 112
0022 141 088 175 132 049 203 084 235
0023 064 173 105 213 128 125 164 157
0024 110 152 155 189 076 168 114 194
0025 097 166 142 201 079 171 115 199
0026 081 174 113 202 097 170 143 206
0027 050 171 097 199 135 170 167 208
0028 023 162 073 187 172 170 204 194
0029 013 152 064 182 184 161 225 191
0030 013 150 067 177 193 156 246 188
0031 014 148 065 177 196 158 249 190
0032 015 149 066 180 194 158 249 189
0033 013 149 067 182 188 156 243 187
0034 013 149 068 183 189 158 242 188
0035 016 155 071 187 188 158 241 189
0036 014 158 072 190 189 160 225 191
0037 011 167 066 203 179 171 208 197
0038 015 185 067 228 151 195 184 236
0039 034 218 062 239 138 219 176 239
