0001 163 160 191 204 076 186 100 222
0002 081 177 107 223 170 142 196 177
0003 080 178 106 223 173 098 209 135
0004 176 034 211 080 075 186 097 223
0005 176 010 213 059 075 187 098 226
0006 176 012 209 051 069 182 100 224
0007 173 010 206 053 070 186 094 224
0008 177 009 212 047 070 187 094 223
0009 179 013 206 049 063 180 097 222
0010 176 007 214 054 067 189 088 218
0011 179 013 206 054 067 186 092 225
0012 178 011 214 052 066 186 091 224
0013 179 008 214 053 062 183 090 224
0014 178 010 207 055 065 183 091 222
0015 181 014 209 066 067 184 092 221
0016 182 032 210 082 070 190 094 221
0017 173 097 212 138
0018 076 188 098 223
0019 074 187 096 222
0020 076 184 100 222
0021 076 186 100 224
0022 070 180 104 223
