0000 098 203 154 238 058 215 093 234
0001 098 201 153 239 049 218 088 239
0002 097 201 161 239 050 219 085 238
0003 090 195 157 239 046 213 087 236
0004 087 181 164 235 050 206 083 239
0005 083 166 168 217 053 184 093 239
0006 082 154 161 201 059 180 100 238
0007 089 134 159 184 078 164 119 232
0008 085 116 149 200
0009 083 110 156 170
0010 077 097 145 145 126 121 179 173
0011 080 097 139 150 133 108 186 162
0012 077 098 139 148 137 111 187 161
0013 076 098 135 143 139 110 188 158
0014 072 100 138 149 135 108 189 156
0015 072 101 132 153 134 104 190 154
0016 070 098 126 150 131 106 183 150
0017 068 101 131 152 124 105 181 150
0018 069 104 129 156 125 109 183 157
0019 064 106 132 158 126 111 182 156
0020 064 108 130 158 124 107 181 160
0021 064 109 129 162 120 111 180 159
0022 066 106 127 156 127 109 179 165
0023 065 109 123 152 125 112 182 162
0024 068 109 128 162 124 111 179 157
0025 067 109 128 162 124 112 179 159
0026 067 109 128 163 124 112 179 160
0027 064 112 126 164 124 115 180 164
0028 063 111 127 162 124 115 181 163
0029 064 109 124 160 123 115 178 163
0030 064 109 127 161 124 117 180 164
0031 065 111 128 163 125 117 179 164
0032 064 111 128 161 125 117 180 164
0033 063 112 128 161 124 117 179 164
0034 064 112 127 163 122 113 176 169
0035 062 112 127 159 124 115 177 164
0036 065 114 126 160 126 115 177 171
0037 062 114 129 160 123 118 175 172
0038 060 111 130 166 123 118 175 172
0039 059 114 129 161 127 115 177 164
0040 060 111 130 166 128 114 177 164
0041 063 114 129 163 125 116 180 169
0042 062 114 126 159 122 119 182 166
0043 063 113 130 162 121 118 176 175
0044 060 113 129 164 123 114 176 170
0045 063 115 125 161 124 114 175 165
0046 064 115 125 161 120 115 175 169
0047 060 114 129 162 118 117 169 173
0048 061 116 133 166 133 116 179 170
0049 059 116 127 156 129 115 173 169
0050 059 115 127 159 123 115 173 174
0051 058 116 127 155 127 109 173 167
0052 062 116 128 155 127 108 175 166
0053 061 116 129 154 125 109 175 165
0054 061 116 129 156 124 111 175 164
0055 061 116 129 156 123 112 182 164
0056 058 116 131 165 122 112 177 166
0057 062 117 130 156 122 111 180 164
0058 062 117 130 156 121 116 176 168
0059 062 117 130 155 122 111 182 166
0060 058 115 126 159 125 113 179 169
0061 059 116 123 157 131 108 181 167
0062 058 115 128 159 125 111 178 170
0063 058 116 128 153 128 113 178 170
0064 057 113 128 159 124 107 179 167
0065 061 116 129 154 129 106 181 168
0066 060 116 129 155 127 101 169 170
0067 061 116 129 156 125 101 173 170
0068 061 116 129 156 126 101 173 170
0069 059 114 132 166 131 101 173 173
0070 130 099 169 176 061 116 128 158
0071 056 115 128 162 129 100 169 174
0072 130 100 168 172 064 116 125 158
0073 128 099 168 173 064 116 124 158
0074 061 116 128 161 128 098 168 174
0075 129 099 168 173 065 116 124 157
0076 128 097 168 174 064 116 125 157
0077 129 097 169 174 064 116 124 158
0078 131 099 169 175 062 115 125 158
0079 127 100 168 174 063 116 124 157
0080 128 099 171 178 062 116 124 156
0081 129 100 171 177 063 116 124 157
0082 129 099 170 176 062 116 129 161
0083 128 099 170 177 063 116 125 158
0084 058 116 128 161 130 100 170 174
0085 125 099 167 173 058 116 128 161
0086 129 099 170 176 057 116 128 161
0087 063 117 124 155 121 105 172 163
0088 129 100 170 175 063 116 124 155
0089 128 097 171 174 056 114 128 160
0090 127 094 172 176 056 114 128 159
0091 128 094 172 176 061 116 128 156
0092 127 095 171 176 061 116 128 157
0093 121 098 168 172 061 116 125 156
0094 128 094 170 173 061 115 125 157
0095 128 094 170 173 061 115 125 158
0096 128 091 170 173 058 115 122 159
0097 120 096 167 173 064 121 122 161
0098 123 092 168 178 058 116 124 159
0099 128 096 171 174 058 116 125 159
0100 126 100 173 166 060 117 130 166
0101 122 097 169 178 058 116 125 159
0102 122 096 169 179 059 116 125 158
0103 123 095 167 170 058 116 125 158
0104 124 094 167 175 060 116 125 158
0105 124 095 163 175 059 116 125 159
0106 120 095 163 167 059 115 123 158
0107 060 113 124 162 120 096 162 168
0108 058 115 127 161 119 095 169 168
0109 058 115 127 161 119 095 169 168
0110 060 115 127 161 118 096 164 170
0111 062 114 124 159 118 097 164 171
0112 123 092 162 171 062 114 123 155
0113 121 088 159 172 061 114 122 157
0114 059 112 122 158 118 091 159 173
0115 064 112 123 159 118 088 159 169
0116 118 083 158 165 063 110 122 151
0117 119 080 160 169 064 108 122 153
0118 121 081 162 164 063 102 123 156
0119 124 086 166 161 066 092 127 152
0120 129 089 168 159 071 092 129 156
0121 129 091 174 164 073 090 134 147
0122 076 087 133 155 132 090 173 165
0123 077 090 134 160 127 093 172 171
0124 128 096 171 166 082 089 133 163
0125 084 091 130 163 127 099 171 170
0126 131 096 173 178 084 092 129 164
0127 131 098 173 179 084 090 130 165
0128 085 093 131 167 126 097 170 182
0129 128 100 170 180 081 096 130 165
0130 128 099 171 180 081 105 135 166
0131 128 097 170 180 078 103 134 161
0132 078 105 138 158 130 097 174 172
0133 076 106 139 160 121 097 174 168
0134 076 107 137 159 127 101 170 171
0135 076 107 138 161 130 097 172 176
0136 076 106 137 162 124 097 167 170
0137 075 106 137 158 123 097 168 171
0138 082 107 139 152 124 099 167 170
0139 125 102 169 172 073 104 134 151
0140 075 104 135 149 122 112 170 174
0141 074 103 135 148 123 112 169 179
0142 123 114 168 180 074 102 135 149
0143 122 114 168 182 074 102 135 149
0144 077 105 132 145 122 115 175 172
0145 124 117 168 178 076 105 133 146
0146 124 118 168 177 076 105 133 148
0147 076 105 133 148 120 116 172 175
0148 077 102 133 150 120 116 172 174
0149 123 116 168 177 077 098 134 147
0150 080 099 136 148 122 117 168 177
0151 080 099 136 148 123 116 167 177
0152 079 098 137 149 122 117 167 177
0153 078 101 132 149 122 117 167 177
0154 078 101 132 149 122 118 167 178
0155 126 117 166 179 078 101 132 149
0156 081 100 136 151 124 111 169 166
0157 081 100 137 151 123 115 171 174
0158 079 099 137 151 124 116 166 171
0159 079 099 138 152 124 115 165 172
0160 080 099 139 148 123 113 165 179
0161 121 116 166 181 079 099 138 152
0162 121 113 166 180 077 101 133 149
0163 123 112 166 182 079 100 136 150
0164 124 111 167 180 077 101 133 149
0165 122 114 167 177 079 101 133 149
0166 079 100 132 150 119 113 170 171
0167 120 112 166 182 078 098 132 149
0168 122 112 169 171 078 101 130 150
0169 076 097 132 146 121 110 169 173
0170 077 101 132 151 120 110 170 174
0171 077 101 132 152 121 112 167 182
0172 120 112 167 183 078 101 132 153
0173 122 110 166 180 078 101 133 153
0174 123 114 166 183 076 101 134 155
0175 124 112 166 182 077 102 135 155
0176 123 113 166 182 077 099 135 152
0177 124 111 166 180 076 099 134 154
0178 081 100 136 153 124 110 165 179
0179 074 099 135 150 122 111 163 179
0180 074 100 130 147 120 113 159 180
0181 117 109 159 177 075 100 127 147
0182 069 097 126 146 118 107 161 181
0183 070 099 125 145 115 104 157 177
0184 113 100 156 176 068 100 125 144
0185 115 105 156 175 068 101 124 145
0186 116 104 159 170 069 100 125 143
0187 116 102 156 173 069 099 126 146
0188 117 109 161 174 070 099 125 146
0189 068 100 127 150 126 111 166 162
0190 072 095 128 143 128 108 173 157
0191 074 097 124 152 127 105 173 155
0192 077 098 121 151 133 104 175 150
0193 082 103 123 150 137 106 177 154
0194 079 097 125 155 126 104 172 177
0195 080 101 126 160 124 108 179 164
0196 080 102 127 159 128 107 177 160
0197 083 100 133 163 127 109 178 164
0198 078 096 134 163 124 109 171 178
0199 083 094 131 156 126 106 172 176
0200 083 091 132 157 128 103 174 174
0201 089 088 132 159 127 103 174 173
0202 091 087 133 158 131 106 176 160
0203 130 105 177 160 091 085 139 160
0204 092 087 134 156 139 107 179 158
0205 093 085 134 156 136 107 179 158
0206 093 084 135 158 137 107 179 158
0207 092 084 135 159 136 109 179 160
0208 092 085 136 161 134 110 180 155
0209 092 087 142 161 125 111 177 156
0210 093 086 136 161 131 106 175 173
0211 093 086 138 160 124 107 177 161
0212 093 086 139 159 135 110 181 164
0213 094 086 136 157 127 107 176 157
0214 094 089 136 159 130 105 177 160
0215 094 089 136 159 134 108 177 163
0216 094 087 134 164 132 110 181 162
0217 094 086 134 158 130 111 177 156
0218 093 085 135 159 129 109 177 157
0219 093 085 136 160 129 109 177 157
0220 093 087 136 163 129 111 182 156
0221 092 086 136 159 130 105 178 169
0222 093 088 135 164 132 115 184 160
0223 093 086 135 161 129 107 178 172
0224 093 087 136 160 130 112 178 160
0225 093 088 136 160 133 109 176 170
0226 094 093 136 166 141 112 177 161
0227 094 094 136 166 135 114 183 164
0228 095 087 136 156 139 112 181 160
0229 093 086 137 158 135 111 178 162
0230 094 087 139 156 131 111 178 158
0231 101 090 137 160 142 112 178 158
0232 101 087 136 155 142 112 178 159
0233 098 087 136 157 143 113 178 158
0234 098 086 136 158 143 113 178 159
0235 098 086 136 157 142 112 178 159
0236 101 086 136 155 140 109 180 158
0237 096 084 143 156 139 108 180 158
0238 097 086 141 157 139 109 180 158
0239 095 080 141 157 142 112 179 157
0240 098 085 137 153 137 112 183 160
0241 096 083 140 152 137 112 183 159
0242 095 085 139 152 137 112 183 159
0243 097 083 138 156 142 112 179 156
0244 098 086 136 162 143 112 184 157
0245 098 084 138 161 138 114 180 163
0246 101 089 139 162 139 114 181 163
0247 101 089 140 162 139 113 181 162
0248 097 091 144 167 140 117 181 168
0249 099 092 141 172 130 123 183 170
0250 096 107 144 179 139 149 179 204
0251 094 142 152 208 090 194 156 234
0252 096 166 159 227 064 200 137 239
0253 059 202 116 239 107 193 169 238
0254 049 211 098 239
0255 050 219 099 239
0256 054 220 099 239
0257 054 221 100 239
0258 055 221 100 237
0259 055 222 101 239
