0002 128 215 168 239
0003 130 138 178 190
0004 141 097 185 146
0005 155 078 203 130
0006 160 071 207 126
0007 168 069 214 121
0008 173 064 218 118
0009 175 051 215 115
0010 181 048 220 114
0011 187 061 222 112
0012 186 061 221 107
0013 183 051 221 112
0014 186 063 224 109
0015 187 057 225 108
0016 187 047 223 113
0017 192 059 224 108
0018 190 045 225 110
0019 192 058 224 108
0020 189 046 228 115
0021 183 064 225 123
0022 181 081 221 130
0023 177 114 213 159 043 224 088 239
0024 160 163 200 216 045 224 088 239
0025 146 201 189 239
0026 145 223 180 239
