0000 137 158 163 184
0001 126 178 152 212
0002 122 190 144 226 196 190 213 218
0003 122 196 143 228 193 192 211 223
0004 121 197 142 229 198 184 218 214
0005 198 170 222 201 118 193 139 228
0006 120 190 140 227 206 148 238 178
0007 212 117 253 148 119 190 140 227
0008 216 092 249 132 118 195 140 230
0009 220 064 242 099 118 196 139 230
0010 208 041 229 076 119 192 140 226
0011 196 029 221 066 121 194 141 229
0012 185 018 210 052 119 192 139 226
0013 180 007 208 046 119 192 139 227
0014 188 007 214 047 119 193 140 228
0015 195 006 221 050 121 191 141 229
0016 205 009 230 054 119 194 141 225
0017 205 017 230 055 119 192 139 224
0018 198 024 223 060 118 193 139 228
0019 115 193 135 229 179 033 200 064
0020 115 194 135 229 174 019 197 061
0021 175 016 200 060 116 195 137 229
0022 117 194 138 227 191 016 215 063
0023 207 019 233 061 118 194 137 226
0024 214 021 239 062 118 194 138 229
0025 205 022 230 062 117 194 136 229
0026 115 193 135 229 186 026 210 059
0027 115 193 136 228 174 026 200 067
0028 169 024 194 064 117 194 138 229
0029 118 192 140 227
0030 203 016 235 062 119 194 139 229
0031 209 022 246 062 119 193 140 227
0032 212 022 237 059 118 194 138 226
0033 118 196 139 230 194 025 216 062
0034 179 027 205 068 116 195 136 229
0035 179 031 209 077 117 195 137 229
0036 188 049 215 095 118 195 139 230
0037 120 194 140 230 206 116 227 148
0038 121 196 142 232
0039 118 195 139 229 195 189 217 220
0040 116 191 136 228
0041 115 188 137 219
0042 116 186 135 217
0043 114 190 134 225
