0000 054 223 080 239
0001 054 223 080 239
0002 054 222 080 239
0003 054 223 080 239
0004 054 223 080 239
0005 054 222 080 239
0006 054 222 081 239
0007 054 222 080 239
0008 054 222 081 239
0009 054 221 081 239
0010 054 222 082 239
0011 054 221 084 239
0012 055 219 084 239
0018 136 200 169 239
0019 146 170 179 226
0020 153 138 186 207
0021 156 121 193 198
0022 162 111 196 179
0023 163 098 200 171
0024 173 092 210 163
0025 178 090 213 160
0026 181 089 219 160
0027 176 099 222 156
0028 162 090 214 148
0029 155 089 206 146
0030 155 089 203 143
0031 150 090 203 145
0032 148 091 201 145
0033 153 092 200 149
0034 153 090 197 154
0035 151 088 196 148
0036 152 092 193 158
0037 166 098 214 157
0038 183 105 225 170
0039 191 107 239 168
0040 193 106 241 163
0041 192 100 237 160
0042 193 099 235 160
0043 196 099 237 161
0044 194 096 237 162
0045 194 096 237 162
0046 184 097 228 165
0047 170 097 206 155
0048 157 094 201 153 049 223 083 239
0049 147 094 198 160 052 222 080 239
0050 143 090 195 156
0051 147 084 192 158
0052 145 084 184 153
0053 144 080 184 149
0054 144 082 184 147
0055 139 085 188 150
0056 143 084 184 148
0057 143 084 184 147
0058 144 089 183 153
0059 144 087 190 151
0060 143 088 190 153
0061 162 088 196 152
0062 186 107 229 170
0063 194 118 243 181
0064 198 120 248 180
0065 205 119 251 174
0066 202 120 251 180
0067 204 116 251 175
0068 203 116 254 172
0069 198 109 248 167
0070 181 104 227 168
0071 162 106 205 172
0072 142 125 188 191
0073 119 174 155 223
0074 100 212 150 239
