0004 166 170 212 217
0005 165 128 215 184
0006 165 081 210 134
0007 131 080 188 120
0008 135 075 183 119
0009 131 075 187 119
0010 162 066 204 115
0011 168 061 220 119
0012 165 071 195 113
0013 141 075 184 116
0014 144 072 180 114
0015 137 076 185 117
0016 170 075 200 117
0017 179 077 231 128
0018 171 072 221 126
0019 134 091 186 130
0020 129 083 176 127
0021 137 078 183 121
0022 167 065 222 119
0023 178 064 225 123
0024 178 070 230 126
0025 176 085 234 136
0026 173 108 231 161
0027 162 155 212 198
0028 141 191 173 239
0029 132 211 162 239
0030 126 211 164 238
0031 131 210 163 237
