0007 067 171 102 203
0008 059 116 098 157
0009 057 066 091 118
0010 061 031 097 093
0011 068 013 112 076
0012 069 011 113 076
0013 078 008 116 070
0014 079 009 117 072
0015 074 014 115 071
0016 073 012 112 069
0017 066 015 101 069
0018 056 008 091 069
0019 045 026 077 081
0020 040 033 076 090
0021 038 047 073 102
0022 044 080 081 122
0023 050 095 093 136
0024 065 110 106 151
0025 073 111 111 158
0026 074 114 117 154
0027 076 114 115 154
0028 073 110 113 153
0029 073 113 115 156
0030 071 114 121 165
0031 074 117 115 162
0032 082 119 126 166
0033 099 138 141 176
0034 113 157 152 197
0035 131 175 170 218
0036 138 184 177 227 278 204 305 239
0037 142 194 182 237
0038 148 205 191 239 262 211 295 239
0039 249 201 288 239 150 209 185 239
0040 240 201 283 239 148 219 190 239
0041 242 202 279 239 145 210 186 239
0042 240 203 280 239 146 208 184 239
0043 236 198 282 239 147 215 182 239
0044 242 204 280 239 147 224 187 239
0045 235 201 279 239 145 211 181 239
