0024 188 203 228 239 077 216 134 239
0025 085 183 144 239 170 176 217 239
0026 167 141 204 239 100 141 149 222
0027 098 121 151 193 156 120 205 223
0028 103 107 151 197 156 112 191 208
0029 107 106 148 194 152 104 188 204
0030 110 101 152 199 156 102 194 197
0031 093 104 156 172 153 106 198 186
0032 110 101 153 202 155 110 191 207
0033 108 103 154 199 156 103 191 208 076 108 115 168
0034 110 112 151 186 156 106 191 208
0035 153 106 189 215 118 109 154 210
0036 110 117 153 188 153 113 199 187
0037 112 113 156 185 154 110 196 190
0038 114 112 156 186 157 108 193 201
0039 112 113 152 195 157 110 193 202
0040 113 112 157 188 153 113 198 192
0041 111 112 154 195 153 111 197 193
0042 110 117 156 185 157 117 201 193
0043 111 116 152 185 154 112 200 185 080 116 119 180
0044 108 117 156 183 157 113 198 198
0045 112 112 155 185 152 115 196 195
0046 111 113 152 195 153 115 197 196
0047 113 117 155 187 150 115 193 203
0048 110 116 151 187 147 119 183 213 163 111 205 194
0049 110 111 150 197 148 116 195 224
0050 106 121 156 193 153 119 199 206
0051 170 153 218 234 089 162 145 237
0052 198 185 240 239 074 197 129 239
0053 065 218 118 239
0054 082 155 122 225
0055 082 158 121 220
0056 074 163 123 221
0057 074 164 123 225
0058 071 165 123 228
0060 076 159 120 224
0061 077 161 123 225
0065 082 165 123 225
0066 078 164 120 227
