0000 111 212 151 239 065 208 094 239
0001 114 212 152 239 063 206 095 236
0002 110 211 147 239 064 205 095 239
0003 109 210 147 239 063 208 096 237
0004 114 212 152 239 065 205 094 238
0005 112 212 150 239 064 206 094 239
0006 114 212 153 239 060 206 098 238
0007 112 209 154 239 069 206 097 238
0008 114 205 149 236 065 208 095 237
0009 112 203 145 235 061 206 097 237
0010 113 197 150 232 062 205 097 238
0011 061 205 099 239 117 195 149 225
0012 063 205 097 238 114 176 150 213
0013 064 206 098 236 118 148 147 195
0014 062 205 099 237 116 124 152 186
0015 061 206 099 237 116 104 155 170
0016 062 204 098 236 116 099 153 165
0017 060 203 097 236 124 090 158 157
0018 122 089 156 158 062 206 098 236
0019 062 205 098 236 125 086 159 155
0020 122 086 158 154 065 206 094 239
0021 122 087 156 147 067 204 099 236
0022 123 086 157 152 066 204 100 237
0023 122 087 158 155 061 205 099 235
0024 061 204 097 239 122 087 155 153
0025 066 205 093 238 122 085 157 153
0026 069 205 096 238 122 083 156 152
0027 064 208 094 239 122 088 154 156
0028 065 206 095 238 123 105 152 164
0029 063 206 098 237 118 121 153 175
0030 066 206 094 238 116 146 152 197
0031 061 204 098 237 119 180 154 211
0032 067 205 093 238 120 193 156 228
0033 112 203 152 239 067 206 094 239
0034 110 208 154 239 063 204 100 238
0035 112 210 155 239 062 206 099 238
0036 118 207 153 239 061 204 099 238
0037 118 206 155 239 062 203 098 237
0038 114 209 150 239 066 205 095 237
0039 113 209 149 239 062 204 100 237
0040 117 209 150 239 063 206 098 236
0041 113 210 154 239 062 205 098 236
0042 112 210 154 239 066 205 093 234
0043 113 210 149 239 062 204 098 234
