0000 275 179 319 211
0001 274 176 319 214
0002 276 178 319 211
0003 274 176 319 214
0004 274 176 319 214
0005 273 178 319 218
0006 273 177 319 216
0007 274 176 319 213
0008 275 177 319 212
0009 274 177 319 212
0010 275 177 319 212
0011 039 208 079 238 274 177 319 212
0012 043 152 082 206 275 180 319 212
0013 052 102 104 169 275 179 319 212
0014 062 069 105 150 275 179 319 212
0015 070 058 111 137 276 180 319 212
0016 071 061 112 129 276 179 319 213
0017 073 049 112 119 276 179 319 209
0018 072 049 111 118 277 179 319 209
0019 072 043 112 118 275 180 319 213
0020 071 045 115 117 275 180 319 213
0021 069 048 112 121 275 180 319 213
0022 068 048 112 123 276 179 319 209
0023 068 048 112 125 275 180 319 213
0024 066 048 104 118 275 182 319 214
0025 055 057 099 123 275 182 319 214
0026 047 059 102 123 275 182 319 214
0027 045 059 098 124 275 182 319 214
0028 045 060 098 125 275 182 319 214
0029 049 063 096 125 275 182 319 214
0030 042 061 097 126 275 182 319 214
0031 042 062 097 127 275 182 319 214
0032 042 061 097 127 275 182 319 214
0033 043 062 096 126 275 182 319 214
0034 044 061 096 126 274 182 319 214
0035 044 062 095 126 274 181 319 214
0036 044 065 094 126 278 180 319 210
0037 039 063 102 125 278 180 319 210
0038 034 065 103 127 278 182 319 214
0039 047 063 095 130 278 183 319 214
0040 046 064 095 130 278 183 319 214
0041 041 065 090 129 278 182 319 214
0042 036 070 100 133 276 181 319 215
0043 040 077 090 145 276 179 319 213
0044 033 102 084 162 278 176 319 210
0045 026 145 076 198 277 173 319 207
0046 028 204 076 239 276 176 319 210
0047 276 177 319 210
0048 275 178 319 209
0049 275 178 319 209
0050 275 178 319 209
0051 275 178 319 209
