0000 147 209 183 239
0001 148 208 183 239
0002 147 209 183 239
0003 147 208 183 239
0004 148 209 183 239
0005 150 210 185 239
0006 153 208 187 239
0007 154 207 194 239
0008 151 191 206 237
0009 161 141 213 199
0010 159 102 216 164
0011 165 068 222 144
0012 165 044 221 122
0013 165 035 215 111
0014 165 027 208 107
0015 162 023 208 104
0016 162 028 210 106
0017 161 028 211 102
0018 163 024 211 107
0019 163 024 212 108
0020 163 023 212 108
0021 162 024 207 109
0022 164 026 212 107
0023 164 026 211 109
0024 161 024 207 109
0025 161 024 207 109
0026 162 029 210 108
0027 164 032 206 111
0028 159 058 195 123
0029 154 075 189 136
0030 147 092 182 156
0031 138 117 177 178
0032 127 153 163 205
0033 113 192 160 235
0034 107 218 152 237
0036 138 209 176 239
0040 132 215 172 239
0041 135 211 176 239
0050 137 209 177 239
0051 137 209 177 239
0052 137 210 176 239
0053 136 210 176 239
