0009 161 212 215 239
0010 166 201 218 234 119 212 160 237
0011 121 193 157 231 175 179 222 220
0012 174 164 227 212 117 166 171 209
0013 184 148 227 204 118 142 170 197
0014 176 138 229 196 120 129 168 187
0015 177 122 229 185 113 108 162 174
0016 113 106 166 164 176 115 226 177
0017 176 105 230 173 114 106 163 161
0018 116 106 164 161 178 105 229 171
0019 177 102 231 162 114 104 160 160
0020 113 099 161 157 181 096 230 164
0021 175 100 230 166 116 099 164 154
0022 180 089 228 165 113 094 164 152
0023 178 090 236 159 112 093 160 152
0024 179 087 235 153 114 088 163 147
0025 183 081 233 153 112 086 163 141
0026 180 076 229 152 111 089 163 147
0027 177 080 235 147 113 087 160 145
0028 181 075 230 148 109 082 160 143
0029 180 078 224 145 109 084 165 145
0030 181 078 224 145 109 084 164 144
0031 107 090 159 148 174 084 235 150
0032 179 112 230 173 110 108 158 164
0033 179 155 225 207 116 162 157 206
0034 103 214 136 238
