0005 153 172 190 229
0006 160 146 201 212
0007 165 128 209 200
0008 167 114 211 190
0009 164 109 205 182
0010 168 105 207 174
0011 168 099 208 172
0012 168 097 210 175
0013 170 094 210 166
0014 168 097 212 174
0015 171 092 213 174
0016 169 091 206 166
0017 171 093 206 167
0018 169 097 212 176
0019 169 091 212 170
0020 165 096 213 170
0021 174 095 213 172
0022 169 099 215 170
0023 172 092 208 170
0024 170 096 212 168
0025 173 097 213 177
0026 173 096 214 175
0027 173 095 215 175
0028 173 096 215 177
0029 173 099 214 176
0030 168 097 215 171
0031 171 093 207 166
0032 171 091 206 169
0033 173 091 215 173
0034 173 093 215 174
0035 168 095 213 176
0036 167 099 206 175
0037 162 116 205 187
0038 152 159 188 204
0039 131 199 176 239
