0000 193 218 220 239
0001 194 214 230 238
0003 204 142 242 200 226 135 263 164
0004 177 096 219 159
0005 163 085 209 141
0006 159 069 196 145
0007 155 065 195 144
0008 151 075 194 147
0009 152 076 194 149
0010 151 075 194 148
0011 150 075 194 147
0012 150 077 192 147
0013 145 082 191 148
0014 150 073 194 149
0015 146 077 190 148
0016 148 072 193 148
0017 144 076 189 148
0018 147 073 189 147
0019 151 074 189 150
0020 151 073 189 150
0021 151 076 190 152
0022 151 073 190 149
0023 154 076 194 150
0024 160 076 196 156
0025 174 119 208 186
0026 184 184 222 238
0027 190 209 224 239
0028 184 215 218 239
0031 190 216 224 239
