0000 088 221 122 239
0001 092 221 119 239
0002 086 214 130 239
0003 081 199 132 239
0004 177 202 223 237 087 174 126 228
0005 162 153 213 199 086 148 135 194
0006 088 123 135 170 161 125 198 176 115 114 168 157
0007 149 113 189 153 093 115 129 163
0008 149 110 185 156 094 106 128 151 116 107 150 144
0009 151 104 183 153 097 108 134 147
0010 094 108 138 144 151 107 182 153
0011 150 114 188 157 094 114 148 151
0012 090 113 141 157 147 114 189 157
0013 074 109 128 160 157 119 205 160
0014 064 105 111 147 165 114 214 151
0015 053 094 099 142 185 103 230 146
0016 193 087 238 135 048 081 085 133
0017 199 079 242 126 046 074 083 129
0018 198 070 241 120 046 068 083 118
0019 048 065 086 118 205 067 241 117
0020 047 061 084 113 198 065 240 117
0021 050 065 084 112 200 068 241 115
0022 052 068 089 121 192 069 235 123
0023 190 074 233 125 054 064 094 126
0024 059 061 102 123 184 068 227 128
0025 065 053 109 122 180 060 218 124
0026 074 045 114 113 182 049 220 121
0027 077 043 127 105 171 047 210 119
0028 163 045 202 117 085 043 130 107
0029 091 061 143 113 156 059 190 118
0030 096 064 144 117 151 072 187 127
0031 095 077 141 128 150 081 181 135
0032 092 095 138 142 150 090 183 141
0033 152 108 187 153 093 107 145 146
0034 092 111 141 153 150 116 195 156
0035 078 108 129 157 161 109 207 158
0036 165 105 212 147 068 106 119 148
0037 059 091 104 141 175 095 222 138
0038 187 084 227 130 056 079 094 132
0039 189 074 233 125 053 075 093 124
0040 192 070 233 120 052 070 090 123
0041 188 070 226 120 055 069 094 122
0042 183 075 224 128 058 077 098 127
0043 180 082 213 135 063 082 099 133
0044 066 088 103 144 171 088 210 139
0045 073 092 111 149 164 092 202 146
0046 081 095 118 151 158 089 198 149
0047 084 095 122 156 148 093 188 146
0048 088 106 126 163 144 111 174 160 083 209 114 238
0049 086 119 127 164 109 109 159 161 081 210 113 239
0050 087 127 133 174 134 127 177 173 083 209 114 239
0051 137 133 179 176 094 135 144 180 084 215 111 238
0052 093 141 146 185 143 138 178 184 085 209 115 239
0053 139 145 182 188 090 141 139 185
0054 137 144 188 186 081 138 138 183
0055 149 140 207 181 067 133 112 182
0056 055 111 091 168 180 119 223 160
0057 052 099 088 154 190 098 226 153
0058 190 088 233 139 054 089 091 137
0059 056 080 091 136 190 084 229 137
0060 057 082 094 137 189 083 226 135
0061 057 082 094 142 189 085 223 142
0062 054 088 097 144 189 091 224 150
0063 189 097 225 154 056 099 093 153
0064 195 117 228 174 056 117 092 166
0065 193 138 229 200 055 140 101 191
0066 203 171 240 235 064 176 111 220
0067 068 199 117 239 213 220 245 238
0068 077 212 120 239
0069 078 215 113 237
0070 083 216 117 239
0071 081 221 114 238
0072 083 224 112 239
0073 084 224 111 239
0074 085 224 112 239
0075 083 223 113 239
0076 083 222 116 238
0077 081 217 114 239
0078 085 223 114 239
0079 088 220 116 239
