0000 160 182 220 233 099 206 132 239
0001 146 174 215 229 095 207 134 239
0002 137 166 206 221 098 205 133 239
0003 137 165 199 216 098 203 133 239
0004 093 208 135 239 138 159 199 211
0005 095 207 133 239 146 153 192 205
0006 094 207 131 239 143 133 198 184
0007 098 206 134 239 147 119 197 173
0008 099 207 135 239 150 109 200 156
0009 099 206 136 239 154 102 200 146
0010 099 205 135 239 162 097 205 136
0011 098 204 133 239 166 083 214 128
0012 098 199 135 239 164 076 214 118
0013 098 193 135 235 166 081 215 120
0014 101 161 141 211 154 106 197 139
0015 099 156 146 195 145 131 185 161
0016 101 152 143 193 138 147 189 182
0017 096 156 144 200 139 157 205 192
0018 089 158 139 203 144 162 205 196
0019 084 162 129 202 156 172 213 207
0020 168 170 233 207 074 161 118 200
0021 069 159 109 195 186 167 246 203
0022 047 148 091 195 208 164 266 203
0023 025 141 073 183 228 162 293 202
0024 020 140 071 178 236 159 300 197
0025 018 136 078 175 242 155 290 196
0026 018 142 076 174 240 153 290 195
0027 240 157 287 198 022 136 073 179
0028 240 164 280 203 038 139 075 177
0029 238 172 274 213 039 140 081 179
0030 227 194 261 234 057 165 101 204
0031 220 204 255 239 071 184 102 218
0032 068 198 110 239 217 217 251 239
0033 215 202 246 235 079 207 107 239
0034 207 203 246 239 082 214 117 239
0035 210 203 239 236 080 207 111 239
