0000 181 202 208 239 104 202 130 239
0001 182 204 204 235 104 201 124 236
0002 180 201 206 239 106 207 129 239
0003 179 202 208 239 102 205 126 236
0004 181 198 205 238 100 201 122 237
0005 174 196 203 234 108 190 130 222
0006 164 175 200 205 097 164 133 196
0007 155 152 194 178 106 146 133 175
0008 149 123 190 155 109 114 144 146
0009 107 103 145 138 141 105 181 139
0010 139 099 178 136 112 099 149 132
0011 117 096 154 132 142 098 182 139
0012 121 095 179 131
0013 115 096 152 127 142 096 182 137
0014 118 096 157 129 141 096 183 137
0015 118 098 156 130 140 092 183 134
0016 116 096 153 127 135 093 177 132
0017 116 096 152 127 136 093 177 132
0018 137 094 178 131 122 099 152 127
0019 115 096 155 127 141 094 183 130
0020 115 096 153 126 143 096 183 133
0021 115 095 153 127 138 093 178 133
0022 115 096 153 127 140 095 178 131
0023 115 096 153 127 138 093 178 132
0024 122 093 179 132
0025 122 094 181 131
0026 118 099 173 132
0027 108 115 146 148 138 111 180 147
0028 143 154 181 184 106 153 143 183
0029 148 171 184 203 099 166 135 198
0030 105 184 127 218 154 191 189 227
0031 172 207 196 236 102 203 126 235
0032 175 204 199 239 101 201 121 237
0033 104 206 124 235 178 208 209 239
0034 182 206 208 239 102 205 123 238
0035 180 205 209 239 098 204 122 236
