0019 081 215 120 239
0020 143 206 194 239 092 215 133 239
0021 089 202 136 239 143 190 184 228
0022 092 182 141 223 133 172 182 210
0023 121 157 171 191 084 164 135 203
0024 082 154 140 194 130 146 177 187
0025 077 150 120 189 131 138 194 175
0026 158 136 216 167 058 146 104 187
0027 201 125 244 163 026 143 076 182
0028 011 151 059 184 216 127 269 169
0029 014 152 064 191 228 137 281 177
0030 009 162 065 199 228 138 283 177
0031 009 158 071 197 219 134 281 175
0032 009 157 069 190 222 135 278 171
0033 010 155 071 191 224 128 277 167
0034 013 153 067 189 216 121 274 159
0035 016 153 075 195 209 114 271 157
0036 012 158 077 195 212 118 270 158
0037 211 119 269 159 015 156 071 197
0038 022 162 070 199 206 115 267 153
0039 210 111 261 154 029 167 082 208
0040 201 096 247 139 048 175 090 232
0041 179 068 230 114 064 187 107 239
0042 170 053 221 104 078 190 128 239
0043 092 188 142 233 146 054 197 108
0044 104 173 156 213 123 086 179 141
0045 111 150 165 202
0046 107 168 165 228
0047 107 193 169 232 114 146 151 180
0048 109 192 172 230 118 098 154 138
0049 107 074 164 120 100 174 165 213
0050 095 156 163 195 116 121 147 151
0051 106 149 158 204
0052 119 134 163 170 098 175 174 208
0053 098 180 171 216 123 106 169 146
0054 102 181 176 218 115 078 178 128
0055 101 180 167 216 116 086 172 133
0056 117 138 154 171 089 163 166 198
0057 101 165 161 220
0058 103 163 162 218
0059 109 157 166 213
0060 118 150 169 193 099 188 162 223
0061 129 165 177 212 098 203 152 239
0062 137 199 180 239 085 208 133 239
0063 090 218 133 239 143 213 188 239
0064 093 218 133 239
0065 088 221 128 239
0066 092 222 130 239
0067 092 222 124 239
0069 090 217 129 239
