0000 099 141 134 199 015 208 052 239
0001 104 121 134 184 015 213 050 239
0002 109 101 141 168 015 211 054 239
0003 113 086 144 157 017 209 053 239
0004 112 084 141 146 015 211 048 239
0005 114 073 145 140 017 209 053 239
0006 115 064 145 135 017 208 052 239
0007 116 064 145 129 016 214 054 239
0008 116 066 146 127 016 213 052 239
0009 116 061 146 129 018 212 054 239
0010 117 051 151 123 018 212 054 239
0011 117 059 146 122 016 213 054 239
0012 116 057 146 120 016 213 054 239
0013 115 058 145 120 016 214 055 239
0014 117 054 150 124 017 214 055 239
0015 115 057 146 122 016 213 054 239
0016 115 053 146 121 016 213 053 239
0017 116 055 146 118 017 206 053 239
0018 116 054 145 123 017 206 052 239
0019 116 064 145 127 016 206 052 239
0020 114 081 145 141 014 211 053 239
0021 113 096 144 151 017 213 054 239
0022 105 126 145 167 016 213 054 239
0023 015 213 054 239 110 155 141 189
0024 017 210 053 239 105 177 145 209
0025 016 211 056 239 103 189 146 226
0026 104 201 141 239 015 214 055 239
0027 109 207 141 239 017 207 053 239
0028 103 212 140 239 018 206 054 239
0029 105 215 146 239 017 214 054 239
0030 016 213 054 239 104 216 140 239
0031 108 216 141 239 015 209 049 239
0032 104 212 140 239 018 210 056 239
