0000 110 215 135 239 207 222 237 239
0001 112 214 135 239
0002 097 215 131 239 205 222 235 239
0003 092 209 127 239 204 221 235 239
0004 096 212 118 239 205 220 236 239
0005 081 213 107 239 213 219 236 236
0006 065 204 102 239 213 222 240 239
0007 055 194 093 238 213 224 236 239
0008 045 187 085 230 213 224 236 239
0009 030 171 079 222 214 223 236 239
0010 030 154 082 201 209 216 236 239
0011 039 139 086 177 214 223 237 239
0012 055 110 099 157 219 220 247 238
0013 079 086 107 132 216 221 249 239
0014 094 064 137 111 217 220 246 239
0015 095 066 139 109 219 216 248 237
0016 093 072 133 109 221 216 246 236
0017 083 065 125 103 224 222 248 239
0018 070 055 108 108 217 219 250 239
0019 033 064 079 118 218 220 253 239
0020 223 220 254 239 011 082 065 127
0021 005 100 059 137 221 220 255 239
0022 222 220 255 239 004 102 062 136
0023 222 220 255 239 013 082 069 121
0024 056 057 086 107 228 213 254 239
0025 086 051 115 093 232 214 259 239
0026 096 056 138 088 232 216 260 239
0027 228 215 253 237 104 064 148 096
0028 222 221 254 239 100 065 143 104
0029 094 065 136 101 226 223 251 239
0030 084 061 112 112 221 221 246 239
0031 059 069 088 124 225 222 252 239
0032 029 098 082 140 226 220 253 236
0033 223 220 254 239 008 106 079 142
0034 010 103 074 140 230 219 255 239
0035 230 216 260 239 046 055 076 108
0036 077 050 109 094 234 211 264 238
0037 233 211 264 239 090 058 135 092
0038 232 213 257 239 098 066 140 099
0039 230 211 254 238 099 073 140 111
0040 097 076 137 110 223 213 253 239
0041 088 092 127 140 218 219 249 239
0042 080 107 120 160 217 221 247 239
0043 076 170 114 202 214 217 246 239
0044 085 206 121 239 215 222 242 239
0045 106 209 139 239
0046 113 215 140 239
0047 105 215 139 239 212 219 237 239
0048 099 217 135 239 214 219 235 239
0049 103 219 128 239 214 220 237 239
