0003 098 177 160 232 168 218 202 238
0004 166 168 214 223 114 143 162 184
0005 119 108 171 152 180 126 232 175
0006 132 079 184 121 169 128 225 169
0007 134 130 190 174 151 080 209 121
0008 160 117 208 162 126 095 177 133
0009 143 072 201 115 154 136 194 171
0010 158 078 209 120 146 123 179 160
0011 160 123 214 167 140 091 177 131
0012 131 135 193 177 147 082 191 123
0013 150 108 202 152 117 108 163 141
0014 147 133 190 171 135 080 193 120
0015 149 094 209 132 142 123 180 157
0016 146 135 202 183 140 087 180 127
0017 128 135 188 176 149 090 198 131
0018 151 113 206 158 123 114 158 139
0019 128 091 186 131 155 144 194 181
0020 149 093 201 135 146 138 179 173
0021 145 124 211 165
0022 149 135 207 176 147 111 181 146
0023 142 134 205 173 145 114 182 158
0024 142 135 206 172 017 191 034 221
0025 143 120 187 173
0026 144 142 200 182 141 120 175 155
0027 145 164 196 211 126 128 168 178
0028 142 210 189 239 106 165 161 235
