0000 270 127 314 177
0001 259 133 312 178
0002 260 137 308 181
0003 258 137 308 179
0004 259 137 307 179
0005 248 139 306 181
0006 259 133 305 179
0007 028 196 066 239 249 134 297 180
0008 042 152 081 203 242 132 289 180
0009 064 118 102 172 241 135 282 183
0010 071 092 116 153 217 140 274 186
0011 210 147 256 186 089 077 136 142
0012 200 145 244 191 090 080 138 138
0013 094 073 140 137 175 123 218 177
0014 165 112 208 159 102 072 146 138
0015 108 081 150 141 147 099 204 148
0016 144 090 201 143 114 092 145 143
0017 142 092 190 141 116 088 161 138
0018 138 091 189 143 109 088 154 143
0019 146 091 197 140 110 088 153 148
0020 138 095 191 144 110 091 149 147
0021 139 094 190 145 111 093 149 146
0022 138 096 192 144 106 090 148 147
0023 143 096 195 142 109 091 148 147
0024 147 100 194 140 102 092 148 146
0025 148 096 205 140 106 098 148 145
0026 105 098 148 149 139 101 200 143
0027 146 104 210 144 105 098 148 152
0028 105 100 148 153 145 097 206 142
0029 105 100 146 151 145 107 207 149
0030 145 107 205 148 106 103 151 153
0031 108 099 147 149 145 107 206 148
0032 108 102 147 148 149 105 213 144
0033 109 102 150 153 145 103 204 144
0034 147 101 206 143 104 110 147 153
0035 107 100 152 151 151 090 211 139
0036 108 102 152 150 153 092 208 139
0037 106 102 152 151 153 092 207 139
0038 107 102 152 149 155 097 206 137
0039 108 102 151 149 157 098 206 138
0040 109 103 150 148 150 100 211 144
0041 153 102 211 144 109 104 149 148
0042 108 102 149 152 152 101 209 144
0043 152 101 209 144 108 103 149 152
0044 154 101 209 145 110 103 147 152
0045 153 100 210 144 107 104 145 151
0046 152 093 210 141 109 103 143 151
0047 152 093 211 142 107 100 149 153
0048 150 096 207 140 108 097 150 153
0049 155 095 212 139 111 099 149 151
0050 150 101 208 144 105 097 153 152
0051 153 093 210 141 108 099 150 151
0052 153 093 210 141 107 098 150 152
0053 104 103 149 153 161 094 212 141
0054 152 100 211 144 107 101 150 153
0055 152 102 213 144 107 097 151 153
0056 107 097 151 153 156 094 214 141
0057 105 102 148 154 146 103 213 146
0058 092 114 148 165 159 112 211 162
0059 088 131 130 184 171 132 215 186
0060 190 147 236 201 068 157 107 231
0061 195 154 241 207 058 183 096 239
0062 043 203 080 239 189 162 243 209
0063 201 174 248 233
0064 206 183 252 236
0065 196 184 252 233
0066 203 179 253 236
0067 201 185 247 238
0068 197 181 251 237
