0004 086 218 122 239
0005 086 219 121 239
0006 085 219 121 239 155 208 201 239
0007 153 210 198 239 086 218 121 239
0008 147 205 193 239
0009 157 144 199 186 085 164 126 212
0010 095 067 138 125 140 067 188 125
0011 143 037 179 106 103 040 145 092
0012 098 037 130 097 142 031 179 096
0013 095 043 130 094 150 030 190 084
0014 175 029 219 096 065 032 107 098
0015 175 028 237 099 056 036 109 096
0016 173 027 232 099 064 035 115 096
0017 170 035 222 104 066 033 117 103
0018 174 025 221 103 067 033 116 101
0019 175 029 226 104 066 037 116 096
0020 063 037 116 097 170 036 219 107
0021 075 042 121 101 157 045 206 103
0022 160 056 211 119 082 047 119 110
0023 162 096 209 142 086 084 128 131
0024 078 161 134 212 164 177 209 217
0025 083 217 128 239
