0000 246 214 281 239 142 212 173 239
0001 249 210 277 239 143 213 173 239
0002 246 214 282 239 143 213 171 239
0003 249 207 277 239 143 213 171 239
0004 247 212 281 239 144 213 172 239
0005 246 214 283 239 142 209 175 239
0006 144 213 173 239 248 214 275 239
0007 243 212 274 239 145 213 173 239
0008 150 209 181 239 224 202 260 239
0009 154 202 192 236 207 178 247 215
0010 184 144 239 176 166 175 222 209
0011 183 119 226 152 175 156 234 186
0012 176 091 214 130 179 117 240 162
0013 191 087 242 138 173 078 203 116
0014 177 075 228 131 163 073 201 114
0015 177 076 227 131
0016 176 075 227 130
0017 176 075 227 129
0018 177 076 226 129
0019 173 080 230 133
0020 175 080 230 131
0021 175 079 230 129
0022 182 078 232 129 170 077 198 121
0023 176 081 227 134
0024 178 078 226 132
0025 182 083 229 134
0026 179 078 228 131
0027 186 080 237 133 168 098 209 151
0028 176 087 227 147
0029 173 087 211 137 184 101 235 149
0030 184 130 237 167 174 166 216 205
0031 153 203 188 239 209 165 244 203
0032 226 198 258 238 144 213 172 239
0033 242 211 275 239 138 214 165 239
0034 243 215 278 239 140 211 168 239
0035 142 210 170 239 250 215 280 239
0036 146 211 168 237 250 222 277 239
0037 245 216 272 239 143 212 166 239
0038 243 218 275 239 145 214 170 239
0039 243 217 276 239 145 215 171 239
0040 247 216 277 239 145 215 171 239
0041 244 215 276 239 144 211 167 239
0042 244 216 276 239 146 215 171 239
0043 246 216 278 239 148 211 171 239
0044 244 217 277 239 149 219 170 239
0045 242 216 274 239 147 211 170 238
