0000 202 169 224 203 137 183 157 214
0001 201 172 223 205 135 181 159 213
0002 203 172 225 206 134 184 158 216
0003 204 175 226 208 135 186 158 219
0004 206 179 228 211
0005 205 177 225 207
0006 204 177 225 207
0007 203 174 225 208
0008 204 178 224 209 136 184 159 218
0009 202 181 224 211 136 184 159 218
0010 202 179 223 210 136 185 159 218
0011 204 178 226 210 140 190 162 222
0012 145 182 183 213 207 172 228 200
0013 146 156 185 187 205 151 227 183
0014 140 141 192 173 198 138 231 168
0015 201 112 229 152 152 110 189 153
0016 149 090 186 136 198 092 225 135
0017 144 081 170 130 201 081 227 120
0018 143 076 170 131 200 080 224 122
0019 203 078 227 117 137 075 166 131
0020 132 073 158 120 204 080 228 106
0021 131 072 156 118 211 073 233 101
0022 131 074 156 118 208 074 229 102
0023 131 075 154 113 208 076 229 105
0024 131 075 153 113 209 076 229 109 202 107 229 151
0025 131 076 154 111 203 072 236 110 201 108 224 152
0026 130 074 154 113 209 076 229 108
0027 130 077 154 114 208 077 228 109 203 106 229 150
0028 126 074 159 114 209 076 235 106 203 106 229 151
0029 129 074 153 114 209 077 229 107 207 106 231 149
0030 129 074 153 114 209 075 229 107 200 106 225 150
0031 131 072 156 114 203 107 229 151 210 075 231 111
0032 126 075 160 114 209 076 233 107 202 107 229 150
0033 130 077 153 116 206 108 230 151 210 075 232 116
0034 131 078 154 115 213 079 234 108
0035 132 085 157 125 207 086 233 116
0036 200 103 228 148 132 105 168 139
0037 131 144 167 176 208 136 229 165
0038 132 158 159 192 205 150 228 184
0039 205 163 227 197 131 175 155 210
