0000 186 207 211 238 131 197 157 229
0001 187 206 214 239 131 196 155 225
0002 195 187 216 226 130 194 153 224
0003 131 193 153 226 190 143 225 176
0004 188 114 223 152 130 196 151 226
0005 194 059 220 118 129 194 153 228
0006 196 049 231 099 127 188 151 223
0007 196 066 246 115 126 186 150 219
0008 200 073 253 117 127 187 151 220
0009 200 077 252 120 127 186 150 221
0010 203 076 254 121 127 187 150 220
0011 203 076 251 120 126 185 149 217
0012 204 076 253 119 128 186 152 220
0013 204 077 254 122 127 185 150 220
0014 208 090 243 133 130 193 152 222
0015 196 124 233 169 129 189 152 223
0016 193 176 221 225 126 185 149 218
0017 193 212 222 239 130 190 153 225
0018 129 188 151 225 191 213 218 239
0019 195 205 216 239 130 192 150 225
