0011 089 149 141 209
0012 123 080 189 160
0013 139 063 191 140
0014 138 052 203 137
0015 148 046 203 123
0016 151 036 205 122
0017 150 035 202 117
0018 151 035 205 120
0019 152 038 206 121
0020 151 041 207 119
0021 146 040 216 117
0022 149 046 215 116
0023 151 041 212 120
0024 152 042 210 121
0025 152 042 208 119
0026 152 041 206 122
0027 144 042 214 125
0028 146 051 213 119
0029 147 049 213 116
0030 146 044 217 119
0031 148 040 215 123
0032 148 041 213 122
0033 150 047 212 118
0034 145 053 197 130
0035 136 060 180 135
0036 105 115 147 188 123 193 173 239
0037 076 190 123 239
