0002 062 210 100 238 184 201 211 237
0003 070 180 102 216 179 165 213 203
0004 076 146 109 191 180 135 217 182
0005 181 098 210 147 078 117 107 164
0006 078 095 116 142 183 078 211 129
0007 176 067 207 124 080 077 119 121
0008 173 064 205 120 084 068 113 116
0009 170 060 201 122 086 063 114 112
0010 174 064 204 120 084 061 113 110
0011 177 066 208 126 083 063 113 112
0012 179 067 211 128 087 062 112 111
0013 181 068 213 123 086 060 112 112
0014 181 066 210 124 087 065 115 111
0015 180 067 209 125 086 067 123 114
0016 179 066 210 124 092 063 120 109
0017 179 067 209 126 091 063 120 115
0018 175 065 211 122 092 064 120 111
0019 177 062 206 123 092 066 120 109
0020 179 064 208 114 092 062 119 110
0021 092 063 119 111 177 063 206 120
0022 177 064 206 119 093 063 119 110
0023 177 065 206 122 093 063 119 112
0024 094 064 118 107 179 068 209 122
0025 178 066 206 123 089 064 125 110
0026 087 063 122 111 178 066 205 120
0027 092 061 121 111 179 063 215 120
0028 089 063 124 112 179 067 209 122
0029 093 063 119 111 178 063 204 119
0030 094 062 120 111 176 062 209 120
0031 094 066 120 112 179 068 209 123
0032 092 070 120 116 181 074 208 123
0033 092 082 126 125 182 090 209 141
0034 082 116 116 164
0035 080 156 118 199
0036 081 205 116 239
