0004 008 191 064 233
0005 042 189 119 235
0006 042 190 126 229
0007 054 190 136 228
0008 061 189 150 235 214 214 248 239
0009 216 184 262 239 066 188 167 230
0010 203 149 247 224 069 182 160 219
0011 193 125 235 180 073 179 162 218
0012 176 101 221 154 074 173 164 208
0013 160 087 210 140 074 173 164 208
0014 148 078 202 133 080 173 165 208
0015 132 074 187 127 077 173 177 207
0016 121 068 176 119 080 170 162 203
0017 119 059 176 112 077 169 166 201
0018 124 054 178 104 080 167 167 202
0019 124 052 181 105 074 165 161 201
0020 135 055 190 108 075 166 168 202
0021 145 054 191 112 076 164 167 201
0022 146 055 191 116 075 168 163 203
0023 141 054 186 122 081 167 165 201
0024 134 052 181 132 076 165 163 202
0025 129 054 178 127 077 166 161 202
0026 124 055 181 126 080 169 174 204
0027 125 059 179 118 084 169 177 201
0028 131 056 183 114 080 165 170 198
0029 140 061 188 116 080 168 171 200
0030 148 064 192 138 079 170 170 202
0031 141 067 186 146 076 170 163 201
0032 133 076 181 149 080 172 175 206
0033 130 082 175 156 083 174 168 206
0034 122 081 175 158 081 175 165 209
0035 125 084 173 154 079 172 161 209
0036 127 092 179 151 083 175 169 208
0037 132 089 187 154 082 175 167 209
0038 147 086 194 169 079 174 165 209
0039 146 087 189 173 082 178 170 213
0040 137 092 185 176 083 181 165 215
0041 130 098 181 173 087 183 181 218
0042 121 104 180 168 083 182 170 216
0043 122 104 180 169 089 182 173 214
0044 126 103 181 166 085 181 171 213
0045 134 100 185 169 083 179 171 214
0046 145 093 188 173 086 179 171 214
0047 143 095 186 178 078 178 134 216
0048 136 096 181 178 081 182 171 214
0049 123 106 177 170 077 177 127 217
0050 116 110 170 173 084 183 159 215
0051 123 111 177 175 079 181 169 214
0052 135 106 183 185 074 176 128 216
0053 132 113 186 189 080 184 166 222
0054 129 122 188 180 067 184 156 219
0055 126 127 202 181 050 187 135 226
0056 140 136 214 186 016 186 070 235
0057 175 144 229 209 005 201 049 239
0058 212 205 256 239
