0000 185 182 209 220 098 185 120 222
0001 186 185 209 221 097 187 118 223
0002 186 180 210 217 096 188 117 221
0003 186 179 210 217 095 190 124 225
0004 185 185 209 220 097 190 118 222
0005 187 180 210 219 097 190 117 222
0006 192 184 212 218 091 184 116 221
0007 203 153 226 192 075 169 101 197
0008 198 113 249 148 056 129 094 161
0009 208 089 252 125 041 092 088 132
0010 218 053 265 096 041 055 079 099
0011 216 007 252 062 043 013 082 068
0012 210 007 247 049 055 009 085 044
0013 209 007 243 046
0014 205 008 240 043
0015 204 006 239 040 064 003 093 047
0016 206 004 238 037 063 003 093 046
0017 203 005 237 042
0018 208 006 241 037
0019 200 006 242 041
0020 199 006 239 036
0021 200 005 243 037
0022 198 006 242 037
0023 197 004 231 036 066 008 097 050
0024 189 010 230 071 073 015 107 069
0025 189 030 232 086 077 038 109 090
0026 078 088 117 131 192 081 231 126
0027 187 139 227 168 077 140 115 175
0028 188 166 219 198 082 160 116 196
0029 085 168 119 202 190 170 215 197
0030 091 170 116 200 192 171 214 199
0031 088 169 113 199 189 175 212 203
0032 095 171 119 201 194 174 214 202
0033 189 173 213 203 091 172 114 199
0034 190 170 214 203 089 171 114 200
0035 190 170 215 205 093 169 119 200
0036 187 170 216 204 090 168 115 199
0037 093 168 119 198 193 170 215 199
0038 190 174 213 203 097 170 121 201
0039 094 168 119 199 189 170 211 198
0040 094 171 119 199 186 170 218 206
0041 090 174 113 204 185 172 217 207
0042 092 181 113 209 190 182 217 211
0043 186 177 217 216 092 186 113 216
0044 090 183 117 221 189 188 211 216
0045 090 190 118 222 188 185 210 219
0046 187 189 208 222 097 187 117 221
0047 185 186 206 221 100 190 120 221
0048 183 188 204 222 098 187 117 223
0049 186 189 207 221 094 187 123 223
