0003 176 190 223 239
0004 175 112 220 158
0005 168 083 213 132
0006 154 053 196 100
0007 144 039 186 093
0008 141 038 177 084
0009 138 036 176 088
0010 136 037 173 083
0011 138 043 174 089
0012 139 044 173 088
0013 137 039 175 087
0014 137 037 175 086
0015 138 038 175 086
0016 137 038 176 088
0017 140 037 173 083
0018 141 038 171 084
0019 139 039 175 086
0020 139 038 176 087
0021 142 037 174 084
0022 143 040 182 091
0023 140 037 175 085
0024 140 039 172 089
0025 139 040 173 087
0026 139 038 179 090
0027 143 056 185 105
0028 153 078 194 132
0029 157 130 196 187
0030 151 183 192 239
