0005 118 175 160 238
0006 121 116 157 204
0007 114 090 158 176
0008 115 070 155 163
0009 113 061 156 155
0010 111 054 153 151
0011 106 046 160 149
0012 111 059 158 145
0013 113 059 152 145
0014 112 057 158 147
0015 108 063 157 148
0016 115 063 163 145
0017 117 067 161 148
0018 116 066 161 147
0019 116 069 163 148
0020 114 059 161 150
0021 115 065 160 150
0022 113 062 160 152
0023 113 056 156 151
0024 113 068 160 152
0025 115 067 164 144
0026 115 064 163 147
0027 111 062 157 148
0028 110 061 161 149
0029 113 063 157 157
0030 112 062 163 154
0031 120 070 159 151
0032 123 093 168 161
0033 133 170 177 224
0034 135 191 175 236
