0003 188 221 215 239
0004 189 202 215 239 104 209 130 235
0005 094 207 130 236 186 180 216 224
0006 185 152 215 209 102 166 136 217
0007 182 135 211 191 102 152 138 204
0008 179 127 212 194 100 149 136 201
0009 182 133 214 195 100 149 142 200
0010 100 153 138 204 184 143 214 197
0011 182 145 215 201 102 152 139 205
0012 179 147 215 198 102 155 140 205
0013 179 147 215 197 102 155 138 205
0014 178 147 215 198 102 156 138 204
0015 178 147 215 198 101 157 141 205
0016 183 143 214 201 096 154 135 204
0017 182 141 213 197 095 151 136 198
0018 182 132 212 195 094 146 133 196
0019 181 131 212 191 094 139 130 196
0020 095 145 130 198 180 132 213 197
0021 179 134 213 197 095 152 129 200
0022 180 136 213 198 096 153 130 202
0023 179 138 212 194 095 152 129 202
0024 178 138 213 200 094 151 130 204
0025 178 147 212 202 092 155 130 202
0026 173 173 204 224 093 173 130 214 098 151 127 184
0027 173 216 202 239 090 199 128 236
