0000 172 173 214 211 049 163 108 204
0001 051 162 105 205 173 173 214 211
0002 051 163 106 205 169 174 211 212
0003 054 163 109 204 173 157 214 206
0004 171 152 216 202 054 163 109 204
0005 054 163 109 204 175 127 210 182
0006 054 163 109 204 176 110 216 167
0007 054 163 109 204 178 101 215 163
0008 175 075 216 149 054 163 108 204
0009 179 084 220 141 054 163 108 204
0010 171 079 222 128 054 163 109 204
0011 053 163 110 204 171 079 228 125
0012 053 163 111 205 173 073 232 116
0013 053 163 111 205 176 070 234 114
0014 053 163 111 205 174 065 236 111
0015 053 163 111 205 170 058 233 107
0016 053 163 112 205 175 059 238 107
0017 053 163 112 205 171 057 239 103
0018 053 163 112 205 169 055 240 103
0019 053 163 112 205 172 055 234 105
0020 053 162 112 205 175 055 233 103
0021 053 162 112 205 174 058 240 107
0022 052 162 112 205 173 058 240 107
0023 053 162 112 205 173 058 240 106
0024 054 163 109 205 176 054 235 105
0025 054 163 109 205 176 057 239 105
0026 054 163 114 205 175 058 240 104
0027 054 163 111 205 175 058 241 105
0028 054 163 111 205 177 056 244 104
0029 054 163 111 205 171 059 241 103
0030 054 163 111 205 175 064 246 106
0031 054 163 111 205 176 067 232 113
0032 184 080 228 134 053 162 111 205
0033 185 099 219 152 053 163 111 205
0034 178 134 213 172 053 163 112 205
0035 172 145 212 194 053 163 112 205
0036 054 163 110 205 172 166 207 208
0037 054 163 108 205 173 170 207 210
0038 054 163 107 205 173 171 207 210
0039 053 163 108 205 173 174 208 210
0040 054 163 108 205 174 175 205 209
0041 053 163 113 205 174 177 207 208
0042 053 163 112 205 172 173 207 210
0043 053 163 112 205 171 174 207 210
