0000 189 206 207 237 096 212 115 236
0001 187 208 206 238 093 211 116 239
0002 189 204 207 237 096 217 117 239
0003 189 203 209 239 095 212 117 239
0004 192 200 214 238 096 212 118 239
0005 194 195 218 238 098 214 119 237
0006 196 191 224 233 098 211 120 239
0007 202 183 231 229 099 211 122 239
0008 206 180 236 223 100 211 123 235
0009 213 171 244 215 103 215 125 237
0010 215 159 246 209 103 210 129 239
0011 213 152 249 199 105 210 128 239
0012 206 151 250 189 103 212 130 235
0013 205 140 243 179 105 214 127 237
0014 200 141 229 170 106 209 130 239
0015 190 137 225 170 107 208 131 239
0016 186 136 228 173 108 207 131 239
0017 190 136 232 179 107 209 130 239
0018 206 139 241 183 108 213 130 236
0019 218 144 246 183 108 213 130 236
0020 212 142 246 182 108 214 130 236
0021 208 139 245 178 106 208 130 239
0022 203 144 232 184 106 213 129 236
0023 200 145 227 193 107 210 130 239
0024 207 152 235 204 110 213 130 236
0025 222 163 248 213 111 213 129 236
0026 227 168 254 213 111 212 129 235
0027 112 213 131 236 226 163 254 209
0028 213 158 244 207 109 208 131 239
0029 207 166 232 205 108 209 131 239
0030 109 212 128 236 208 165 234 219
0031 218 169 248 227 109 210 131 239
0032 224 171 254 222 108 209 130 239
0033 224 171 255 214 107 207 130 239
0034 107 207 130 239 213 159 244 209
0035 108 206 130 239 200 162 228 217
0036 108 208 131 239 195 169 229 228
0037 109 209 133 239 209 173 238 229
0038 109 209 133 239 221 183 247 226
0039 110 210 133 236 220 176 251 222
0040 213 171 242 210 110 210 134 237
0041 110 210 134 238 201 164 232 214
0042 110 210 134 237 196 162 228 219
0043 111 211 134 238 205 180 231 225
0044 110 210 133 237 211 168 239 227
0045 108 208 133 239 223 185 248 228
0046 225 181 251 223 108 209 133 239
0047 107 209 132 239 226 181 251 223
0048 214 172 246 224 107 208 130 239
0049 107 209 131 239 208 169 237 218
0050 107 209 132 239 202 162 230 218
0051 108 209 133 239 200 163 229 224
0052 108 210 134 239 198 173 234 228
0053 109 210 134 238 210 174 241 226
0054 108 209 132 239 219 178 244 225
0055 108 210 133 239 222 179 249 222
0056 220 175 249 223 108 210 133 239
0057 109 210 134 239 215 172 244 225
0058 109 208 133 239 209 173 238 221
0059 109 209 134 239 204 173 231 219
0060 112 211 133 236 199 161 229 222
0061 110 210 134 239 202 161 229 226
0062 110 209 134 239 209 175 237 227
0063 110 209 134 239 214 170 246 231
0064 109 209 131 238 223 182 249 223
0065 106 208 136 238 221 172 250 222
0066 111 208 133 239 211 164 240 217
0067 112 209 133 239 201 163 231 211
0068 112 208 136 239 191 158 222 219
0069 107 207 140 239 191 161 222 223
0070 110 208 138 239 201 181 227 232
0071 109 207 136 239 202 196 228 239
0072 201 202 224 239 113 210 141 239
0073 202 201 223 239 114 209 141 239
0074 200 200 223 239 114 209 141 239
