0000 137 212 170 230
0001 136 210 170 230
0002 136 210 170 231
0003 136 211 170 231
0004 142 207 170 235
0005 144 199 170 227
0006 144 181 171 211
0007 146 154 171 191
0008 148 128 176 177
0009 143 104 174 159
0010 147 092 178 146
0011 149 085 176 138
0012 144 079 178 139
0013 149 077 179 133
0014 146 079 179 134
0015 145 082 184 142
0016 146 080 184 141
0017 149 081 182 140
0018 150 082 182 140
0019 151 082 185 146
0020 149 083 186 146
0021 149 083 186 146
0022 148 087 183 143
0023 150 080 182 139
0024 147 082 184 146
0025 144 090 179 152
0026 146 115 175 171
0027 135 142 171 191
0028 139 183 166 211
0029 139 194 167 222
0030 134 207 170 230
0031 135 208 171 237
0032 135 210 172 238
0033 136 211 172 237
0034 136 211 172 237
0035 136 210 172 237
0036 135 210 172 237
0037 136 210 172 237
