0001 122 213 168 239
0002 121 189 175 239
0003 118 176 172 234
0004 115 162 163 228
0005 116 147 157 221
0006 116 136 155 216
0007 116 131 154 215
0008 114 127 158 206
0009 114 121 156 206
0010 115 116 156 202
0011 115 113 151 191
0012 117 113 155 190
0013 119 111 155 193
0014 118 108 156 191
0015 114 101 152 187
0016 119 108 157 191
0017 119 097 158 188
0018 113 096 153 182
0019 119 098 158 184
0020 114 096 153 181
0021 121 095 154 185
0022 119 097 159 184
0023 113 096 153 181
0024 120 098 158 183
0025 114 092 154 181
0026 113 093 154 180
0027 114 095 153 182
0028 120 097 154 185
0029 118 100 156 184
0030 117 100 156 184
0031 118 101 155 181
0032 112 102 153 190
0033 111 106 154 196
0034 109 123 152 204
0035 116 150 156 229
0036 115 186 165 238
