0000 098 198 144 239
0001 100 196 150 239
0002 102 196 153 239
0003 108 199 153 239
0004 104 196 150 239
0005 102 192 149 237 139 212 182 236
0006 138 186 185 238 104 180 138 237
0007 134 133 184 184 097 143 152 193
0008 142 068 185 122 099 080 150 132
0009 103 037 156 096 152 036 183 094
0010 150 027 186 080 104 020 151 075
0011 108 012 150 072 145 020 188 076
0012 107 010 148 075 148 017 185 077
0013 111 012 151 070 148 018 184 073
0014 111 014 149 075 148 020 189 075
0015 147 017 184 079 106 010 145 069
0016 146 021 189 075 106 021 155 068
0017 147 019 187 077 110 020 147 073
0018 143 023 188 075 104 021 149 076
0019 103 019 148 075 145 023 191 076
0020 106 017 147 077 146 021 191 076
0021 148 018 188 079 104 020 148 076
0022 143 027 190 080 103 021 144 079
0023 094 038 137 098 148 040 188 094
0024 083 090 130 151 150 099 192 157
0025 161 169 198 232 069 169 116 234
0026 157 202 203 239 067 209 111 239
0027 160 205 201 238 068 209 110 238
