0000 189 197 210 235 122 198 143 230
0001 125 199 143 230
0002 125 199 143 230
0003 122 202 140 234 193 065 219 099
0004 196 050 220 090 124 198 140 231
0005 192 055 217 089 122 202 140 234
0006 189 074 215 104 123 200 140 235
0007 121 201 140 232 192 094 216 131
0008 120 200 139 231 192 116 214 145
0009 124 199 140 229 193 104 213 133
0010 194 084 219 120 121 197 138 228
0011 198 050 222 087 116 194 136 227
0012 198 047 223 081 116 199 134 230
0013 197 058 221 096 117 200 135 229
0014 117 199 136 228 201 080 225 120
0015 116 195 137 227 200 136 230 165
0016 115 195 137 227 197 149 226 185
0017 116 196 137 227 200 183 222 220
0018 119 201 137 228 200 204 217 230
