0000 183 202 207 237 105 195 127 232
0001 184 204 206 238 105 202 125 234
0002 188 199 216 235 084 189 103 229
0003 192 193 221 228 069 180 092 214
0004 049 116 085 148 191 140 225 176
0005 047 073 084 115 190 092 218 131
0006 060 043 087 097 188 046 212 087
0007 064 034 094 084 182 031 205 072
0008 069 026 094 080 183 025 208 070
0009 183 024 207 066 066 031 102 079
0010 065 030 103 078 183 022 209 066
0011 067 033 100 081 183 024 210 069
0012 072 037 102 077 182 027 206 067
0013 077 034 119 068 172 027 201 068
0014 166 025 200 067 089 032 138 063
0015 156 028 191 067 097 033 155 062
0016 157 027 196 067 104 029 161 058
0017 163 032 191 062 114 024 162 058
0018 161 031 186 067 115 023 166 058
0019 154 033 191 067 124 025 180 054
0020 120 029 168 055 160 034 188 067
0021 121 024 167 058 161 033 186 068
0022 122 028 167 054 161 033 187 069
0023 164 034 191 066 113 028 170 057
0024 113 028 171 057 164 035 191 069
0025 164 038 199 079 110 033 173 066
0026 171 067 205 106 092 067 134 097
0027 171 095 206 133 086 095 129 128
0028 181 161 210 191 086 152 114 192
0029 182 183 208 221 090 182 119 223
0030 181 195 208 234 099 201 117 233
0031 182 196 206 236 105 205 122 236
0032 182 205 211 236 108 202 126 232
0033 182 199 209 238 107 205 127 238
0034 188 204 209 237 107 205 126 236
0035 108 203 127 235 193 202 216 237
