0005 073 207 126 239
0006 061 183 116 234
0007 049 145 105 194
0008 045 122 105 179
0009 031 098 101 155
0010 033 091 101 152
0011 033 084 100 147
0012 041 080 105 141
0013 045 078 104 137
0014 045 084 107 143
0015 043 076 106 142
0016 045 071 105 146
0017 046 070 103 143
0018 047 071 105 137
0019 047 071 105 143
0020 051 073 099 137
0021 045 071 104 137
0022 045 069 100 136
0023 046 069 104 133
0024 046 069 104 134
0025 050 073 098 137
0026 043 073 101 138
0027 045 082 104 143
0028 047 088 104 149
0029 048 089 104 152
0030 046 089 104 151
0031 043 098 100 155
0032 042 101 106 158
0033 053 128 105 188
0034 065 200 120 239
