0000 178 220 219 239
0006 140 223 181 239
0007 115 183 161 221
0008 091 129 135 177
0009 085 095 129 152
0010 077 101 132 150
0011 080 120 152 152
0012 095 107 157 149
0013 101 085 166 119
0014 137 071 181 130
0015 117 102 178 155
0016 125 121 196 158
0017 149 107 207 157
0018 154 090 219 129
0019 174 075 214 132
0020 176 096 211 153
0021 171 115 211 154
0022 165 112 228 145
0023 177 081 242 119
0024 174 045 231 080
0025 176 016 234 061
0026 170 026 224 071
0027 157 067 211 133
0028 158 111 214 192
0029 156 115 214 176
0030 154 109 210 170
0031 156 106 212 170
0032 156 109 215 171
0033 153 115 214 172
0034 151 137 214 185
0035 154 177 211 220
0036 157 216 199 239
