0000 127 177 152 210 201 183 220 211
0001 132 164 158 195 201 181 221 211
0002 201 181 222 211 128 137 162 169
0003 200 182 222 214 124 114 172 147
0004 200 182 221 213 129 095 178 134
0005 200 181 221 212 137 091 177 124
0006 201 181 221 210 136 091 182 128
0007 200 182 219 213 137 087 184 127
0008 201 179 221 210 142 093 184 125
0009 142 093 183 123 202 181 220 211
0010 199 181 219 212 140 091 179 121
0011 136 088 176 120 198 181 220 212
0012 200 180 221 210 135 093 174 124
0013 138 087 177 120 200 182 220 211
0014 200 181 220 209 137 086 176 120
0015 201 181 221 210 138 087 176 121
0016 137 093 175 124 198 182 220 213
0017 200 181 220 210 136 087 176 121
0018 132 087 178 126 200 180 219 210
0019 128 090 175 127 199 182 218 212
0020 200 179 221 210 116 100 171 136
0021 202 179 222 209 111 112 171 145
0022 201 180 221 211 134 127 173 157
0023 201 179 220 209 133 147 169 183
0024 201 181 221 211 138 166 161 198
0025 201 182 221 213
0026 202 183 221 213 132 187 155 223
0027 201 182 221 211 124 185 162 228
0028 203 183 221 213 131 189 154 223
0029 131 183 156 218 201 182 220 210
0030 200 182 221 213 122 185 159 226
0031 201 182 220 211 129 185 153 224
0032 129 187 153 224 200 183 220 212
0033 200 183 220 212 122 185 158 226
0034 200 181 220 210 129 190 151 223
0035 200 182 220 212 129 189 151 223
0036 199 182 219 214 128 185 153 223
0037 199 181 219 212 128 185 153 222
0038 199 182 219 213 128 184 153 222
0039 200 181 220 211 128 185 153 222
0040 200 182 219 211 125 186 147 220
0041 198 179 217 211 128 189 151 222
