0000 168 206 199 239 103 199 122 235
0001 166 206 198 239 103 199 122 235
0002 170 203 195 236 100 200 123 236
0003 169 205 200 238 100 200 120 236
0004 172 199 199 236 098 204 120 236
0005 175 200 199 232 097 204 130 239
0006 114 191 149 229 170 187 204 227
0007 169 177 202 213 127 173 166 204
0008 142 156 185 183
0011 156 153 198 188
0012 157 154 199 188
0013 157 153 197 183
0014 154 156 197 189
0015 154 152 199 186
0016 155 154 196 185
0017 155 154 196 184
0018 156 154 198 188
0019 150 156 192 189
0020 157 154 197 188
0021 156 154 196 188
0022 146 154 189 185
0023 146 163 190 195
0024 165 174 200 211 127 169 180 207
0025 121 185 157 223 174 185 200 219
0026 118 202 146 235 174 192 202 233
0027 172 200 200 238 105 198 134 235
0028 174 204 197 235 100 201 129 239
0029 173 205 203 237 102 201 124 235
0030 173 206 202 236 103 205 125 238
0031 172 202 201 239 104 204 122 233
0032 171 201 199 239 102 203 120 235
0033 171 203 198 239 102 204 120 235
