0004 138 215 180 239
0005 121 194 178 233 054 189 096 224
0006 112 162 168 207 049 154 101 196
0007 090 137 153 176 057 130 117 162
0008 079 126 159 169 216 211 253 239 055 121 118 159
0009 067 126 119 158 098 134 163 170
0010 127 129 196 176 037 127 098 162
0011 027 128 091 174 161 121 221 168
0012 145 125 227 171 026 128 096 173
0013 026 130 094 174 142 124 230 171
0014 030 131 094 175 151 123 227 168
0015 046 142 108 196 150 120 213 168
0016 159 109 213 165 052 148 122 209 175 218 215 239
0017 149 103 202 156 054 161 136 207
0018 130 091 188 137 076 177 135 208 049 163 093 207
0019 117 072 179 120 068 173 138 207 051 163 094 203
0020 110 055 179 114 081 173 137 208 059 165 105 208
0021 106 059 161 112 076 173 143 211 056 166 099 207
0022 092 086 140 141 074 167 140 203
0023 070 160 139 202 090 124 142 179
0024 079 128 130 195 056 157 097 200
0025 080 131 136 196
0026 068 139 136 199
0027 082 133 135 197 063 153 110 200
0028 093 123 145 196 058 157 108 201
0029 092 127 151 184 081 168 135 204 048 159 096 207
0030 094 125 152 182 049 168 132 216
0031 108 144 172 205 031 179 093 237
0032 120 157 177 230 025 197 094 238
0033 029 213 082 239 126 187 182 239
0034 033 216 079 239 131 206 183 239
0035 129 216 178 239 033 219 079 239
