0001 186 204 213 239
0002 207 174 256 228
0003 220 144 265 204
0004 232 106 275 161
0005 237 089 274 146
0006 234 085 273 134
0007 237 080 275 133
0008 237 075 274 125
0009 238 075 274 125
0010 240 074 272 121
0011 236 076 275 122
0012 238 078 275 121
0013 237 079 276 126
0014 236 080 279 126
0015 242 081 276 134
0016 241 082 278 137
0017 241 086 279 139
0018 242 080 279 134
0019 240 083 280 136
0020 242 083 281 131
0021 243 083 280 137
0022 242 083 280 137
0023 241 085 280 138
0024 242 083 280 131
0025 242 093 289 148
0026 227 120 274 177
0027 215 137 260 194
0028 193 161 233 234
0029 168 205 207 239
0030 159 210 190 239
