0000 201 201 221 235 123 196 156 238
0001 201 204 222 235 125 198 154 239
0002 202 201 222 233 125 198 154 239
0003 201 197 222 237 125 199 154 239
0004 201 199 221 234 120 202 149 238
0005 200 197 220 234 120 202 149 238
0006 201 199 221 234 125 200 153 239
0007 204 195 224 231 120 202 149 238
0008 199 191 232 233 125 205 149 239
0009 120 202 148 238 215 158 241 203
0010 125 201 150 236 213 131 243 164
0011 214 066 244 121 119 202 148 237
0012 120 202 149 238 208 035 235 094
0013 119 201 146 238 209 023 234 078
0014 208 016 235 075 119 201 146 237
0015 208 015 236 073 122 199 146 236
0016 205 012 231 070 120 200 145 235
0017 205 016 232 071 120 200 148 238
0018 204 011 231 071 120 204 142 236
0019 119 199 141 236 211 025 235 075
0020 207 044 236 100 118 198 148 236
0021 124 201 147 235 204 082 236 150
0022 119 199 147 236
0023 127 205 147 235 204 171 227 208
0024 122 199 143 236 201 195 222 232
0025 123 200 143 235 199 195 220 230
0026 122 200 147 236 201 197 221 232
0027 125 200 148 235 198 195 218 231
0028 200 197 220 232 120 201 147 236
