0000 210 180 228 208
0001 209 181 230 210 133 189 151 217
0002 209 182 227 208 137 189 158 217
0003 141 189 161 217 207 183 226 211
0004 208 183 226 213 144 189 165 220
0005 207 186 224 213 147 194 167 216
0006 206 186 224 214 145 191 165 221
0007 206 186 224 214 145 192 165 224
0008 145 192 164 223 206 183 226 211
0009 144 192 164 224 208 186 225 213
0010 143 192 163 224 209 183 228 210
0011 138 187 155 218 209 185 227 213
0012 131 175 152 202 208 184 227 211
0013 123 137 148 163 208 185 226 210
0014 117 087 146 133 208 185 226 210
0015 117 058 141 097 209 185 226 210
0016 117 043 146 091 208 185 226 210
0017 119 032 146 077 208 184 226 209
0018 117 023 148 072 204 183 223 209
0019 121 024 150 068 208 186 224 212
0020 120 027 153 069 203 183 223 209
0021 122 025 152 075 208 184 225 209
0022 123 028 154 073 206 184 224 209
0023 123 029 150 074 206 183 224 209
0024 120 029 149 068 209 184 227 207
0025 121 030 153 072 209 184 227 207
0026 118 030 148 078 209 184 227 207
0027 114 030 151 079 208 183 227 206
0028 115 031 148 081 208 185 226 210
0029 121 037 148 082 208 186 225 210
0030 118 042 146 082 208 185 225 210
0031 115 041 145 083 208 185 225 210
0032 115 040 144 083 209 186 227 210
0033 115 042 144 082 209 185 228 210
0034 115 041 143 081 209 184 228 210
0035 116 038 145 087 206 183 224 209
0036 113 040 146 087 208 184 226 210
0037 121 047 149 087 209 184 229 209
0038 128 073 153 109 210 182 228 208
0039 210 182 228 207 135 105 159 133
0040 209 182 227 207 131 128 159 151
0041 209 183 228 208
0042 138 174 160 209 209 182 227 207
0043 143 182 164 213 208 178 227 205
