0000 125 187 147 220 204 189 222 221
0001 126 187 149 222 201 190 221 219
0002 128 188 150 220 201 191 221 221
0003 195 187 216 216 129 187 151 218
0004 195 188 217 215 130 187 154 218
0005 133 185 157 218 192 187 215 216
0006 190 186 216 212 134 183 156 217
0007 137 181 161 211 187 186 212 215
0008 136 175 165 212 184 181 206 208
0009 145 169 171 201 181 168 205 201
0010 149 161 177 194 177 165 202 196
0011 156 149 185 182 170 156 198 188
0012 161 134 196 177
0013 137 125 191 163
0014 136 123 186 151 174 108 207 138
0015 144 104 178 138 180 095 210 128
0016 139 091 174 128 182 087 212 123
0017 139 086 177 122 176 079 213 118
0018 141 086 178 118 177 078 212 116
0019 142 084 178 118 175 079 212 116
0020 139 086 176 119 175 076 213 115
0021 139 086 176 119 176 079 212 115
0022 139 086 176 119 176 079 213 115
0023 140 086 175 118 176 078 213 113
0024 141 086 175 118 176 078 213 114
0025 142 087 176 118 176 078 214 115
0026 142 087 176 118 176 078 214 115
0027 142 087 176 118 176 078 214 115
0028 142 087 176 119 176 079 214 115
0029 140 085 175 117 176 079 214 115
0030 142 088 176 119 185 079 215 114
0031 140 088 175 120 180 077 215 114
0032 142 088 178 118 178 082 213 117
0033 176 092 212 122 143 095 180 131
0034 138 115 185 148 171 101 208 133
0035 160 139 186 169 166 115 194 145
0036 160 143 197 179 165 132 192 158
0037 158 146 183 175 174 160 202 189
0038 145 153 182 184 176 166 212 196
0039 185 176 209 202 144 166 172 197
0040 186 183 210 208 144 174 169 206
0041 142 181 163 214 190 188 213 215
0042 195 191 214 216 137 185 160 214
0043 197 192 220 222 131 184 152 217
0044 127 188 150 221 202 191 221 219
0045 125 189 145 219 205 195 223 220
0046 125 189 146 220 206 190 227 222
0047 125 189 145 221 207 189 224 217
0048 126 188 150 222 206 190 225 223
