0000 199 215 225 239
0001 189 211 226 239
0002 181 168 232 209
0003 189 134 235 165
0004 190 117 246 146
0005 198 109 249 143
0006 199 120 241 165
0007 187 150 234 203
0008 174 171 220 224
0009 150 193 202 236
0010 137 191 194 229
0011 121 183 170 211
0012 122 143 164 185
0013 126 112 162 167
0014 133 095 159 158
0015 140 094 169 154
0016 140 093 169 154
0017 137 094 164 153
0018 132 095 158 152
0019 130 097 163 151
0020 136 108 178 146
0021 154 110 195 145
0022 171 112 213 141
0023 182 108 235 137
0024 188 112 232 154
0025 182 138 226 190
0026 161 168 212 214
0027 146 182 203 222
0028 131 189 194 224
0029 118 176 175 207
0030 118 147 161 191
0031 124 121 161 178
0032 132 110 163 164
0033 125 106 163 164
0034 133 102 161 162
0035 134 095 163 156
0036 134 089 163 146
0037 152 076 177 131
0038 156 066 191 126
0039 154 079 193 132
0040 149 113 186 150
0041 175 210 206 236
0042 196 221 221 239
0043 200 222 224 239 094 224 119 239
0044 095 224 120 239 204 224 226 239
0045 205 224 228 239 092 219 120 239
0046 204 221 229 239
0047 202 221 229 239
0048 207 224 230 239
