0000 124 215 156 239
0001 121 216 157 239 078 212 124 239
0002 119 213 163 239
0003 121 212 164 239
0004 132 211 166 239
0005 140 197 177 238
0006 144 179 181 226
0007 149 145 187 200
0008 149 115 193 175
0009 150 093 201 149
0010 151 080 200 135
0011 150 071 200 131 074 213 133 239
0012 151 060 201 122 075 214 135 239
0013 157 058 196 117 075 214 132 239
0014 152 054 201 113 076 213 133 239
0015 153 054 201 114
0016 152 058 201 118 081 209 128 238
0017 153 062 199 122
0018 151 082 193 142
0019 144 118 180 172
0020 140 163 179 213
0021 144 208 181 239 081 212 129 239
0022 075 212 121 237
0023 073 217 123 239
