0000 101 181 135 227
0001 102 183 135 226
0002 105 189 129 227
0003 105 188 130 227
0004 104 188 129 224 187 189 211 227
0005 106 191 131 226 212 162 237 206
0006 107 191 131 226 210 104 255 144
0007 106 192 130 226 213 039 240 089
0008 106 192 130 226 201 016 240 068
0009 201 010 229 052 103 189 128 225
0010 201 008 228 047 103 189 128 227
0011 107 190 130 225 199 006 226 042
0012 201 006 230 046 107 191 131 227
0013 110 189 131 223 200 008 228 042
0014 107 190 131 225 201 007 229 045
0015 197 005 225 041 106 188 131 225
0016 107 191 132 224 201 011 226 042
0017 106 184 127 219 201 009 226 039
0018 190 007 232 039 107 191 131 226
0019 201 013 226 048 099 184 135 228
0020 107 190 129 226 206 037 230 073
0021 109 194 131 222
0022 105 192 128 228
0023 186 190 205 223 109 193 132 228
0024 109 192 132 229
0025 109 194 133 229
0026 109 191 133 227
0027 109 193 131 229
0028 109 192 132 228
