0000 118 215 183 239
0001 113 208 182 239
0002 116 214 181 239 091 209 138 235
0003 116 214 183 239
0004 117 214 181 239
0005 116 214 181 239 100 211 134 236
0006 115 214 181 239 100 210 134 235
0007 118 215 183 239
0008 118 215 184 239 099 214 133 236
0009 119 215 183 239
0010 102 209 176 239 230 200 278 239
0011 221 186 273 239 122 210 183 239
0012 116 215 178 239 172 162 243 210 099 214 134 238
0013 155 128 214 177 116 215 177 239 100 214 134 237
0014 133 108 212 162 117 215 177 239 100 214 133 237
0015 116 215 178 239 119 101 200 157 099 213 134 237
0016 117 096 193 154 116 214 178 239 100 214 133 236
0017 119 087 194 149 121 210 180 239 100 213 133 236
0018 118 087 189 144 121 211 181 239 100 213 133 235
0019 115 088 192 151 116 215 180 239 099 213 134 236
0020 118 084 195 148 116 215 180 239 100 214 133 236
0021 115 091 194 151 116 215 182 239 099 212 132 235
0022 116 086 195 153 118 215 177 239 101 213 133 236
0023 119 086 193 153 117 215 180 239 101 213 133 235
0024 121 094 192 152 113 214 180 239
0025 119 093 191 151 114 214 177 239
0026 116 091 188 150 113 214 176 239
0027 116 091 188 151 115 214 176 239
0028 118 093 186 149 115 214 176 239
0029 119 092 198 157 115 214 176 239
0030 137 130 204 176 117 214 179 239
0031 184 187 238 231 118 213 180 239
0032 217 200 260 239 118 214 178 239
0033 124 214 184 239
0034 118 214 180 239
0035 118 214 181 239
0036 113 215 182 239
0037 114 215 180 239
0038 119 215 183 239
0039 112 215 183 239 100 211 134 235
0040 114 215 182 239
0041 112 214 185 239
0042 114 214 185 239 101 211 134 235
0043 111 213 183 239
