0000 238 197 282 237 138 202 178 238
0001 239 198 285 239 143 209 176 239
0002 239 198 285 239 149 219 180 239
0003 239 189 290 239 142 213 179 239
0004 133 193 175 239 228 182 278 231
0005 222 164 272 211 126 175 169 231
0006 210 149 262 194
0007 201 143 254 183
0008 185 132 245 175 116 137 159 183
0009 180 130 235 169 118 133 160 184
0010 172 121 230 163
0011 176 104 227 153
0012 154 088 214 134 130 090 155 139
0013 158 068 206 127 130 066 153 107
0014 154 049 202 115 130 054 152 089
0015 148 041 195 099 129 042 156 087
0016 147 042 195 097
0017 151 039 188 096 129 033 164 075
0018 147 038 197 097 118 040 162 098 200 103 252 155
0019 148 042 193 102 133 033 168 081
0020 148 037 190 098 121 036 158 096
0021 142 035 188 098 122 037 155 094
0022 146 039 191 101 133 033 166 076 194 098 255 155
0023 141 041 189 096 120 038 161 098
0024 140 037 190 100 122 035 158 100
0025 149 039 187 097 126 034 166 091
0026 147 036 187 098 120 034 168 107
0027 148 040 191 101
0028 121 049 162 116 143 056 193 107
0029 121 091 155 145 151 085 204 127
0030 179 137 225 186 118 127 157 182
0031 208 171 256 219 122 163 162 209
0032 223 180 276 228 133 183 173 227
0033 229 184 286 233 139 185 172 232
0034 235 191 276 237 145 189 186 238
0035 151 203 190 239 237 193 275 235
0036 234 194 279 239 150 210 191 239
0037 238 196 278 239 157 213 190 239
0038 234 198 280 239 155 214 188 239
0039 236 197 280 239 152 214 185 239
0040 236 199 279 239 153 212 186 239
0041 235 205 279 239 148 217 194 239
0042 236 202 281 239 150 210 186 239
0043 237 198 279 238 148 212 194 239
0044 237 203 279 239 146 214 187 239
