0004 088 224 115 239
0005 091 222 114 239 183 221 205 239
0006 091 222 114 239
0007 092 217 117 239
0008 096 215 126 239 182 213 204 239
0009 177 200 200 238 111 207 137 235
0010 117 173 147 210 170 177 192 204
0011 119 142 163 177 156 144 195 177
0012 159 128 195 158 111 121 164 151
0013 089 096 128 124
0014 242 069 281 105 016 062 041 095
0015 259 067 302 102
0016 266 084 296 110
0017 266 084 304 113
0018 269 087 306 117
0019 265 089 302 116
0020 268 091 303 118
0021 266 093 304 121
0022 273 082 309 106
0023 251 028 289 057 009 008 032 032
0032 188 008 212 038 103 010 133 038
0033 214 078 235 104 073 087 103 126
0034 074 199 104 236 211 166 247 193
0035 200 201 235 234 087 220 111 239
0036 096 215 117 239 186 218 212 239
0037 186 220 205 239 092 217 115 239
0038 181 217 212 239 088 225 109 239
