0000 242 200 283 239 159 217 190 236
0001 237 207 278 239 160 219 191 238
0002 240 206 284 239 147 207 189 237
0003 242 200 281 239 154 212 186 239
0004 240 204 284 239 153 212 186 239
0005 238 203 281 239 152 213 189 239
0006 243 200 282 239 152 211 196 239
0007 243 196 290 239 152 205 189 239
0008 248 195 283 237 153 206 192 239
0009 153 187 189 239 248 174 286 226
0010 151 179 195 236 253 161 291 214
0011 247 138 294 184 147 152 192 218
0012 244 129 294 176 148 146 191 202
0013 235 118 286 158 143 125 187 177
0014 143 105 187 154 228 110 284 147
0015 211 105 269 140 149 091 185 133
0016 206 100 263 142 142 083 188 127
0017 194 104 238 140 151 082 183 137
0018 142 087 184 144 185 116 243 150
0019 138 101 180 170 181 133 251 168
0020 147 114 181 186 185 142 241 186
0021 198 148 253 190 147 124 190 191
0022 197 147 251 190 149 130 197 192
0023 208 141 260 185 150 130 193 185
0024 203 135 257 178 149 123 195 180
0025 143 115 196 167 211 123 270 161
0026 146 108 195 147 214 111 261 144
0027 209 099 275 138 144 097 200 137
0028 150 092 206 133 216 095 274 134
0029 165 090 208 132 223 096 278 134
0030 168 090 211 141 224 103 282 142
0031 172 094 211 152 228 114 267 148
0032 173 108 213 175 226 125 274 173
0033 219 143 270 193 179 119 214 195
0034 229 143 275 201 132 119 192 157
0035 229 152 281 207 178 138 226 210
0036 239 142 288 207 197 156 237 215 143 135 212 176
0037 252 127 305 189 188 140 240 199
0038 187 125 248 176 256 118 300 165
0039 183 117 242 156 257 111 310 158
0040 190 103 248 142 253 110 308 146
0041 200 085 242 128 256 099 310 143
0042 191 087 251 130 263 106 315 154
0043 198 089 246 134 267 116 315 164
0044 198 119 245 178 273 133 312 187
0045 187 126 243 190 276 135 314 196
0046 282 135 318 209 186 137 235 200
0047 185 143 236 202 285 139 318 198
0048 177 145 228 198 282 144 317 194
0049 164 146 216 192 282 152 317 200
0050 163 145 211 200 282 155 316 209
0051 149 153 200 194 278 169 318 219
0052 272 183 314 228 146 155 193 201
0053 271 207 306 239 137 183 179 225
0054 127 189 163 236
0055 122 200 154 239
0056 277 198 306 239
