0000 174 199 207 236 084 212 115 239
0001 173 199 205 236 087 210 117 239
0002 177 200 204 238 092 208 122 239
0003 179 201 213 238 099 200 127 236
0004 180 203 209 239 101 183 143 225
0005 177 199 211 236 115 157 159 197
0006 179 199 213 235 118 130 175 160
0007 179 202 209 238 124 089 175 127
0008 179 199 210 239 126 087 166 113
0009 180 202 209 239 130 084 170 113
0010 176 203 212 238 132 086 169 114
0011 176 202 212 237 130 089 165 115
0012 177 204 213 239
0013 178 204 213 239 128 089 164 120
0014 178 202 214 239 128 090 163 120
0015 176 203 213 239 121 090 158 127
0016 178 202 212 238 105 089 144 120
0017 178 202 213 239 085 082 130 119
0018 176 203 213 238 069 083 107 123
0019 184 203 212 239
0020 182 204 213 236
0021 184 203 217 239
0022 183 205 213 235
0023 179 205 214 235
0024 176 200 210 238
0025 177 203 212 239
0026 176 206 209 238 066 095 106 136
0027 178 201 214 237 063 112 100 157
0028 177 200 215 237 066 144 104 182
0029 181 202 211 239 064 176 097 207
0030 177 205 211 238 071 195 102 232
0031 177 204 214 238
0032 176 201 213 237
0033 177 201 213 239 087 205 106 235
0034 176 204 211 237 088 211 106 239
0035 175 202 212 238 088 210 106 238
0036 180 206 209 239 087 207 111 239
0037 178 202 211 239 087 210 106 239
0038 175 203 210 239 087 210 105 239
0039 177 201 211 237 087 210 107 239
0040 176 205 208 235 088 210 106 239
0041 180 202 210 239 088 209 107 239
0042 177 199 213 236 087 209 106 239
0043 178 203 209 239 088 207 106 238
0044 176 199 213 236 086 205 111 239
0045 180 200 211 238 089 206 106 237
0046 180 198 212 238 089 207 107 239
0047 182 200 210 238 089 205 106 236
0048 180 199 211 237 088 205 109 236
0049 180 201 212 238 090 207 109 239
0050 090 207 110 239 177 199 214 236
