0011 126 223 171 239
0014 073 221 111 239
0028 078 223 121 239
0029 081 219 123 239
0030 077 209 119 239
0031 067 199 114 239
0032 071 184 116 235
0033 071 174 116 232
0034 070 161 117 216
0035 067 148 117 204
0036 069 130 116 189
0037 070 120 115 178
0038 073 116 117 176
0039 082 123 121 172
0040 079 112 122 168
0041 086 112 125 166
0042 083 107 123 161
0043 086 108 123 159
0044 082 105 121 159
0045 085 111 126 163
0046 080 107 122 162
0047 079 106 121 163
0048 081 108 122 162
0049 080 108 122 160
0050 079 108 123 160
0051 081 107 126 158
0052 079 107 122 161
0053 080 103 120 164
0054 079 107 123 161
0055 083 111 125 163
0056 078 107 124 161
0057 080 107 123 159
0058 079 106 123 160
0059 079 104 120 157
0060 081 106 120 160
0061 081 105 117 155
0062 081 105 117 157
0063 081 106 125 161
0064 078 124 121 179
0065 071 161 124 215
0066 072 195 129 239
0067 112 223 159 239 064 221 105 239
