0000 224 213 249 239 137 207 155 238
0001 223 210 251 239 139 208 156 239
0002 225 211 249 239 137 205 156 239
0003 225 214 249 239 136 208 162 239
0004 225 213 251 239 132 205 154 239
0005 226 213 251 239 123 205 145 236
0006 222 211 253 239 119 203 141 239
0007 225 208 252 239 119 192 142 233
0008 220 213 252 239 122 176 150 222
0009 226 214 249 239 133 155 167 193
0010 221 212 253 239 152 131 191 158
0011 225 213 250 239 154 106 212 132
0012 219 210 251 239 168 094 223 119
0013 222 211 252 239 168 086 222 112
0014 221 209 252 239 168 080 221 107
0015 222 207 253 239 167 068 223 099
0016 166 060 221 092 224 210 254 239
0017 167 055 210 088 220 211 251 239
0018 167 053 206 091 226 211 251 239
0019 165 049 206 087 222 212 254 239
0020 166 051 205 089 222 211 252 239
0021 223 209 253 239 164 052 203 089
0022 163 053 201 088 226 210 252 239
0023 163 054 201 094 221 207 254 239
0024 164 053 201 087 223 212 250 239
0025 162 057 205 096 222 207 251 239
0026 226 210 252 239 164 077 214 112
0027 220 210 250 239 165 115 208 146
0028 223 209 254 239 161 158 197 195
0029 223 207 254 239 145 185 182 231
0030 222 209 251 239 146 198 171 235
0031 226 211 250 239 142 203 162 235
0032 226 211 250 239 140 201 161 236
0033 225 207 253 239 140 206 159 239
0034 224 211 250 239 141 206 160 235
0035 219 209 251 239 141 210 159 239
0036 223 213 249 239 138 208 157 239
