0000 124 206 166 238
0001 121 208 168 239
0002 127 209 164 239
0003 127 206 168 239
0004 125 201 164 239
0005 125 194 165 233
0006 124 184 161 216
0007 122 178 161 211
0008 126 152 160 199
0009 127 122 159 184
0010 127 098 161 167
0011 130 082 167 157
0012 129 082 172 147
0013 129 073 166 145
0014 132 083 168 149
0015 132 082 169 149
0016 133 084 172 148
0017 135 085 173 148
0018 134 085 173 149
0019 134 084 174 149
0020 134 083 171 146
0021 138 081 177 150
0022 136 085 170 157
0023 132 092 165 162
0024 130 108 160 166
0025 119 129 161 177
0026 129 163 160 195
0027 122 182 161 213
0028 127 203 167 237
0029 131 208 171 239
0030 131 209 172 239
0031 131 207 172 239
0032 133 205 171 239
0033 132 205 166 238
