0000 148 166 201 224
0001 157 151 212 204
0002 157 134 215 182
0003 163 122 219 168
0004 173 100 235 151
0005 167 093 234 147
0006 169 086 233 143
0007 174 077 236 137
0008 172 067 237 136
0009 175 064 235 130
0010 178 063 233 131
0011 171 062 237 125
0012 173 070 233 129
0013 171 074 232 129
0014 165 071 228 128
0015 167 065 232 129
0016 167 067 231 129
0017 168 073 226 126
0018 170 075 225 128
0019 162 059 224 123
0020 164 065 222 120
0021 162 073 223 125
0022 159 072 223 126
0023 161 066 223 127
0024 158 075 221 124
0025 154 067 218 126
0026 156 070 218 128
0027 158 079 214 127
0028 152 072 214 128
0029 153 067 216 125
0030 157 076 212 125
0031 157 079 215 126
0032 155 082 215 134
0033 152 093 219 141
0034 157 110 217 158
0035 157 126 210 177
0036 151 151 205 202
0037 151 175 202 225
0038 147 196 198 239
0039 146 212 203 239
0040 147 215 203 239
