0003 117 212 162 239
0004 140 190 186 229
0005 159 137 215 191
0006 163 117 215 172
0007 164 096 219 159
0008 167 071 225 148
0009 163 063 221 147
0010 167 065 220 138
0011 162 061 222 137
0012 162 061 217 144
0013 163 065 219 143
0014 162 064 217 142
0015 163 061 217 144
0016 162 061 218 144
0017 163 066 219 146
0018 162 066 220 147
0019 160 071 221 151
0020 167 083 221 162
0021 164 114 210 178
0022 155 144 203 197
0023 148 161 193 212
0024 146 179 181 234
0025 130 188 174 239
0026 114 199 162 239
0027 110 206 158 239
0028 108 217 155 239
