0004 195 208 226 239
0005 182 206 223 239
0006 099 196 170 239 202 168 246 229
0007 113 172 182 228 218 136 263 200
0008 105 161 184 226 231 136 258 186
0009 221 123 268 181 114 157 187 211
0010 115 128 190 182 208 108 245 155
0011 107 073 168 132 167 049 225 106
0012 075 040 121 114 160 030 207 074
0013 167 031 214 076 061 045 103 110
0014 168 034 217 079 068 043 112 120
0015 085 067 129 146 181 044 231 098
0016 102 122 159 177 209 065 249 126
0017 108 164 185 218 226 105 271 151
0018 107 149 192 198 218 100 251 151
0019 114 109 189 160 192 072 239 126
0020 099 060 163 121 164 030 212 083
0021 167 026 212 077 058 043 103 109
0022 165 036 217 080
0023 171 042 213 078 051 050 098 107
0024 171 041 207 083 068 047 110 117
0025 083 057 128 121 172 057 205 096
0026 162 077 212 113 105 079 162 133
0027 164 091 200 132 120 104 181 162
0028 152 094 204 134 129 129 197 175
0029 153 098 202 143 132 137 205 185
0030 149 103 199 147 129 144 207 180
0031 149 106 195 147 138 150 218 189
0032 149 110 189 152 135 155 229 189
0033 145 114 191 158 143 151 226 189
0034 151 155 233 191 142 117 191 159
0035 155 152 230 188 141 117 188 157
0036 153 160 232 197 140 120 189 167
0037 144 121 193 165 153 160 236 195
0038 147 121 195 168 152 153 232 189
0039 147 125 197 177 152 149 236 188
0040 147 130 196 174 150 151 231 191
0041 154 135 213 189
0042 156 137 220 189
0043 164 143 221 195
0044 178 142 232 197
0045 184 136 232 190 145 150 194 193
0046 200 134 250 187 153 149 229 186
0047 199 131 256 185 146 144 207 181
0048 142 148 209 185 202 127 255 180
0049 144 149 207 186 201 128 255 181
0050 141 145 205 184 204 129 259 185
0051 145 147 201 188 199 130 252 187
0052 142 145 206 184 199 129 253 183
0053 142 145 207 184 198 129 253 183
0054 141 149 211 189 199 128 253 185
0055 145 148 202 188
0056 143 149 209 189
0057 143 146 207 187
0058 141 153 206 192
0059 136 161 216 201 212 165 273 237
0060 202 195 241 239 119 184 185 230
0061 103 203 148 239 190 201 230 239
0062 077 211 140 239
