0000 148 216 173 239 229 223 259 239
0001 144 215 173 238 229 223 260 239
0002 144 215 173 238 229 223 260 239
0003 142 216 176 238 229 223 261 239
0004 144 215 174 238 229 223 261 239
0005 142 214 165 235 229 224 260 239
0006 111 205 154 236 230 222 260 239
0007 085 165 139 197 230 223 261 239
0008 085 105 132 151 230 223 261 239
0009 084 062 138 118 229 225 258 239
0010 086 043 143 097 227 222 262 239
0011 087 036 147 085 228 225 257 239
0012 091 031 149 087 228 224 257 239
0013 089 029 148 082 228 223 257 239
0014 088 029 149 083 225 224 261 239
0015 089 030 149 083 230 222 260 239
0016 086 027 148 085 225 224 261 239
0017 088 029 151 084 225 224 261 239
0018 089 027 151 085 225 224 261 239
0019 088 027 151 085 225 224 261 239
0020 087 029 151 086 225 223 261 239
0021 085 030 150 086 225 223 261 239
0022 086 027 151 086 225 223 261 239
0023 086 027 152 086 226 223 261 239
0024 086 029 144 085 226 223 265 239
0025 082 029 146 087 226 224 265 239
0026 080 033 145 092 230 223 261 239
0027 085 060 147 117 230 221 261 239
0028 092 119 138 168 230 222 260 239
0029 109 187 144 234 231 222 260 239
0030 135 207 161 236 231 222 261 239
0031 140 214 164 239 231 222 262 239
0032 232 222 262 239 145 214 164 234
0033 142 215 165 239 233 223 263 239
0034 139 214 167 238 233 223 263 239
0035 143 215 165 239 233 223 262 239
0036 143 215 166 239 230 224 264 239
0037 141 212 161 239 232 221 260 239
0038 143 213 166 239 232 222 261 239
0039 143 215 166 239 232 222 260 239
0040 141 212 161 238 229 223 265 239
0041 143 213 165 239 229 223 265 239
0042 143 213 165 239
0043 143 214 165 239 229 223 265 239
0044 141 212 161 239 229 223 265 239
