0000 192 198 213 226
0001 196 194 216 225
0002 196 193 219 229
0003 198 195 221 226 124 177 148 230
0004 196 195 230 227
0005 106 170 147 228
0006 096 188 121 222 213 179 254 215
0007 088 186 122 220 193 148 241 196 221 168 262 209
0008 102 172 136 228
0009 125 169 154 230
0011 159 168 205 216
0012 149 177 188 212 180 178 217 209
0013 180 175 212 208 144 176 177 209
0014 138 174 176 211 174 180 213 210
0015 172 179 213 211 140 168 179 206
0016 147 179 174 209 180 180 210 212
0017 145 180 173 209 181 181 210 212
0018 146 175 183 209 176 177 208 213
0019 149 181 175 208 179 180 208 213
0020 158 176 191 216
0021 162 180 203 224
0022 187 192 206 231 139 194 164 233
0023 193 198 216 232
0024 194 195 217 230
0025 192 195 215 229
0026 118 168 149 233 191 194 211 227
0028 130 200 154 235
