0002 159 204 204 237
0003 185 144 218 217
0004 189 122 223 194
0005 186 106 218 171
0006 155 101 213 152
0007 147 104 210 156
0008 154 100 206 153
0009 146 102 217 157
0010 150 099 213 157
0011 149 105 215 158
0012 167 099 222 154
0013 180 101 226 158
0014 186 109 230 173
0015 181 107 236 163
0016 176 108 231 174
0017 181 106 225 170
0018 176 091 216 160
0019 163 100 212 156
0020 155 106 209 158
0021 151 109 202 162
0022 151 111 201 165
0023 144 116 203 163
0024 150 121 201 171
0025 143 145 195 198
0026 131 179 192 228
