0006 172 155 224 226
0007 129 131 198 186
0008 113 110 173 168
0009 084 104 155 165
0010 078 100 139 172
0011 066 115 127 169
0012 063 114 125 172
0013 058 118 127 174
0014 060 116 128 170
0015 058 113 129 170
0016 061 108 125 167
0017 063 110 124 165
0018 064 109 126 165
0019 062 112 132 164
0020 065 110 129 165
0021 064 110 135 163
0022 064 107 135 162
0023 067 105 127 159
0024 067 104 129 158
0025 067 105 133 158
0026 073 111 146 163
0027 095 122 162 173
0028 123 174 178 232
0029 131 191 179 239
