0000 106 199 127 228 195 198 212 230
0001 106 199 127 229 196 198 211 231
0002 107 198 126 228
0003 110 196 130 225
0004 112 194 131 230
0005 113 194 131 224
0006 115 196 135 230
0007 115 197 135 230
0008 115 195 132 227
0009 113 191 134 224
0010 114 175 134 209
0011 117 158 136 188
0012 175 131 200 155 113 137 137 171
0013 188 115 212 142 111 129 137 161
0014 205 107 248 145 095 124 122 147
0015 064 130 098 154 240 112 284 140
0016 037 145 083 173 272 131 315 157
0017 038 149 079 177 272 132 314 161
0018 035 144 065 170 271 136 314 164
0019 032 118 057 141
0020 036 092 058 113 265 131 313 159
0021 055 055 082 080 257 124 310 155
0022 247 115 306 149
0023 255 118 309 148
0024 262 117 309 146
0025 264 119 305 140 123 026 147 058
0026 116 025 138 063 255 121 308 147
0027 261 121 306 143 104 031 127 065
0028 092 032 117 070 261 119 306 145
0029 248 118 314 155 079 046 101 074
0030 063 057 098 080 250 116 312 145
0031 046 066 084 096 256 122 309 150
0032 042 079 078 108
0033 041 078 078 106 216 119 311 150
0034 045 068 081 094 244 120 308 150
0035 055 052 091 075 259 120 312 148
0036 263 119 309 144 075 037 101 066
0037 262 123 307 146
0038 262 121 312 144
0039 261 120 306 141
0040 258 118 306 144
0041 086 081 111 116 107 031 131 070 220 125 295 156
0042 095 044 118 079 213 130 300 159
0043 087 091 112 130 228 145 274 175
0044 083 131 110 160 210 149 261 194
0045 088 174 122 210 211 166 242 202
0046 105 194 126 225
0047 113 193 134 222
0048 117 192 138 223 196 202 214 225
