0000 114 202 136 236 181 199 204 233
0001 113 200 135 235 181 195 205 233
0002 111 198 137 236 183 197 205 233
0003 119 188 146 232 183 196 204 233
0004 126 142 159 175 182 199 204 232
0005 181 195 205 232 131 104 175 130
0006 181 196 205 232
0007 183 197 206 233
0008 182 195 205 233 143 086 186 113
0009 182 199 204 233
0010 183 200 204 232
0011 182 199 205 232 120 092 163 113
0012 185 195 207 231 098 087 143 115
0013 186 195 208 231 099 089 138 109
0014 185 195 208 231 095 089 138 110
0015 184 196 206 231 091 089 133 111
0016 096 095 136 123 181 197 204 232
0017 098 119 135 149 182 199 204 235
0018 181 197 202 229 103 158 126 202
0019 180 198 205 233 108 184 130 230
0020 180 199 202 234 110 204 131 237
0021 112 203 132 236 181 199 205 234
0022 182 202 204 234 113 202 132 236
