0000 184 187 203 218 111 192 129 221
0001 183 187 203 222 111 189 132 222
0002 181 188 200 219 110 188 132 223
0003 107 187 131 224 178 191 200 229
0004 113 185 136 220 179 186 201 217
0005 107 186 130 224 181 191 200 221
0006 107 187 131 223 178 189 200 222
0007 104 189 125 222 183 187 204 221
0008 083 182 119 217 195 182 218 217
0009 064 152 103 187 215 149 257 176
0010 230 106 273 135 049 111 101 152
0011 234 040 261 079 045 058 088 102
0012 055 011 093 054 216 007 241 052
0019 100 006 122 030
0024 185 009 210 027
0025 178 011 215 037
0026 183 023 210 053 090 015 115 046
0027 189 045 214 082 090 044 112 079
0029 100 150 123 179
0030 104 178 128 215 189 174 224 211
0031 103 187 126 224 183 182 206 215
0032 179 182 196 213 111 181 131 215
0033 116 170 135 198
