0008 136 213 173 239
0009 139 197 175 238
0010 139 179 179 222
0011 140 172 179 211
0012 136 170 178 203
0013 142 159 181 199
0014 144 138 182 181
0015 140 092 179 155
0016 147 068 179 135
0017 150 056 178 122
0018 150 055 176 112
0019 148 052 175 114
0020 147 051 175 115
0021 147 052 175 114
0022 147 053 176 115
0023 148 053 176 115
0024 150 053 175 112
0025 150 053 174 111
0026 149 054 174 111
0027 149 052 174 114
0028 141 060 175 130
0029 133 128 181 182
0030 132 184 170 237
0031 136 215 168 239
