0006 190 191 230 223
0007 180 187 233 217
0008 149 193 199 222
0009 115 191 160 216
0010 086 172 136 201
0011 082 156 127 193
0012 088 156 135 193
0013 079 157 136 195
0014 081 166 142 200
0016 142 177 188 206
0017 164 159 216 197
0018 175 150 231 188
0019 179 152 234 191
0020 158 170 215 203
0021 135 188 183 213
0023 091 169 142 208
0024 082 158 129 199
0025 078 164 134 197
0026 087 169 139 207
0027 121 184 161 208
0028 147 182 202 210
0029 180 163 235 202
0030 192 156 247 199
0031 197 163 250 201
0032 199 177 244 216
0033 206 221 233 239
