0000 184 202 230 239 101 214 138 239
0001 184 201 230 239 103 211 135 236
0002 186 196 233 237 105 209 145 237
0003 190 186 233 237 112 200 153 239
0004 116 194 160 239 189 181 237 234
0005 124 168 167 231 196 151 247 202
0006 119 150 169 193 198 133 245 172
0007 119 127 164 173 191 108 246 144
0008 121 113 171 161 189 092 240 130
0009 119 114 168 156 182 085 235 126
0010 113 117 172 158 178 086 230 122
0011 111 127 164 171 169 096 226 136
0012 108 135 157 190 166 107 220 148
0013 107 136 153 193 157 116 223 158
0014 095 136 142 195 150 132 216 173
0015 086 129 133 182 143 138 207 182
0016 077 118 123 158 136 137 199 178
0017 076 107 111 140 124 127 171 164
0018 068 086 109 130 120 108 168 151
0019 114 086 171 139 062 077 104 119
0020 112 076 170 127 058 070 096 114
0021 047 080 090 117 104 076 168 117
0022 104 076 160 116 043 089 086 136
0023 049 102 088 150 102 092 166 129
0024 054 107 093 168 110 110 159 148
0025 058 114 098 177 110 116 159 161
0026 058 117 105 183 113 124 164 167
0027 062 120 104 173 112 124 166 168
0028 061 119 104 173 110 123 161 166
0029 108 120 186 158 058 116 105 160
0030 062 115 104 156 112 117 191 151
0031 120 116 196 155 068 117 110 156
0032 072 122 113 167 130 126 201 160
0033 074 144 120 182 141 142 209 177
0034 078 159 122 201 142 158 206 196
0035 144 167 212 216 082 166 125 210
0036 084 168 127 218 148 172 211 222
0037 085 169 127 221 154 172 211 219
0038 087 170 124 236 153 184 213 237
0039 086 171 126 239 157 188 210 238
0040 085 173 125 239 155 185 209 239
0041 087 173 127 239 155 183 215 233
0042 085 164 123 238 157 176 211 231
0043 077 150 125 212 153 162 210 215
0044 078 150 118 210 148 157 213 210
0045 076 133 118 182 148 145 210 189
0046 073 125 118 172 150 133 216 170
0047 071 116 115 158 149 125 217 162
0048 070 106 116 141 152 113 222 147
0049 151 106 217 143 070 098 117 134
0050 072 085 116 123 151 093 215 135
0051 073 077 117 119 151 084 208 129
0052 073 067 119 112 154 075 206 125
0053 152 077 214 125 073 066 119 113
0054 154 081 211 132 073 075 117 122
0055 070 088 117 131 154 094 218 139
0056 073 103 117 138 154 112 218 150
0057 074 114 117 153 154 124 224 159
0058 076 125 122 166 160 133 228 170
0059 078 135 125 185 161 145 228 181
0060 078 137 124 191 159 149 226 186
0061 080 147 125 207 160 160 218 196
0062 081 152 123 213 155 164 220 198
0063 084 156 126 218 160 162 228 202
0064 082 156 127 218 158 167 222 208
0065 082 154 127 216 158 166 223 206
0066 081 152 129 210 160 160 226 201
0067 082 143 125 194 159 152 226 192
0068 080 140 125 188 161 149 227 187
0069 075 130 121 172 160 136 229 173
0070 159 125 229 162 074 118 121 156
0071 071 107 119 147 157 115 226 152
0072 071 097 115 132 159 104 219 142
0073 155 093 221 135 071 089 117 125
0074 161 083 219 128 072 079 116 117
0075 164 087 222 131 074 078 117 120
0076 170 100 223 147 074 090 119 135
0077 073 108 119 156 175 121 227 169
0078 079 162 123 202 184 179 230 226
0079 194 205 235 238 084 186 126 234
0080 085 201 124 239 200 212 238 239
0081 093 210 128 238 201 216 235 238
0082 093 212 123 237
0083 094 210 128 238
