0000 171 190 211 239
0001 166 158 216 216
0002 161 106 211 154
0003 163 057 213 108
0004 162 038 221 087
0005 167 032 224 078
0006 166 027 224 079 044 216 084 239
0007 163 029 218 078 056 194 088 235
0008 070 185 106 226 157 031 219 080
0009 086 180 123 231 162 038 220 078
0010 094 185 138 235 159 040 216 077
0011 098 191 146 239 157 041 218 076
0012 104 189 150 236 161 037 217 074
0013 103 188 151 235 165 040 223 075
0014 102 189 150 236 165 037 222 075
0015 110 191 151 239 168 037 222 075
0016 102 192 150 239 167 036 223 074
0017 104 190 146 239 167 037 223 074
0018 100 196 147 239 165 048 222 085
0019 100 198 142 239 154 079 220 115
0020 096 194 130 239 158 119 210 177
0021 158 156 208 225 093 198 122 239
0022 160 198 210 239 088 197 117 238
