0000 075 208 107 236 123 213 157 237
0001 075 208 108 237 123 214 153 239
0002 078 208 106 238 123 213 153 239
0003 075 208 107 236 126 215 157 238
0004 075 208 107 236 127 214 156 238
0005 075 207 107 236 131 209 159 239
0006 075 208 109 237 142 182 171 219
0007 076 208 109 237 143 149 187 188
0008 155 104 202 155 075 208 109 237
0009 174 076 208 134 079 208 107 238
0010 176 063 214 119 075 208 109 237
0011 075 208 108 237 182 060 215 113
0012 189 061 224 123 074 207 108 236
0013 194 080 233 138 074 208 108 236
0014 180 113 225 159 075 208 108 236
0015 159 128 207 184 075 208 109 236
0016 075 208 109 236 123 136 156 176
0017 075 208 109 237 081 124 120 172
0018 058 108 100 156 074 208 108 237
0019 074 209 108 237 056 101 096 150
0020 050 103 097 151 075 208 109 237
0021 061 109 112 157 075 208 109 237
0022 090 123 136 170 075 208 109 237
0023 119 126 165 177 075 208 109 237
0024 075 208 109 237
0025 075 208 108 237 181 109 211 151
0026 075 208 109 237 195 090 231 142
0027 186 080 238 132 075 208 108 237
0028 187 082 239 133 075 208 108 237
0029 075 208 108 237 176 092 229 142
0030 075 209 109 237 147 119 193 167
0031 075 208 109 237 115 137 144 160
0032 079 134 119 183 074 209 108 237
0033 063 123 114 169 074 209 108 237
0034 058 125 110 166 075 209 108 237
0035 069 130 116 173 075 208 108 237
0036 078 129 125 177 074 208 108 237
0037 091 131 131 175 074 208 109 237
0038 074 208 109 237 113 150 141 177
0039 074 208 108 237 116 175 145 197
0040 078 208 105 238 125 192 153 227
0041 078 207 105 238 124 210 152 239
0042 078 207 106 237 124 211 152 239
0043 075 207 107 237 121 209 157 238
0044 074 206 107 236 125 213 151 239
0045 125 213 152 239 075 206 107 236
0046 125 213 151 239 075 206 106 236
0047 125 212 151 239 075 206 106 236
0048 075 206 108 237 121 209 156 237
0049 075 206 108 237 121 209 156 237
0050 078 207 106 237 121 209 156 237
0051 075 205 108 236 121 209 156 237
0052 078 207 106 237 121 209 156 237
