0008 159 220 184 239
0013 055 214 093 239
0014 057 214 104 239 107 219 156 239
0015 064 200 103 239 107 215 152 239
0016 101 204 139 239 065 200 102 239
0017 067 194 118 239
0018 070 187 121 239
0019 070 179 119 231
0020 066 166 114 222
0021 069 153 118 215
0022 069 149 119 207
0023 069 141 119 198
0024 060 135 108 190
0025 057 128 101 192
0026 064 125 108 184
0027 068 112 113 169
0028 066 104 112 163
0029 063 092 107 160
0030 063 095 111 154
0031 062 093 111 155
0032 062 097 112 157
0033 069 101 115 160
0034 069 092 107 155
0035 070 094 115 148
0036 065 093 114 158
0037 069 101 115 162
0038 068 105 114 165
0039 063 104 114 167
0040 062 107 110 169
0041 062 113 105 174
0042 064 112 112 167
0043 063 108 103 174
0044 064 112 111 167
0045 063 111 111 167
0046 062 109 108 170
0047 062 105 113 165
0048 062 108 107 169
0049 062 108 107 171
0050 062 109 106 174
0051 062 109 106 171
0052 065 107 111 163
0053 064 106 111 162
0054 065 101 108 165
0055 062 107 105 164
0056 063 105 113 164
0057 064 120 108 178
0058 060 140 112 207
0059 064 190 124 239
0060 100 217 160 239 055 217 094 239
0071 198 218 242 239
