0007 154 190 204 231
0008 159 155 206 196
0009 156 126 200 169
0010 153 111 196 155
0011 152 104 197 147
0012 151 099 193 144
0013 150 099 195 141
0014 150 098 189 141
0015 149 095 190 144
0016 149 097 190 143
0017 149 098 190 142
0018 150 098 189 143
0019 150 099 190 141
0020 149 098 192 145
0021 150 099 193 143
0022 152 099 195 140
0023 146 099 192 143
0024 146 099 193 144
0025 150 101 191 144
0026 150 101 192 146
0027 149 100 192 148
0028 149 099 193 147
0029 149 099 194 147
0030 150 101 193 148
0031 150 102 191 148
0032 150 102 192 149
0033 149 102 192 150
0034 149 101 192 150
0035 150 102 192 149
0036 149 101 193 150
0037 150 101 192 148
0038 150 103 192 147
0039 150 102 191 146
0040 145 102 194 148
0041 147 103 191 153
0042 150 102 192 149
0043 148 103 193 152
0044 148 099 195 152
0045 149 102 192 151
0046 149 102 195 151
0047 149 100 193 150
0048 150 100 194 152
0049 150 101 193 150
0050 149 102 193 151
0051 149 104 194 150
0052 150 104 193 148
0053 151 104 193 148
0054 151 104 193 147
0055 149 102 194 150
0056 149 103 193 148
0057 150 102 193 148
0058 150 103 194 148
0059 150 105 194 150
0060 149 108 195 155
0061 148 125 189 175
0062 150 154 197 198
0063 153 198 197 237
