0000 052 192 094 233
0001 052 192 093 234
0002 052 191 094 234
0003 052 191 094 234
0004 052 191 094 234
0005 057 189 099 234
0006 057 194 099 233 043 198 075 234
0007 050 194 095 234
0008 051 192 093 233
0009 053 184 100 235
0010 053 184 100 235
0011 045 189 094 232
0012 042 194 098 234
0013 057 192 098 232
0014 046 188 103 237
0015 046 188 103 237
0016 046 188 103 237
0017 058 190 100 235
0018 058 190 100 235
0019 057 191 098 234
0020 044 190 092 233
0021 052 192 093 234
0022 093 194 134 227 124 190 157 236 046 187 086 232
0023 098 126 144 191
0024 101 096 149 169 047 189 103 235
0025 108 066 158 138 047 187 103 235
0026 109 047 153 130 047 187 102 236
0027 112 041 157 130 048 189 099 239
0028 113 036 158 117 048 189 090 234
0029 114 040 160 122 048 189 090 234
0030 113 039 162 120 057 192 097 237
0031 111 036 160 115 057 192 097 237
0032 116 040 162 123 057 192 097 237
0033 115 039 163 123 057 192 096 237
0034 116 040 162 122 057 192 096 237
0035 114 037 163 118 057 192 096 237
0036 117 040 160 123 048 187 095 237
0037 116 039 163 122 044 183 094 234
0038 115 038 164 127
0039 115 044 165 128 048 187 096 239
0040 115 045 161 123
0041 115 042 160 122
0042 115 043 163 124 047 188 097 239
0043 114 043 162 128 047 188 097 239
0044 114 045 162 128 047 188 097 239
0045 114 050 161 132 044 188 085 232
0046 110 070 159 148 046 187 091 238
0047 105 085 151 165
0048 096 137 146 202 043 195 082 237
0049 092 191 134 228 126 190 160 235
0050 110 207 158 239 054 187 104 234
0052 051 187 102 237
0053 044 182 101 232
