0001 252 204 304 239
0002 259 203 302 239
0003 252 205 297 239
0004 260 200 305 239
0005 258 200 301 239
0006 256 207 294 239
0007 072 215 113 239
0008 028 199 074 234 255 208 292 239
0009 020 156 077 191
0010 021 134 094 167 250 206 294 239
0011 030 121 098 153 252 207 294 239
0012 029 115 108 148
0013 034 113 108 146 246 208 301 239
0014 033 113 099 143 251 206 298 239
0015 034 113 108 146 253 204 305 239
0016 034 114 105 145
0017 035 113 106 145 251 208 294 239
0018 035 112 111 146
0019 036 113 110 145 251 206 298 239
0020 033 112 110 145 249 207 298 239
0021 033 114 112 146
0022 035 113 107 145 251 209 297 239
0023 035 113 108 144 247 214 299 239
0024 033 115 105 149 253 207 302 239
0025 038 120 109 152
0026 046 142 110 180
0027 058 185 100 227
0028 254 203 300 239
0029 249 208 301 239
0030 253 206 297 239
0031 260 198 301 239
