0015 233 209 270 239
0016 204 172 253 230
0017 179 135 227 196 160 216 215 239
0018 171 167 236 230 160 110 207 171
0019 191 115 239 195 151 096 186 138
0020 191 078 230 156 137 100 189 165 138 097 167 135
0021 185 078 230 143 134 094 169 136
0022 184 073 232 134 137 098 177 152
0023 179 074 225 137 137 093 182 151
0024 184 074 227 138 134 095 181 149 130 088 165 120
0025 182 073 223 137 128 089 165 124 136 098 179 148
0026 178 075 226 136 143 098 175 150 128 088 165 126
0027 175 071 224 130 130 092 164 123
0028 171 075 216 138 128 090 163 126
0029 176 073 226 137 125 093 162 129
0030 180 074 220 141 125 097 162 136
0031 169 078 215 150 125 098 162 136
0032 172 081 220 145 126 094 165 131
0033 134 103 175 157 173 082 217 147 129 100 156 130
0034 172 079 220 148 132 103 175 154 122 095 162 130
0035 173 082 219 147 134 099 172 154
0036 180 080 221 148 132 101 176 155 124 094 158 132
0037 176 083 219 152 124 095 160 136
0038 125 096 159 136 172 083 217 146
0039 180 080 224 149 128 093 162 134
0040 177 082 226 145 125 097 160 136
0041 181 082 222 149 134 104 177 159 128 099 157 134
0042 174 080 221 147 134 096 167 137
0043 181 078 222 143 138 103 180 159
0044 180 080 222 145 139 104 180 159 137 103 164 131
0045 177 084 226 148 128 094 165 136
0046 177 076 219 152 133 102 176 159
0047 183 089 223 162 133 105 167 146
0048 182 124 231 198 135 115 186 178
0049 159 127 210 191
0050 200 141 249 216
0051 242 171 293 227
0052 291 200 314 238
