0000 106 210 138 239
0001 111 200 141 239
0002 102 180 147 235
0003 106 175 155 230 154 216 200 239
0004 109 175 156 230 155 207 197 237
0005 107 176 157 230 159 196 190 239
0006 105 178 159 233 151 150 192 214
0007 148 090 190 163 104 178 156 236
0008 104 178 155 236 147 054 196 120
0009 104 175 155 236 153 038 199 106
0010 100 172 154 234 164 030 201 102
0011 099 174 154 235 159 031 199 096
0012 099 176 152 233 161 025 199 100
0013 102 174 149 234 165 033 203 101
0014 098 157 151 210 161 028 205 105
0015 159 034 199 108 103 105 146 155
0016 158 038 199 115 106 067 157 118
0017 157 038 195 110 120 049 166 101
0018 142 042 187 100
0019 143 048 196 101
0020 144 046 195 100
0021 147 043 194 096
0022 145 041 193 096
0023 146 042 193 097
0024 145 042 193 095
0025 144 039 192 095
0026 144 043 188 100
0027 148 040 192 094
0028 144 035 194 095
0029 144 036 194 098
0030 146 037 192 095
0031 147 036 193 094
0032 146 042 197 094
0033 148 037 202 093
0034 146 042 205 096
0035 144 041 207 096
0036 166 035 210 086 145 033 185 095
0037 163 032 207 090
0038 162 032 206 088 145 039 184 103
0039 168 033 209 078 146 036 188 096
0040 148 036 204 092
0041 149 037 204 092
0042 172 032 212 079 145 038 194 089
0043 171 032 212 079 145 037 186 093
0044 172 032 212 079 138 049 189 091
0045 168 029 209 077 145 039 186 092
0046 170 031 207 086 146 038 187 094
0047 146 034 207 091
0048 149 033 205 092
0049 147 044 205 101
0050 153 060 192 128
0051 163 137 206 208 134 107 178 155
0052 164 179 203 239 122 141 165 184
0053 167 201 206 238 099 172 149 228
0054 089 192 147 234 163 210 199 236
0055 092 194 147 239 159 213 201 238
0056 093 192 151 238 160 218 194 238
0057 101 191 151 237 162 210 203 239
0058 106 195 155 239 163 215 202 239
0059 107 196 155 239 163 218 196 237
0060 106 196 153 239 164 207 200 239
0061 102 195 150 239
0062 104 196 136 239
0063 096 204 135 239
0064 094 204 136 237
0065 100 208 137 239
0066 102 209 136 239
0067 102 210 135 239
0068 101 210 135 239
0069 102 210 136 239
0070 101 210 136 239
0071 102 209 136 239
0072 101 209 134 236
0073 101 210 136 239
0074 102 210 134 237
0075 101 210 134 237
0076 101 210 134 237
0077 101 209 134 236
0078 102 209 136 239
0079 101 209 134 239
