0005 186 172 234 227
0006 186 115 232 173
0007 183 067 224 136
0008 173 034 211 107
0009 166 014 206 085
0010 159 015 201 079
0011 154 012 195 071
0012 155 031 186 078
0013 151 048 184 085
0014 147 050 185 085
0015 147 051 185 088
0016 148 053 184 087
0017 148 054 181 088
0018 144 058 185 091
0019 145 059 182 088
0020 150 050 182 087
0021 149 050 183 087
0022 149 049 184 089
0023 156 048 186 087
0024 161 040 194 090
0025 166 049 212 107
0026 176 076 227 137
0027 198 146 240 219
0028 192 203 237 239
