0002 172 216 206 239
0003 211 182 247 227
0004 220 158 270 200
0005 229 144 277 183
0006 232 137 278 177
0007 233 133 279 174
0008 230 127 277 171
0009 233 127 281 167
0010 235 125 283 166
0011 237 126 284 167
0012 237 122 285 161
0013 238 123 283 163
0014 237 121 285 165
0015 239 122 284 163
0016 239 122 284 163
0017 239 122 284 163
0018 239 122 284 163
0019 240 122 284 164
0020 240 123 285 163
0021 238 124 283 163
0022 237 127 281 167
0023 224 150 261 196
0024 203 178 234 225
0025 180 205 212 239
