0000 184 208 205 239 113 198 132 235
0001 173 198 198 237 113 200 131 236
0002 155 181 193 225 113 200 132 235
0003 143 173 184 214 116 205 132 236
0004 140 169 178 204 116 205 131 235
0005 129 156 172 189 116 205 131 235
0006 129 133 174 163 116 204 132 235
0007 136 114 176 147 113 201 132 235
0008 139 104 180 137 113 202 132 235
0009 144 106 178 134 113 202 132 235
0010 140 104 177 132 113 200 132 235
0011 140 104 177 133 113 200 132 235
0012 142 105 177 133 113 200 132 236
0013 143 105 177 132 117 206 135 235
0014 142 105 176 132 114 202 132 236
0015 143 107 176 133 114 202 132 236
0016 141 105 176 131 116 206 135 238
0017 116 204 131 235
0018 113 199 132 235 233 195 256 228
0019 237 190 261 223 113 198 132 235
0020 242 187 266 213 112 202 131 236
0021 240 187 262 211 112 202 131 237
0022 237 189 263 214 113 199 131 237
0023 232 193 256 222 113 200 131 235
0024 115 204 131 235 230 197 252 226
0025 214 202 236 234 114 201 131 236
0026 115 202 131 235 196 205 216 237
0027 115 204 133 237 186 197 205 232
0028 115 206 131 236
0029 192 202 213 235 115 204 132 236
