0012 150 201 194 239
0013 166 151 214 232
0014 174 111 228 194
0015 182 073 237 158
0016 191 052 245 138
0017 194 037 246 138
0018 194 035 248 129
0019 200 034 255 121
0020 200 033 255 120
0021 201 026 253 124
0022 197 030 256 123
0023 197 032 250 120
0024 198 036 243 126
0025 196 033 244 135
0026 195 039 247 134
0027 200 036 251 129
0028 199 034 249 132
0029 196 037 250 127
0030 196 034 249 131
0031 185 051 230 139
0032 155 104 187 164
0033 145 117 183 175
0034 108 184 146 228
0035 084 211 141 239
