0002 101 211 155 239
0003 099 183 146 223
0004 104 136 161 173
0005 094 103 155 131
0006 085 078 150 110
0007 078 066 150 094
0008 076 059 151 088
0009 072 059 114 081
0010 070 056 139 084
0011 073 060 143 090
0012 076 059 155 091
0013 087 058 152 089
0014 096 058 161 088
0015 108 057 171 086
0016 116 058 175 086
0017 131 056 190 085
0018 137 051 201 086
0019 146 052 209 083
0020 155 046 211 082
0021 163 047 218 080
0022 170 045 233 083
0023 185 046 239 084
0024 191 045 240 077
0025 189 044 250 077
0026 193 049 250 078
0027 192 048 251 081
0028 184 049 234 079
0029 173 048 228 081
0030 163 045 219 081
0031 148 045 210 079
0032 146 045 204 082
0033 130 045 185 075
0034 117 047 176 074
0035 115 045 164 071
0036 105 043 160 073
0037 099 039 162 074
0038 084 041 147 072
0039 092 043 154 074
0040 087 046 147 073
0041 086 048 145 075
0042 088 043 151 075
0043 090 049 153 079
0045 108 047 164 075
0046 117 048 171 074
0047 119 043 177 073
0048 135 044 186 080
0049 136 045 194 074
0050 149 046 192 071
0051 151 043 196 073
0052 167 043 209 073
0053 173 043 219 070
0054 177 041 230 067
0055 189 043 231 068
0056 195 041 240 068
0057 199 044 253 069
0058 204 042 253 071
0059 203 043 261 074
0060 207 044 265 072
0061 208 044 264 075
0062 213 044 268 073
0063 208 048 262 078
0064 200 044 256 074
0065 200 046 253 077
0066 198 044 245 071
0067 173 048 223 075
0068 160 054 207 079
0069 145 055 197 085
0070 136 060 182 089
0071 122 061 176 096
0072 112 071 169 109
0073 103 077 163 114
0074 102 088 158 126
0075 102 102 153 141
0076 103 125 147 166
0077 100 151 143 190
0078 099 181 144 224
0079 096 207 141 239
0080 110 216 153 239
