0000 206 202 238 239 140 201 159 235
0001 210 208 236 239 141 201 158 236
0002 204 205 238 239 139 201 157 234
0003 206 204 239 239 142 206 159 235
0004 206 203 239 239 135 204 156 238
0005 210 207 235 239 117 196 146 232
0006 210 207 237 239 106 175 130 202
0007 206 203 239 239 098 149 136 183
0008 206 203 240 239 061 102 101 133
0009 210 206 237 239 066 062 105 108
0010 206 205 239 239 072 035 109 091
0011 210 207 238 239 071 021 107 076
0012 209 205 237 239 080 017 107 070
0013 210 206 236 239 087 015 113 064
0014 209 207 235 239 087 015 116 068
0015 209 204 237 239 083 016 112 066
0016 207 209 235 239 083 016 109 065
0017 207 206 234 239 085 016 114 068
0018 208 208 234 239 086 016 115 070
0019 209 202 237 239 083 015 111 065
0020 087 015 115 067 208 207 238 239
0021 208 205 238 239 086 018 115 070
0022 083 019 114 074 210 209 235 239
0023 210 205 239 239 079 030 105 083
0024 209 203 239 239 068 057 107 103
0025 208 204 238 239
0026 209 204 239 239 085 151 123 186
0027 205 204 239 239 107 175 131 220
0028 209 205 237 239 123 192 146 225
0029 209 210 236 239 133 201 157 235
0030 204 205 239 239 138 201 160 235
0031 211 210 235 239 144 204 162 235
0032 205 206 237 239 144 200 165 235
0033 208 209 235 239 143 199 164 236
