0000 184 198 206 236 116 203 136 229
0001 174 188 203 231 120 195 138 225
0002 159 168 190 199 125 185 144 221
0003 140 135 174 162
0004 142 145 174 170 130 105 167 126
0005 126 079 168 114 153 095 197 132 168 123 197 151
0006 161 119 198 150 163 090 199 119 126 079 165 111
0007 126 087 164 119 160 088 198 116 168 116 199 148
0008 121 095 160 129 169 124 199 148 161 095 203 133
0009 118 102 161 134 161 105 204 147
0010 116 117 173 151 165 115 209 152
0011 116 113 172 149 167 114 205 152
0012 116 100 172 136 171 100 201 134 166 129 201 151
0013 121 089 161 127 166 120 203 148 166 090 205 122
0014 119 086 158 118 169 121 198 147 168 095 206 123
0015 170 114 207 148 120 113 181 147
0016 115 117 188 155
0017 120 121 170 150 152 146 197 171
0018 139 133 183 155 143 162 178 191
0019 148 149 181 177 186 135 219 164
0020 169 170 198 210 128 181 147 214 192 141 222 182
0021 187 188 210 233 123 188 145 222
0022 120 197 140 231 197 199 214 230
0023 117 201 137 233
