0000 169 205 188 237
0001 171 209 189 239
0003 169 205 188 237
0006 086 225 106 239
0009 223 199 249 234
0010 238 123 267 154
0011 202 090 244 121
0012 186 093 230 131
0013 181 091 230 132 085 217 102 237
0014 181 096 226 137 084 221 105 239
0015 181 097 226 139 085 221 105 237
0016 181 096 227 139 086 221 105 236
0017 180 095 226 136 084 218 106 239
0018 180 096 227 138 084 223 105 239
0019 180 095 227 137 085 222 106 239
0020 179 095 228 135 085 223 105 239
0021 180 096 229 139 084 223 105 239
0022 182 096 230 139 086 218 106 239
0023 181 096 229 140 084 219 102 238
0024 182 095 229 140 084 219 102 238
0025 186 094 230 136 085 216 105 239
0026 185 094 230 137 082 220 104 239
0027 188 094 230 139 082 220 104 239
0028 190 095 231 140 085 222 106 239
0029 195 107 234 138 082 222 104 239
0030 208 151 235 194 085 219 103 238
0031 193 215 214 239 086 222 106 239
0032 085 221 106 239 173 209 193 239
0033 085 222 106 239
0034 085 216 107 239
0035 085 224 106 239
