0000 077 212 103 239
0001 078 212 105 239
0002 079 214 105 239 179 206 208 237
0003 080 216 103 239 188 206 210 239
0004 075 215 104 239 193 201 218 239
0005 200 198 226 238 076 214 101 234
0006 075 213 101 235 200 185 228 228
0007 073 214 104 239 197 175 226 213
0008 079 214 101 239 190 160 219 204
0009 183 157 208 192 080 212 101 234
0010 169 154 208 184 078 214 104 239
0011 170 154 209 195 080 214 105 239
0012 081 214 105 239 187 157 213 203
0013 079 214 105 239 203 165 228 208
0014 198 160 235 208 077 213 104 239
0015 079 213 102 239 194 158 231 201
0016 079 212 102 239 191 162 217 199
0017 079 212 102 239 181 164 210 209
0018 076 212 103 239 182 163 209 214
0019 077 211 103 239 195 181 218 227
0020 077 209 103 239 204 182 228 227
0021 079 210 102 239 204 180 228 222
0022 078 214 101 239 198 179 224 220
0023 076 213 100 239 185 185 205 225
0024 075 214 100 239 182 176 209 229
0025 074 215 100 239 191 180 218 232
0026 074 212 102 239 201 181 226 227
0027 074 210 101 239 207 181 229 222
0028 072 213 098 238 194 172 222 218
0029 176 172 206 212 072 209 098 239
0030 072 209 099 239 173 170 202 221
0031 077 210 101 234 189 176 214 225
0032 074 214 100 239 198 173 222 219
0033 075 213 100 239 197 173 224 215
0034 076 213 101 239 188 169 213 209
0035 075 212 101 239 173 166 203 211
0036 075 212 100 239 182 168 208 222
0037 076 209 101 239 195 169 222 219
0038 077 211 101 239 192 165 228 210
0039 079 209 103 239 183 162 210 200
0040 174 167 205 209 074 210 103 239
0041 079 211 103 239 173 169 205 226
0042 079 211 103 239 182 182 211 234
0043 189 197 216 239 076 212 103 239
0044 079 213 105 239 191 207 214 239
0045 081 214 107 239 188 214 210 237
0046 082 214 108 239 172 208 202 239
0047 082 214 107 239 175 214 196 239
0048 084 215 107 239
0049 084 214 108 239
