0000 117 213 177 239
0001 117 213 177 239
0002 117 212 171 239
0003 117 211 171 239
0004 116 211 171 239
0005 116 211 176 239
0006 116 209 171 239
0007 121 206 178 239
0008 119 202 176 239
0009 123 188 183 237
0010 131 164 183 227
0011 138 137 202 215
0012 140 106 201 182
0013 153 082 194 171
0014 153 061 195 148
0015 151 059 189 147
0016 148 044 187 130
0017 147 043 186 124
0018 147 036 190 122
0019 146 036 190 123
0020 146 040 186 119
0021 141 040 184 115
0023 144 035 184 101
0024 146 040 182 118
0025 144 041 183 112
0026 150 036 188 121
0027 147 041 187 120
0028 138 042 182 118
0029 135 039 180 116
0030 136 040 186 119
0031 146 040 186 122
0032 139 037 184 119
0033 133 040 181 115
0034 140 043 190 118
0035 141 041 189 124
0036 135 052 183 127
0037 136 090 185 159 103 091 159 130
0038 110 147 176 204
0039 111 196 184 238
0041 135 223 166 239
