0006 161 199 199 233
0007 164 159 206 206
0008 175 128 207 182
0009 166 110 208 159
0010 170 100 202 153
0011 169 098 204 149
0012 170 096 206 145
0013 169 096 202 147
0014 168 094 202 148
0015 168 094 202 148
0016 170 097 199 141
0017 168 095 202 148
0018 168 095 204 148
0019 170 094 206 145
0020 170 094 206 144
0021 171 095 206 144
0022 170 097 205 145
0023 172 098 204 146
0024 169 097 198 143
0025 167 093 197 140
0026 171 092 199 142
0027 164 096 202 141
0028 158 092 198 142
0029 168 089 198 137
0030 165 092 206 135
0031 169 093 197 139
0032 168 092 197 138
0033 174 085 202 139
0034 170 088 207 141
0035 166 094 196 138
0036 165 092 202 139
0037 174 108 205 166
0038 161 159 200 197
