0004 115 217 141 238
0005 094 196 120 229
0006 072 143 112 175
0007 071 079 110 128
0008 084 056 112 103
0009 083 052 117 094
0010 083 052 116 097
0011 085 054 113 100 225 203 248 234
0012 086 052 113 100 207 119 256 170
0013 086 054 113 099 211 091 254 143
0014 212 076 256 135 085 053 113 100
0015 213 072 257 129 082 050 112 095
0016 215 071 265 123 085 053 112 098
0017 085 054 112 097 236 080 282 134
0018 078 054 112 097 251 115 301 171
0019 082 053 110 096 241 179 285 212
0020 080 053 116 098 183 187 228 213
0021 164 138 207 187 084 054 112 099
0022 166 107 211 155 083 054 112 096
0023 201 074 243 127 084 053 113 101
0024 212 072 261 128 079 055 110 098
0025 222 088 271 145 083 055 111 097
0026 217 090 269 145 083 055 111 095
0027 216 084 266 143 083 055 112 095
0028 220 088 266 143 077 051 116 096
0029 213 082 262 144 083 055 111 096
0030 216 083 263 144 076 057 111 102
0031 220 106 261 170 080 074 109 122
0032 225 164 256 203 071 116 101 163
0033 220 214 252 239 075 181 106 208
0034 087 209 126 237
