0012 068 207 107 239
0013 062 185 114 239 195 206 234 239
0014 059 155 118 230 208 173 260 233
0015 206 138 260 205 071 127 132 204
0016 204 121 253 191 083 115 133 190
0017 101 099 165 185 196 094 250 181
0018 194 087 246 172 111 096 171 184
0019 193 088 247 181 115 091 173 190
0020 193 091 252 187 120 096 177 191
0021 198 093 250 184 120 097 179 202
0022 188 105 248 185 122 103 183 206
0023 184 105 239 200 123 101 179 210
0024 181 111 237 188 123 104 179 211
0025 178 112 237 212 119 116 181 221
0026 187 113 236 204 119 116 179 221
0027 187 112 237 207 120 117 181 223
