0000 176 205 202 239 102 203 123 236
0001 101 202 121 237 176 205 202 239
0002 100 194 124 238 176 202 203 239
0003 177 199 204 238 088 173 110 211
0004 178 198 203 237 073 128 102 153
0005 178 198 204 236 073 091 106 130
0006 075 055 112 094 178 198 204 237
0007 177 205 204 239 085 039 120 086
0008 176 199 204 238 093 046 122 078
0009 180 198 204 236 095 045 132 076
0010 175 202 204 238
0011 176 201 203 238
0012 180 204 203 237 098 053 131 080
0013 181 203 203 236
0014 179 205 202 238 098 052 130 080
0015 180 204 202 237 098 052 129 080
0016 180 204 202 237 098 046 132 078
0017 180 205 202 237 095 047 130 077
0018 175 200 203 238 100 049 129 079
0019 177 202 202 239 095 053 131 089
0020 180 205 201 236 095 059 120 107
0021 177 201 203 239
0022 177 202 202 239 083 132 116 165
0023 177 204 203 239 093 173 117 215
0024 177 202 202 239 098 196 119 235
0025 176 202 203 239 103 207 122 236
0026 176 202 202 239 100 205 124 239
0027 176 202 203 238 101 207 124 236
0028 176 200 204 239 105 202 125 235
0029 177 200 206 236 105 204 123 235
