0000 138 212 175 239
0001 144 219 179 239
0002 145 219 181 239
0003 151 208 188 239
0004 162 204 198 239
0005 175 197 212 237
0006 186 188 222 235
0007 191 174 229 224
0008 195 163 231 211
0009 194 147 233 201
0010 194 146 235 190
0011 194 134 235 186
0012 197 137 236 189
0013 195 134 238 186
0014 193 134 238 187
0015 195 134 241 181
0016 191 129 239 180
0017 191 126 239 177
0018 190 125 237 175
0019 195 122 242 173
0020 194 125 236 171
0021 188 125 236 174
0022 195 122 241 171
0023 192 124 239 173
0024 193 129 237 174
0025 190 127 236 175
0026 190 126 235 176
0027 186 121 235 170
0028 183 123 231 172
0029 186 128 232 175
0030 179 125 226 173
0031 184 125 229 173
0032 185 123 228 167
0033 183 124 228 169
0034 180 123 226 171
0035 179 119 227 167
0036 181 129 230 178
0037 176 134 215 189
0038 167 157 207 217
0039 161 184 205 239
0040 149 198 187 239
0041 141 205 182 239
0042 139 216 178 239
0043 141 213 180 239
