0009 122 197 160 236 079 218 117 236
0010 119 176 160 228 077 192 116 238
0011 075 182 114 231 114 164 159 217
0012 111 155 159 212 073 171 114 220
0013 108 139 159 209 069 152 118 218
0014 074 147 119 205 102 139 154 200
0015 074 140 118 196 108 132 157 194
0016 075 134 124 190 110 126 155 184
0017 109 121 155 182 074 130 122 183
0018 114 112 155 178 073 126 116 182
0019 115 116 157 175 073 123 125 177
0020 112 109 153 178 072 121 124 174
0021 112 108 151 175 087 109 125 175
0022 109 110 153 171 080 107 130 172
0023 109 109 153 170 080 106 130 169
0024 113 104 154 169 091 100 129 167 069 117 112 169
0025 112 102 154 167 085 101 126 169
0026 104 103 155 165 078 098 123 169
0027 087 102 152 162
0028 111 102 157 162 080 096 120 167
0029 110 098 157 163 079 096 119 167
0030 111 105 155 161 079 098 121 164
0031 101 095 154 165 079 094 120 166
0032 109 094 157 158 079 092 121 170
0033 109 096 158 159 078 095 123 167
0034 108 097 160 162 079 097 123 166
0035 101 104 152 168 080 107 119 168
0036 115 119 155 188 074 125 121 181
0037 115 140 163 199 080 153 112 210
0038 077 197 119 236 130 185 170 233
