0000 127 213 161 234 078 202 107 233
0001 127 213 161 234 078 203 107 233
0002 127 215 161 235 078 203 107 233
0003 127 213 161 235 078 203 107 233
0004 127 213 161 234 078 203 107 233
0005 126 209 162 239 078 203 107 233
0006 129 204 165 237 078 202 108 232
0007 135 192 169 223 083 201 108 231
0008 136 166 178 200 078 202 106 233
0009 139 152 178 184 078 202 106 233
0010 083 201 108 231 144 119 189 154
0011 083 201 108 231 156 089 195 120
0012 161 072 195 106 074 200 109 234
0013 164 057 202 086 074 200 109 234
0014 161 050 204 082 078 200 107 232
0015 166 048 204 073 083 203 108 231
0016 164 044 200 066 078 201 107 232
0017 163 040 201 067 078 201 107 232
0018 163 036 201 065 074 200 110 233
0019 162 034 202 066 074 200 109 234
0020 163 036 202 062 074 201 109 234
0021 163 034 203 063 082 206 108 233
0022 167 036 198 066 082 206 108 233
0023 168 036 197 065 083 206 108 233
0024 168 035 198 065 078 202 104 235
0025 164 035 203 064 078 203 104 236
0026 162 037 202 066 079 203 104 235
0027 165 043 203 074 079 202 105 235
0028 163 056 194 084 079 203 105 235
0029 078 207 104 235 153 075 192 110
0030 078 203 105 236
0031 079 203 105 235 146 128 179 173
0032 140 162 175 198 076 202 110 234
0033 077 204 105 236 134 182 168 213
0034 133 201 160 230 076 202 109 233
0035 131 213 165 238 083 206 108 233
0036 130 214 165 238 075 201 109 233
0037 127 214 162 236 075 201 109 234
0038 127 213 161 236 083 206 108 234
0039 130 213 162 238 075 201 110 234
0040 126 214 163 239 075 201 110 234
0041 126 212 161 236 075 201 110 233
