0003 125 216 165 239
0004 110 200 139 236
0005 067 144 114 191
0006 045 082 091 143
0007 046 054 091 127
0008 056 044 099 115
0009 060 043 098 109
0010 058 042 100 104
0011 060 048 097 111
0012 060 044 097 109
0013 061 047 099 112
0014 058 045 101 107
0015 059 046 103 107
0016 060 044 099 114
0017 060 044 100 114
0018 066 041 104 111
0019 061 045 102 115
0020 061 045 102 115
0021 063 048 101 114
0022 068 044 107 116
0023 067 058 108 127
0024 073 075 112 147
0025 089 132 123 169
0026 103 180 145 237
0027 117 209 157 237
0028 117 217 160 239
