0000 196 161 227 203
0001 194 157 231 203
0002 199 163 232 204 105 207 156 239
0003 200 164 231 204 113 190 158 226
0004 106 164 159 208 197 163 231 205
0005 198 156 231 206 109 131 157 180
0006 105 098 161 146 198 159 232 206
0007 098 078 162 128 199 162 231 206
0008 098 069 160 114 198 163 231 206
0009 099 061 165 110 198 163 231 206
0010 096 057 161 105 199 163 231 206
0011 096 058 163 105 199 163 231 206
0012 101 061 160 112 199 161 231 206
0013 099 062 161 113 199 161 231 206
0014 100 062 160 113 199 159 232 206
0015 100 060 159 111 199 161 232 207
0016 097 066 163 113 199 161 232 208
0017 197 155 232 206 100 075 166 126
0018 197 155 231 206 108 131 180 171
0019 189 161 229 204 115 175 165 220
0020 125 198 166 239 191 159 229 206
0021 188 158 229 205 106 209 166 236
0022 192 160 229 207
0023 194 169 227 209
0024 190 167 228 207
