0000 098 190 127 229
0001 111 192 137 227
0002 111 192 138 229
0003 105 191 138 228
0004 106 192 134 232 178 182 201 231
0005 103 193 137 231 172 172 195 216
0006 106 195 134 235 163 148 193 185
0007 106 194 134 234 157 135 182 166
0008 105 193 134 233 146 106 176 151
0009 105 195 133 232
0010 101 195 127 228 129 027 173 079
0011 129 026 170 082 100 193 125 229
0012 126 027 166 081 099 193 122 229
0013 126 030 169 080 100 194 121 229
0014 126 028 167 079 098 190 123 230
0015 126 024 164 077 099 194 122 230
0016 126 027 163 081 097 193 121 232
0017 096 196 121 232 136 038 165 095
0018 149 104 177 149 089 196 115 230
0019 161 151 184 185 090 197 112 234
0020 166 171 206 202 083 196 118 234
0021 087 197 113 234 167 165 211 202
