0000 104 205 146 237 183 197 217 225
0001 104 205 146 237 182 196 217 225
0002 103 204 146 237 182 196 217 225
0003 103 204 146 237 182 197 217 225
0004 103 204 146 237 180 195 215 224
0005 103 204 146 237 182 196 217 225
0006 103 204 146 237 182 196 217 225
0007 102 203 146 237 182 196 217 225
0008 105 202 144 239 182 196 217 225
0009 095 193 133 228 187 195 216 224
0010 091 171 130 209 183 194 217 223
0011 083 150 117 186 179 194 216 225
0012 076 124 116 163 182 194 215 226
0013 075 099 116 142 182 196 216 224
0014 072 088 110 133 184 193 216 226
0015 074 074 111 120 185 195 221 224
0016 073 063 120 112 183 196 216 224
0017 076 057 118 103 182 195 221 224
0018 075 058 116 101 182 195 221 223
0019 076 058 114 104 182 195 221 223
0020 078 062 120 100 182 195 221 223
0021 076 061 115 101 182 195 220 223
0022 071 062 114 101 182 195 220 223
0023 067 062 111 101 182 195 221 223
0024 063 062 102 104 186 194 217 223
0025 062 064 099 106 186 194 217 223
0026 058 069 092 108 183 196 221 224
0027 059 075 093 115 186 194 217 224
0028 061 077 100 114 181 192 219 225
0029 063 081 099 115 181 192 219 225
0030 181 192 219 225 065 082 103 119
0031 181 192 219 225 066 084 108 118
0032 181 192 219 225 072 084 106 120
0033 181 192 219 225 072 084 106 120
0034 182 195 219 224 069 085 113 119
0035 182 195 219 224 067 086 109 120
0036 068 087 108 116 182 196 217 226
0037 068 088 109 117 179 193 215 225
0038 182 195 217 226 072 090 115 121
0039 079 100 116 135 187 194 218 225
0040 083 122 118 156 184 195 222 225
0041 184 195 222 225 093 150 130 182
0042 096 170 132 205 184 195 222 225
0043 102 182 138 220 184 195 222 225
0044 107 184 141 222 187 194 218 225
0045 102 193 144 227 185 195 222 225
0046 107 190 142 234 187 195 217 225
0047 108 199 144 239 187 195 217 225
0048 106 200 148 237 186 196 218 226
0049 106 200 148 238 184 195 216 223
0050 108 201 145 235 184 195 216 223
0051 107 200 147 238 184 195 216 223
0052 108 200 145 235 184 195 216 224
0053 108 200 145 235 184 195 216 224
0054 108 200 145 235 184 195 216 224
0055 107 199 148 238 184 195 216 224
