0003 128 213 170 239
0004 126 204 167 237
0005 138 173 183 219
0006 150 138 196 182
0007 160 120 201 157
0008 168 100 214 133
0009 173 091 218 130
0010 181 079 221 128
0011 180 068 227 115
0012 190 065 224 110
0013 193 065 223 105
0014 187 059 226 104
0015 188 060 224 108
0016 183 066 225 113
0017 178 072 219 117
0018 169 084 212 123
0019 153 099 200 135
0020 146 118 195 156
0021 136 133 195 176
0022 135 145 185 181
0023 129 150 184 190
0024 128 154 175 196
0025 127 153 177 194
0026 132 154 176 191
0027 133 144 185 187
0028 145 123 194 170
0029 146 114 195 157
0030 159 098 207 138
0031 168 086 213 130
0032 173 078 217 128
0033 175 074 223 124
0034 180 072 221 123
0035 180 075 220 123
0036 182 085 218 136
0037 182 095 220 137
0038 185 120 217 172
0039 184 162 213 216
0040 176 201 206 239
0041 167 210 198 237
0042 165 211 193 239
0043 168 213 196 239
0044 169 214 197 239
0045 166 213 198 238
0046 167 213 198 238
0047 167 215 198 238
0048 167 214 197 238
