0004 092 189 135 237
0005 092 151 142 203
0006 090 127 140 187
0007 091 093 134 174
0008 087 084 140 160
0009 084 064 131 147
0010 088 061 128 140
0011 086 052 128 135
0012 087 051 128 132
0013 089 054 132 133
0014 090 052 132 133
0015 087 051 132 131
0016 089 054 132 135
0017 087 050 132 132
0018 085 057 133 129
0019 088 053 130 128
0020 089 052 133 134
0021 089 052 133 134
0022 089 052 132 134
0023 088 054 133 134
0024 088 055 132 135
0025 085 058 134 130
0026 089 055 133 136
0027 088 057 136 131
0028 090 047 132 132
0029 088 058 134 129
0030 088 055 130 135
0031 080 068 125 150
0032 080 150 131 205
