0012 237 201 297 239
0013 235 128 278 195
0014 221 087 259 155
0015 208 072 243 136
0016 200 066 240 134
0017 202 061 235 135
0018 196 062 239 132
0019 205 066 234 134
0020 204 071 240 138
0021 207 071 242 141
0022 208 073 243 141
0023 209 069 244 142
0024 210 072 246 141
0025 210 074 245 141
0026 210 070 246 139
0027 210 070 245 140
0028 210 070 246 141
0029 210 074 246 143
0030 211 069 245 143
0031 211 072 247 140
0032 214 074 255 146
0033 237 097 288 166
0034 264 146 319 204
0035 262 193 316 239
