0000 119 206 137 235 177 208 198 238
0001 116 207 135 237 178 208 199 238
0002 116 209 136 237 178 207 200 238
0003 114 209 134 237 175 204 197 237
0004 176 200 198 234 114 210 134 237
0005 175 196 202 231 114 210 134 236
0006 115 211 133 235 187 171 216 204
0007 113 209 132 237 191 150 226 183
0008 114 212 132 235 197 109 224 137
0009 195 091 222 118 114 214 132 236
0010 191 076 218 104 113 210 132 237
0011 188 075 209 104 114 211 132 235
0012 186 081 209 110 114 210 131 237
0013 114 212 132 238 190 114 214 142
0014 115 213 133 238
0015 116 210 135 237 185 193 208 225
0016 175 206 198 235 116 209 134 235
0017 173 209 198 239 116 209 134 235
0018 180 204 204 239 114 209 134 238
0019 112 208 131 235 198 181 220 213
0020 203 139 226 167 113 206 132 233
0021 194 076 221 116 111 208 130 236
0022 189 060 217 101 110 208 129 235
0023 182 052 207 088 111 206 129 234
0024 175 061 199 098 114 208 132 235
0025 171 067 195 100 113 208 131 235
0026 114 208 132 236
0027 114 208 133 236
0028 114 207 132 237 157 188 184 226
0029 156 205 180 239 117 207 133 235
0030 159 205 185 239 114 209 132 236
0031 168 200 191 234 117 207 133 233
0032 113 208 132 237
0033 113 209 132 238
0034 188 074 209 113 114 210 132 236
0035 184 054 210 096 114 210 132 237
0036 181 054 206 091 116 208 134 236
0037 178 070 201 107 115 208 134 236
0038 115 210 133 237 172 091 197 127
0039 115 211 133 238
0040 173 200 194 234 113 211 132 238
0041 173 209 193 239 112 209 131 237
0042 175 213 195 239 112 209 131 236
0043 174 211 196 239 114 207 132 234
0044 174 210 196 239 114 207 132 234
0045 175 211 196 239 114 209 132 235
0046 173 210 195 239 114 209 132 236
