0001 116 197 167 234
0002 144 151 190 204
0003 175 086 215 132
0004 182 047 232 101
0005 188 033 240 090
0006 186 022 242 079
0007 200 018 243 078
0008 192 014 246 082
0009 199 015 244 078
0010 192 012 245 081
0011 193 021 241 087
0012 191 044 245 102
0013 203 082 247 134
0014 217 136 251 186
0015 214 169 254 215
0016 216 178 254 222
0017 216 174 255 215
0018 219 168 252 209
0019 217 157 256 203
0020 217 158 256 202
0021 218 155 258 198
0022 218 152 257 195
0023 224 155 255 195
0024 219 154 258 200
0025 212 167 250 211
0026 198 183 236 236
0027 159 214 202 239
0028 135 222 178 239
0031 159 192 197 234
0032 153 189 202 231
