0005 166 193 204 237
0007 172 134 217 192
0008 173 108 215 169
0009 166 085 211 152
0010 166 075 209 142
0011 171 064 209 135
0012 171 057 214 126
0013 171 053 214 125
0014 170 049 212 123
0015 171 047 212 124
0016 170 047 212 123
0017 170 045 211 121
0018 169 047 210 120
0019 168 041 212 120
0020 168 039 211 119
0021 169 041 209 116
0022 169 042 208 115
0023 169 040 208 115
0024 168 039 210 116
0025 167 047 209 118
0026 169 048 210 116
0027 170 042 211 114
0028 171 044 209 117
0029 169 044 210 115
0030 169 044 211 116
0031 175 042 214 112
0032 169 042 210 116
0033 169 042 210 114
0034 169 042 210 115
0035 172 047 215 123
0036 173 044 215 119
0037 174 043 216 120
0038 174 042 216 120
0039 173 045 215 121
0040 175 043 215 117
0041 174 043 214 117
0042 172 048 214 123
0043 170 046 215 124
0044 169 044 214 125
0045 169 041 213 120
0046 169 041 212 118
0047 169 041 212 120
0048 166 046 210 121
0049 166 048 210 124
0050 171 044 213 125
0051 166 048 210 122
0052 171 047 215 126
0053 169 042 210 119
0054 172 047 215 123
0055 171 043 211 117
0056 171 043 212 119
0057 174 047 215 121
0058 170 047 213 125
0059 172 047 215 123
0060 170 046 211 119
0061 170 045 211 119
0062 170 045 211 119
0063 171 046 211 118
0064 174 046 214 120
0065 170 047 211 120
0066 175 041 214 119
0067 175 041 214 118
0068 170 045 211 122
0069 170 045 211 120
0070 168 054 212 129
0071 167 065 211 143
0072 164 108 211 178
