0000 125 186 145 222 207 189 225 217
0001 206 190 223 220 125 186 144 222
0002 125 186 144 222 202 188 224 220
0003 195 165 219 202 125 188 144 222
0004 193 131 225 159 125 187 144 222
0005 199 091 240 124 125 188 145 223
0006 218 052 250 085 125 188 145 224
0007 245 028 274 067 126 188 144 224
0008 268 020 301 062 123 189 144 225
0009 281 030 319 065 124 189 144 224
0010 287 041 319 073 124 189 146 225
0011 290 048 319 079 125 189 144 223
0012 289 048 319 081 121 189 143 222
0013 289 048 319 081 119 187 142 218
0014 288 042 319 072 119 187 142 218
0015 282 032 319 068 119 188 142 218
0016 275 021 319 059 121 188 143 222
0017 272 013 309 055 123 189 144 222
0018 266 011 311 055 125 188 144 225
0019 272 015 313 056 124 189 145 224
0020 277 023 316 060 124 189 145 224
0021 280 027 319 064 125 188 147 224
0022 281 028 319 066 122 189 144 224
0023 279 020 319 060 121 189 143 223
0024 273 015 314 053 124 189 144 221
0025 267 008 307 047 121 189 142 218
0026 268 000 303 044 124 188 144 225
0027 262 006 306 048 122 187 145 224
0028 271 010 311 050 125 187 144 224
0029 273 015 315 059 122 188 144 223
0030 276 029 319 059 121 187 143 222
0031 265 022 303 056 121 189 143 223
0032 120 185 143 222 234 022 275 055 234 070 255 108
0033 208 033 241 069 120 188 142 220
0034 121 189 143 220 191 050 226 081
0035 124 189 145 225 176 095 214 117 200 099 245 133
0036 124 188 144 224 179 112 209 137
0037 125 188 145 225 177 134 205 160
0038 125 189 146 225 178 155 204 183
0039 121 183 144 222 178 171 207 194
0040 183 178 208 208 121 184 144 222
0041 190 189 214 219 122 187 145 224
0042 123 189 143 222 194 192 218 212
0043 204 190 224 221 123 188 144 221
0044 123 188 144 221 209 190 228 220
0045 122 190 144 222 207 193 227 219
