0000 119 196 139 229 192 202 212 237
0001 118 197 138 230 191 202 212 235
0002 119 198 139 231 191 203 210 236
0003 121 197 140 231 191 201 210 234
0004 121 201 140 231 190 202 210 234
0005 119 199 139 231 189 206 209 235
0006 120 203 139 232 189 202 210 236
0007 118 201 139 233 188 204 207 235
0008 113 193 137 229 189 201 210 236
0009 104 168 127 208
0010 097 138 124 177
0011 087 107 111 144 102 107 143 138 181 110 210 139
0012 181 096 210 129 087 096 114 131 108 098 145 129
0013 176 087 214 125 084 083 115 120
0014 180 090 209 128 085 080 111 114
0015 084 080 115 118 179 094 205 125
0016 079 085 116 123 177 093 211 129
0017 093 106 130 139
0018 171 157 207 198
0019 182 188 205 226 111 159 133 193
0020 187 198 206 235 116 179 140 212
0021 125 197 144 228 191 202 212 237
