0004 002 201 042 237 224 210 263 236
0005 242 176 285 213
0006 253 132 291 170 009 140 038 171
0007 250 109 279 147
0008 238 073 264 113 001 060 031 107
0009 222 046 246 091 019 027 048 079
0010 208 034 235 074 027 018 056 077
0011 192 028 227 064 031 013 062 073
0012 193 028 221 064 033 010 066 067
0013 033 009 067 067 188 027 216 063
0014 039 007 070 058 171 027 210 062
0015 173 028 203 066 039 007 078 061
0016 165 026 204 061 044 010 076 068
0017 160 026 199 058 055 003 084 038
0018 153 028 194 062 092 008 116 050
0019 153 033 191 065 110 012 155 052
0020 149 031 186 064 124 022 157 052
0021 148 033 187 064 124 018 159 050
0022 150 036 189 068 111 014 142 049
0023 155 034 192 066 093 009 119 049
0024 158 036 195 066 070 005 100 055
0025 161 034 196 065 052 010 085 062
0026 161 034 196 066 043 009 083 063
0027 161 034 199 067 042 009 070 063
0028 161 034 198 066 038 010 073 073
0029 156 035 194 065 045 010 079 063
0030 157 037 192 063 089 009 115 044
0031 147 037 186 065 118 013 147 052
0032 148 035 186 070 125 021 173 056
0033 152 034 186 073 125 023 177 055
0034 150 035 188 072 122 023 169 054
0035 148 035 188 072 110 022 158 054
0036 148 038 190 072 101 019 142 053
0037 147 036 191 072 078 012 125 048
0038 150 041 193 073 053 011 085 053
0039 158 037 197 070 037 013 066 072
0040 155 037 197 069 027 017 058 071
0041 156 036 198 069 029 019 057 071
0042 156 035 195 067 035 013 066 070
0043 151 035 192 064 042 015 084 055
0044 149 035 192 073 075 006 105 051
0045 150 035 188 072 102 025 141 057
0046 148 032 186 073 122 029 172 061
0047 149 032 184 073 123 030 172 061
0048 153 035 190 076 122 030 170 060
0049 151 036 189 077 120 031 168 061
0050 147 036 188 077 118 029 171 058
0051 154 038 189 084 110 029 166 062
0052 160 053 192 092 106 039 141 079
0053 155 072 195 108 092 074 120 110
0054 158 096 201 133 090 099 122 138
0055 081 149 127 194 160 133 201 173
0056 164 179 201 212 090 215 116 239
0057 173 214 205 238
