0000 191 218 234 239
0001 192 218 236 239
0002 196 212 238 239 109 221 155 239
0003 196 195 245 234 110 209 157 239
0004 191 182 231 224 117 188 170 234
0005 185 163 220 215 116 165 168 214
0006 119 159 166 208 177 155 226 207
0007 171 155 216 202 127 155 167 208
0008 169 153 211 201 129 153 163 207
0009 169 152 213 202 130 147 165 204
0010 131 148 165 205 170 154 212 202
0011 169 155 213 204 131 149 166 208
0012 166 152 214 202 132 149 164 203
0013 168 155 215 207 130 153 170 206
0014 167 155 216 207 132 151 165 202
0015 168 154 214 204 132 153 170 203
0016 167 154 211 207 132 153 170 206
0017 127 152 170 204 167 155 212 207
0018 166 155 212 208 129 153 166 206
0019 168 155 212 208 129 153 166 207
0020 131 155 167 207 169 155 216 209
0021 169 155 216 209 132 156 167 206
0022 168 153 216 206 130 156 167 209
0023 128 155 169 209 168 154 216 205
0024 169 154 215 200 131 154 167 211
0025 169 154 217 201 132 155 169 208
0026 129 157 164 205 172 152 221 203
0027 166 152 219 201 130 154 166 207
0028 171 152 223 202 126 154 170 210
0029 171 151 223 202 130 154 167 207
0030 172 151 222 202 131 156 168 208
0031 162 152 225 203 130 154 169 210
0032 162 152 225 203 129 153 169 210
0033 163 153 224 202 129 155 168 209
0034 162 153 223 202 129 154 171 212
0035 169 152 223 206 129 151 168 210
0036 170 153 220 205 132 156 169 209
0037 169 152 220 206 132 156 169 209
0038 174 153 218 206 132 156 170 209
0039 170 155 218 206 132 157 170 210
0040 170 156 218 206 132 157 171 210
0041 170 157 217 207 131 156 171 211
0042 171 158 216 208 131 157 171 211
0043 171 157 215 207 132 156 169 210
0044 129 155 173 211 171 157 214 207
0045 171 157 214 207 132 154 167 207
0046 173 158 215 206 130 154 169 213
0047 174 157 216 204 131 157 172 211
0048 176 158 222 212 128 158 171 214
0049 177 164 221 216 125 160 170 213
0050 184 195 229 236 116 188 166 233
0051 188 201 234 239 116 212 157 236
0052 188 209 233 239 110 219 146 239
0053 189 213 233 239 116 218 146 239
0054 186 215 234 239 115 218 151 239
0055 190 214 229 237 115 219 151 239
0056 190 215 230 237 117 222 148 239
0057 189 217 231 237 113 219 151 239
0058 188 216 230 239 117 223 147 239
