0000 115 215 134 239 177 217 201 239
0001 114 215 133 239 181 215 201 239
0002 176 210 202 239 113 214 132 239
0003 171 186 195 215 111 211 128 234
0004 113 214 131 239 165 156 191 190
0005 113 215 132 239 159 151 184 184
0006 109 213 128 236 158 144 187 173
0007 110 214 130 239 150 130 190 162
0008 108 213 128 239 134 126 166 148
0009 132 123 158 149 107 218 127 239
0010 133 120 168 146 105 217 123 239
0011 135 114 167 141 104 223 124 239
0012 138 110 172 137 102 222 125 239
0013 138 109 174 139 105 220 126 239
0014 106 222 128 239 139 112 167 138
0015 106 222 128 239
0016 104 222 126 239
0017 105 221 126 239
0018 105 222 126 239
0019 109 218 128 237 156 133 183 169
0020 158 161 190 197 110 219 131 239
0021 110 217 130 239 154 179 192 214
0022 170 209 198 239 109 216 129 239
0023 107 214 126 236 180 216 205 239
0024 107 215 131 238 180 218 206 239
