0000 056 154 108 202 187 177 210 212
0001 056 154 108 202 175 178 215 215
0002 056 154 108 202 169 167 211 212
0003 055 154 108 202 179 171 211 204
0004 055 154 108 202 171 154 218 203
0005 055 156 108 206 178 141 225 188
0006 055 157 108 206 189 116 238 162
0007 055 156 107 206 198 097 237 150
0008 055 156 107 206 201 075 243 129
0009 055 156 107 206 200 065 246 109
0010 055 156 107 206 208 058 245 113
0011 055 156 107 206 207 049 249 105
0012 056 157 108 205 206 049 249 105
0013 056 157 109 205 206 047 247 104
0014 056 157 109 205 205 049 248 104
0015 056 157 109 205 206 050 248 103
0016 055 157 109 205 209 048 246 101
0017 055 156 109 206 207 050 245 101
0018 055 156 110 206 207 050 244 103
0019 055 155 109 206 206 050 244 104
0020 055 155 109 206 206 048 244 100
0021 056 156 112 205 206 048 244 101
0022 056 156 112 205 206 049 240 096
0023 056 156 113 205 206 051 240 098
0024 055 155 111 205 204 048 246 099
0025 055 155 111 205 204 049 245 099
0026 055 155 111 205 204 053 244 105
0027 055 155 111 205 204 052 246 106
0028 055 155 111 205 203 054 245 104
0029 055 155 112 205 195 064 237 112
0030 055 155 111 206 192 075 237 121
0031 055 155 112 206 188 093 226 142
0032 055 155 112 205 177 113 226 153
0033 056 154 113 201 179 132 219 177
0034 055 155 112 206 172 150 218 201
0035 055 155 112 206 176 173 214 211
0036 056 157 113 205 177 176 212 211
0037 056 157 114 205 174 176 213 208
0038 056 157 108 205 173 174 213 208
0039 056 156 108 206 173 173 214 208
0040 056 156 108 206 173 172 214 209
0041 057 157 113 206 172 178 212 209
0042 057 156 114 206 172 178 212 209
