0000 110 161 129 186 162 164 180 186
0001 111 160 127 188 161 164 180 187
0002 109 163 126 189 161 164 179 186
0003 111 162 128 188 161 164 180 186
0004 108 163 125 188 160 162 177 190
0005 108 162 125 189 161 156 177 180
0006 156 137 175 163
0007 157 108 177 127
0010 191 043 212 070
0011 198 038 231 073
0012 203 028 228 067
0013 207 029 230 062
0014 204 028 229 066
0015 206 029 230 063
0016 206 029 229 061
0017 203 028 226 062
0018 194 034 211 062
0019 170 054 190 083
0021 154 113 181 141
0022 162 143 183 171
0023 166 157 186 188
0024 163 163 184 191
0025 164 162 181 189
0026 163 164 181 191 106 160 125 183
0027 108 162 125 188 164 166 180 188
0028 163 166 181 187 111 165 128 188
0029 164 165 181 186 107 162 125 186
0030 107 162 125 186 164 163 181 186
0031 107 162 126 185 164 163 181 187
0032 111 166 128 189 164 163 181 187
0033 107 167 124 191 164 164 181 188
0034 110 165 126 190 163 168 180 188
0035 112 166 129 188 162 168 180 188
0036 112 167 129 189 162 168 179 188
0037 109 164 127 189 162 168 179 188
0038 109 165 127 189 165 164 181 184
0039 109 164 127 189 164 164 181 184
0040 109 164 127 190 164 164 181 184
0041 109 164 127 190 162 163 181 187
0042 109 164 127 190 163 164 181 188
