0000 034 215 078 239
0001 035 214 080 239
0002 031 212 072 239
0003 027 207 071 239
0004 029 202 072 239
0005 029 193 071 239 161 206 196 239
0006 033 189 073 239 148 222 184 239
0007 038 181 081 233 119 212 161 239
0008 106 183 158 235 045 167 088 230
0009 103 160 157 218 053 160 096 226
0010 096 143 160 202 062 151 109 221
0011 062 143 118 209 104 134 156 195
0012 072 129 125 206 112 120 157 187
0013 077 122 125 201 105 122 153 189
0014 082 122 125 202 112 115 147 185
0015 086 115 126 198 107 123 145 191
0016 093 114 132 193
0017 103 116 141 190
0018 092 103 132 149 086 125 143 186
0019 092 133 148 185 089 106 125 152
0020 084 104 127 149 085 114 147 188
0021 084 099 128 145 093 114 143 182
0022 087 104 145 187 085 096 125 140
0023 084 093 123 136 085 099 141 181
0024 085 097 122 134 088 105 134 183
0025 084 094 124 136 086 108 130 182
0026 080 098 121 135 083 114 140 176
0027 083 097 116 132 083 115 140 175
0028 082 096 118 134 085 099 137 180
0029 081 093 119 132 085 100 136 181
0030 075 095 114 132 088 105 134 178
0031 082 103 147 164 080 095 110 126
0032 085 103 137 180 068 090 109 130
0033 092 101 138 175 071 093 105 132
0034 074 095 133 178 063 092 107 137
0035 087 098 130 177 068 094 104 135
0036 083 105 134 172 062 094 106 138
0037 079 103 129 177 062 094 105 138
0038 078 096 122 178 063 095 104 138
0039 077 095 121 179
0040 071 104 116 168 099 105 131 164
0041 079 098 117 174
0042 073 096 123 166
0043 074 098 125 165
0044 074 098 124 166
0045 084 103 121 178
0046 080 100 118 171
0047 086 096 124 164
0048 088 101 130 173
0049 073 102 127 175
0050 088 095 130 168
0051 080 098 131 172 072 093 103 132
0052 090 098 132 167 071 091 108 134
0053 078 097 129 178 071 093 106 130
0054 073 104 136 169 072 092 105 133
0055 071 107 125 173 071 091 106 129 104 106 142 164
0056 072 106 137 169 074 090 110 131
0057 081 101 128 174 073 086 111 129
0058 081 105 145 164 073 088 111 130
0059 080 106 145 165 073 088 111 129
0060 080 107 145 164 072 087 108 127
0061 082 107 145 164 075 087 112 127
0062 082 107 145 164 073 089 107 126
0063 080 109 131 170 074 087 112 128
0064 081 107 145 164 074 087 112 128
0065 080 106 145 164 074 086 113 129
0066 081 106 144 165 073 089 108 127
0067 080 106 144 164 073 088 108 127
0068 088 100 135 169 073 089 107 127
0069 088 099 135 169 075 088 111 127
0070 072 109 134 171 074 088 107 128
0071 080 103 133 168 073 083 115 123
0072 077 105 132 171 068 086 116 124 104 099 148 153
0073 080 101 133 168 069 086 115 125
0074 080 102 145 165 069 085 115 126
0075 068 083 114 124 077 105 133 171
0076 076 086 112 127 102 094 144 156
0077 078 101 145 163 075 086 112 128
0078 101 097 143 160 073 085 111 126
0079 078 104 144 164 075 088 112 128
0080 081 102 139 183 071 095 115 137
0081 081 119 143 194 073 104 126 153
0082 076 150 151 205
0083 078 148 136 233
0084 059 193 111 239 099 165 150 221
0085 044 202 091 239 112 213 157 239
0086 035 207 077 239
0087 035 205 077 239
0088 038 215 075 239
0089 037 214 075 239
0090 038 213 076 239
0091 038 212 076 239
0092 040 219 073 239
0093 038 212 075 239
0094 037 213 075 239
0095 038 213 076 239
0096 040 208 071 239
