0000 083 222 104 239
0001 083 223 104 239
0002 080 220 102 239
0003 210 196 234 235
0004 173 110 216 149 076 218 102 239
0005 136 075 192 110 077 215 102 239
0006 134 075 192 110 081 218 106 239
0007 136 072 193 107 075 218 102 239
0008 143 071 191 108 074 217 103 239
0009 135 074 194 107 072 216 105 239
0010 141 077 191 110 077 217 104 239
0011 134 074 195 108 076 218 103 239
0012 138 074 188 107 080 219 107 239
0013 138 073 189 106 080 217 105 239
0014 139 075 186 106 080 218 107 239
0015 136 072 193 107 076 222 101 239
0016 137 072 190 106 071 217 104 239
0017 134 071 185 107 071 216 104 239
0018 136 071 193 103 078 218 104 239
0019 143 072 196 108 075 221 102 239
0020 153 129 196 161
0021 175 214 206 239 083 224 105 239
0022 082 224 106 239
0023 080 224 104 239 171 217 191 239
0024 173 215 192 239 083 224 105 239
