0000 217 189 245 232 144 187 163 221
0001 220 189 247 232 146 187 165 225
0002 221 190 249 232 147 187 166 224
0003 218 191 249 233 147 186 167 223
0004 222 190 247 232 147 186 167 223
0005 222 190 248 232 148 186 168 222
0006 222 191 248 233 145 186 165 218
0007 223 192 248 233 148 184 169 220
0008 223 192 249 232 145 186 163 221
0009 224 191 249 232 134 189 153 221
0010 224 191 249 232 105 170 142 211
0011 224 193 251 235 082 154 114 190
0012 050 121 099 151 222 188 251 231
0013 035 082 087 119 224 187 257 233
0014 030 052 081 091 221 187 252 231
0015 030 038 079 077 224 187 257 230
0016 030 035 081 080 225 190 255 233
0017 028 060 082 098 225 190 255 234
0018 036 095 088 133 221 188 252 230
0019 042 120 097 157 225 191 253 234
0020 048 133 100 170 221 188 252 230
0021 045 127 101 164 221 187 251 231
0022 040 109 092 138 221 188 251 231
0023 028 077 084 112 221 188 251 231
0024 029 048 081 090 222 189 249 230
0025 030 032 079 074 223 189 249 231
0026 029 033 079 076 225 190 250 233
0027 028 052 082 091 223 190 249 232
0028 028 074 084 110 223 191 249 232
0029 038 108 094 143 219 189 251 232
0030 043 120 094 158 222 190 248 230
0031 041 113 095 150 223 189 248 231
0032 036 102 088 138 224 191 247 230
0033 036 088 086 122 224 191 248 232
0034 034 075 086 113 224 192 248 231
0035 035 067 088 104 223 191 248 231
0036 036 069 089 108 223 191 248 231
0037 043 085 092 124 223 191 248 231
0038 056 113 099 149 223 191 248 232
0039 077 144 108 184 223 190 248 231
0040 099 165 128 211 223 189 248 231
0041 118 181 142 223 219 188 250 232
0042 129 187 149 222 218 189 250 231
0043 217 188 250 231 134 183 157 223
0044 221 191 247 230 142 182 163 217
