0011 174 208 214 236
0012 175 200 221 239
0013 179 181 225 227
0014 174 168 227 210
0015 157 156 214 192
0016 137 147 206 183
0017 109 147 188 178
0018 104 145 181 178
0019 104 147 186 180
0020 113 149 187 183
0021 124 156 195 193
0022 139 161 203 200
0023 141 162 205 205
0024 131 158 196 206
0025 107 157 188 196
0026 093 152 168 187
0027 086 150 167 184
0028 092 151 169 187
0029 098 150 179 196
0030 113 158 188 201
0031 127 158 195 203
0032 129 155 197 198
0033 118 149 185 198
0034 089 150 170 182
0035 081 145 157 176
0036 079 144 151 175
0037 082 146 163 177
0038 095 147 175 183
0039 110 148 184 185
0040 120 148 189 186
0041 117 145 185 179
0042 094 139 167 172
0043 084 138 161 167
0044 089 138 161 168
0045 093 142 170 184
0046 108 155 177 195
0047 120 172 182 218
0048 124 198 181 238
0049 137 216 183 239
