0002 197 211 240 237
0005 263 199 318 239
0006 252 160 319 216
0007 246 157 319 206
0008 237 144 315 193
0009 232 135 310 187
0010 228 128 299 185
0011 231 129 297 185
0012 222 128 298 181
0013 219 126 296 181
0014 216 127 294 181
0015 215 128 293 182
0016 216 128 295 182
0017 217 128 289 183
0018 219 132 299 186
0019 219 133 298 186
0020 219 133 299 186
0021 219 133 300 186
0022 219 133 300 186
0023 218 127 295 182
0024 218 132 295 187
0025 226 132 295 189
0026 231 155 306 197
0027 242 169 318 210
0028 257 206 318 239
