0000 111 206 131 238 182 203 204 236
0001 111 206 131 238 183 203 204 237
0002 111 207 131 238 182 204 203 236
0003 111 206 131 237 182 204 203 236
0004 111 206 131 237 182 204 203 236
0005 111 206 130 237 182 204 203 236
0006 110 207 130 238 182 204 203 236
0007 181 202 204 237 104 203 124 236
0008 183 201 205 237 086 191 106 229
0009 183 201 205 238 062 170 084 195
0010 181 202 204 236 043 123 088 150
0011 062 067 095 120 182 202 205 239
0012 080 058 105 101 182 201 205 239
0013 086 054 116 096 182 200 205 238
0014 085 050 114 099 182 200 205 238
0015 086 052 113 101 182 200 205 238
0016 086 053 114 099 181 200 205 238
0017 087 056 113 095 181 199 204 239
0018 085 054 114 101 181 199 204 239
0019 086 055 114 099 181 199 204 239
0020 181 202 203 235 086 054 113 099
0021 181 202 203 236 086 053 114 099
0022 085 052 114 097 181 201 203 236
0023 085 053 113 099 181 201 203 236
0024 079 054 108 104 181 203 203 237
0025 063 072 096 121 182 204 203 238
0026 181 204 203 238 060 137 103 165
0027 181 203 203 237 078 179 102 223
0028 095 200 116 232 182 200 205 238
0029 181 200 205 237 101 201 122 235
0030 181 200 205 237 105 203 126 237
0031 181 201 205 238 110 204 130 235
0032 183 203 205 237 110 203 129 234
