0000 131 215 197 239 069 222 116 239
0001 132 207 194 239 067 222 116 239
0002 138 171 200 225 067 222 117 239
0003 151 100 208 166 068 221 121 239
0004 158 061 204 131 068 221 121 239
0005 153 037 200 105 067 222 118 239
0006 140 024 192 079 067 222 118 239
0007 140 019 189 075 068 222 118 239
0008 146 018 190 075 062 217 122 239
0009 150 012 196 074 061 220 119 239
0010 158 013 202 087 063 217 122 239
0011 164 028 212 097 064 221 123 239
0012 169 028 212 116 063 217 122 239
0013 157 054 211 130 064 221 118 239
0014 161 074 208 146 064 221 118 239
0015 154 084 207 150 064 221 118 239
0016 155 095 200 154 068 221 117 239
0017 153 097 198 154 068 218 117 236
0018 152 098 198 156 069 222 117 239
0019 152 098 201 161 069 222 117 239
0020 151 105 201 155 069 222 117 239
0021 142 132 190 191 069 222 117 239
0022 145 176 193 238 069 222 116 239
0023 069 222 115 239 130 204 187 235
0024 069 222 116 239
0025 066 222 117 239
0026 066 222 117 239
0027 066 222 117 239
0028 066 222 117 239
0029 066 222 117 239
0030 066 222 114 239
0031 066 222 115 239
