0000 109 203 125 234
0001 109 203 127 236
0002 109 203 126 237
0003 108 204 126 235
0004 109 204 126 236 183 202 199 233
0005 182 206 201 237 109 205 125 236
0006 174 198 197 234 109 205 125 236
0007 160 172 189 212 105 202 125 236
0008 106 204 125 238 146 137 172 169
0009 107 203 125 237 139 092 179 130
0010 105 201 125 235 143 072 171 101
0011 105 200 125 235 142 065 171 094
0012 139 061 174 099 106 202 123 233
0013 135 061 171 094 105 202 122 235
0014 138 063 168 099 105 203 122 237
0015 106 202 123 237
0016 140 118 173 160 106 204 123 235
0017 165 194 193 239 106 206 123 235
0018 178 213 198 239 105 205 121 231
0019 105 203 122 236
0020 106 204 123 235
