0000 114 210 167 239
0001 113 210 166 239
0002 114 210 166 239
0003 114 210 166 239
0004 114 210 166 239
0005 114 210 166 239
0006 114 210 166 239
0007 113 210 166 237
0008 113 211 168 239
0009 113 211 168 239
0010 111 210 167 239
0011 110 211 168 239
0012 113 209 165 239
0013 106 211 164 238
0014 111 203 161 238
0015 115 193 166 235
0016 118 170 172 210
0017 128 120 174 158
0018 123 097 176 138
0019 124 089 177 127
0020 124 074 178 119
0021 120 078 174 124
0022 112 074 172 118
0023 115 075 173 122
0024 109 069 155 123
0025 107 070 160 124
0026 110 074 151 131
0027 126 100 172 144 114 100 143 142
0028 119 135 169 177
0029 114 159 164 198
0030 107 184 164 222
0031 106 201 160 239
0032 114 213 163 239
0033 120 215 162 239
0034 118 213 161 239
0035 116 213 161 239
