0000 049 223 091 239
0001 049 223 091 239
0002 051 220 093 239
0003 051 220 093 239
0004 051 220 093 239
0005 051 220 093 239
0006 052 220 093 239
0007 051 222 089 239
0008 055 222 092 239
0009 055 222 092 239
0010 051 222 089 239
0011 171 220 209 239 051 222 089 238
0012 176 215 211 237 052 220 093 239
0013 175 202 217 239 049 221 089 238
0014 182 167 211 228 050 221 089 238
0015 176 157 216 223 050 221 089 239
0016 180 144 220 222 054 221 092 239
0017 179 121 223 205 048 219 089 239
0018 178 103 228 198 049 222 090 239
0019 183 088 228 186 049 221 090 239
0020 184 076 230 167 049 221 089 239
0021 187 069 230 156 049 221 089 239
0022 183 062 231 144 049 221 089 239
0023 187 058 229 143 050 223 095 239
0024 191 058 234 148 051 221 090 239
0025 193 056 237 140 051 221 090 239
0026 192 051 240 141 051 221 090 239
0027 194 045 238 135 051 221 090 239
0028 193 045 240 134 051 221 090 239
0029 193 046 240 131 051 221 090 239
0030 194 049 240 131 049 223 089 239
0031 197 045 244 131 050 222 090 239
0032 197 044 244 132 050 222 090 239
0033 195 049 241 133 050 222 089 239
0034 197 045 243 131 050 222 089 239
0035 197 044 243 130 050 220 093 239
0036 194 048 239 130 050 221 089 239
0037 196 043 244 129 050 221 089 239
0038 197 044 242 126 050 221 089 239
0039 197 044 242 125 050 221 089 239
0040 191 045 240 124 050 221 089 239
0041 197 044 243 126 050 221 089 239
0042 195 046 243 122 047 219 088 239
0043 195 047 244 122 050 220 092 239
0044 191 045 240 121 050 220 092 239
0045 195 047 243 123 048 222 089 239
0046 195 046 243 122 051 223 094 239
0047 196 046 243 121 047 219 088 239
0048 197 044 242 126 052 220 092 239
0049 196 047 243 124 052 220 092 239
0050 195 047 243 125 052 220 092 239
0051 195 047 244 125 052 220 092 239
0052 195 046 244 125 049 222 088 239
0053 196 042 245 129 051 222 089 239
0054 192 042 240 130 052 220 092 239
0055 192 042 240 131 051 222 089 239
0056 188 043 243 125 051 222 089 239
0057 189 042 243 124 051 221 090 239
0058 188 041 244 126 053 219 092 239
0059 189 043 245 128 053 219 092 239
0060 192 043 244 136 051 219 092 239
0061 192 042 244 133 051 220 092 239
0062 192 042 245 134 051 220 092 239
0063 193 041 244 136 051 220 092 239
0064 192 041 245 133 052 219 092 239
0065 192 039 245 131 052 219 092 239
0066 193 041 244 133 047 217 089 239
0067 195 041 246 124 048 217 089 239
0068 197 045 245 129 047 217 089 239
0069 195 040 251 125 047 217 089 239
0070 203 041 250 127 047 217 089 239
0071 206 039 254 129 048 218 089 239
0072 205 046 259 127 048 218 089 239
0073 206 047 260 128 047 219 089 239
0074 210 042 262 125 048 218 089 239
0075 216 044 261 128 050 218 089 239
0076 214 041 264 121 051 219 089 239
0077 211 042 265 124 051 219 089 239
0078 216 045 266 123 054 222 090 239
0079 215 041 264 127 054 222 089 239
0080 206 044 260 123 054 222 089 239
0081 200 045 252 124 054 222 089 239
0082 195 041 243 127 051 219 089 239
0083 193 041 239 125 051 219 089 239
0084 184 040 233 122 058 223 089 239
0085 180 037 229 127 055 219 093 239
0086 177 035 221 122 054 223 094 239
0087 178 040 223 127 056 218 093 237
0088 174 044 225 127 050 223 090 239
0089 169 042 225 125 055 220 093 239
0090 169 041 226 123 057 223 090 239
0091 171 036 224 130 057 223 090 239
0092 170 039 226 123 057 222 090 239
0093 173 038 223 127 054 221 093 239
0094 176 037 221 124 054 221 093 239
0095 174 038 225 126 054 221 093 239
0096 175 037 228 120 053 221 093 239
0097 176 037 226 122 053 221 095 239
0098 172 039 230 122 053 221 095 239
0099 173 036 228 118 055 224 093 239
0100 175 040 231 123 054 221 094 239
0101 174 040 232 120 057 223 090 239
0102 174 036 233 124 056 223 089 239
0103 173 037 234 124 056 223 089 239
0104 174 039 236 122 052 221 093 239
0105 176 041 232 121 057 223 089 239
0106 175 035 240 120 057 223 089 239
0107 176 037 236 119 057 223 089 239
0108 177 037 235 118 056 222 089 239
0109 177 038 236 117 056 222 089 239
0110 177 037 236 119 056 222 090 239
0111 178 037 236 119 056 222 091 239
0112 178 038 236 118 056 222 091 239
0113 179 038 236 117 056 222 091 239
0114 181 036 234 125 054 222 092 239
0115 178 036 239 117 056 222 092 239
0116 179 036 239 117 056 222 092 239
0117 181 035 235 124 056 222 092 239
0118 181 035 235 124 056 222 092 239
0119 179 034 237 121 056 221 089 239
0120 181 035 235 126 054 222 091 239
0121 182 035 235 125
0122 182 035 235 123
0123 182 036 234 123 054 221 091 239
0124 181 035 235 126 051 218 097 239
0125 181 035 235 125 051 218 097 239
0126 181 037 238 122 056 222 089 239
0127 179 036 239 120 056 222 089 239
0128 179 037 240 120 052 223 090 239
0129 184 041 236 131 052 223 090 239
0130 187 045 235 132 052 223 090 239
0131 183 054 242 135 052 223 090 239
0132 184 077 245 167 056 222 089 239
0133 179 101 245 188 056 223 089 239
0134 176 150 242 213 056 223 089 239
0135 057 223 089 239 177 198 223 238
0136 055 223 092 239
0137 056 221 095 239
0138 054 223 093 239
0139 054 224 093 239
0140 054 224 092 239
