0000 142 215 176 239
0001 120 151 176 202
0002 121 106 175 144
0003 121 087 169 119
0004 118 075 172 106
0005 125 061 175 094
0006 126 050 180 088
0007 145 028 190 081
0008 160 021 201 079
0009 172 017 207 087
0010 176 016 211 084
0011 169 019 212 084
0012 169 020 219 083
0013 163 030 213 081
0014 164 032 213 083
0015 165 028 211 085
0016 166 025 209 087
0017 164 031 212 084
0018 164 030 213 085
0019 164 031 213 086
0020 164 031 213 085
0021 164 031 213 085
0022 165 030 213 087
0023 165 028 209 089
0024 170 048 209 088
0025 046 197 095 239 162 066 205 104
0026 072 149 120 196 140 085 198 128
0027 083 125 134 174 126 099 187 132
0028 128 094 188 132 087 122 136 174
0029 125 094 187 130 092 118 138 175
0030 093 118 139 176 126 092 182 130
0031 091 114 139 173 133 085 192 119
0032 132 086 193 125 091 112 138 171
0033 143 078 192 114 090 115 130 169
0034 136 073 191 113 090 117 137 174
0035 161 061 206 102 089 119 138 176
0036 155 063 205 101 087 123 137 177
0037 171 055 212 094 087 124 136 179
0038 175 058 213 099 085 126 135 180
0039 179 043 221 087 084 130 131 181
0040 188 044 227 087 074 137 123 189
0041 204 043 231 085 069 142 118 192
0042 199 032 234 082 062 152 101 204
0043 052 166 091 214 219 028 247 077
0044 041 178 086 228 213 035 246 089
0045 036 200 077 237 227 037 270 088
0046 033 208 077 239 234 060 276 106
0047 225 103 276 151 035 219 081 239
0048 214 168 251 227
0049 192 199 226 235 048 223 081 239
0050 164 212 197 237 041 225 083 239
0051 145 221 171 239 043 223 087 239
0052 139 223 168 239
0053 141 223 176 239
