0000 195 203 213 234 123 194 141 228
0001 195 202 213 233 120 193 138 229
0002 191 197 215 227 114 178 135 210
0003 195 143 221 193 108 138 129 173
0004 100 116 132 151
0005 198 077 224 117 103 079 126 117
0006 198 041 221 085 102 053 124 091 096 104 117 143
0007 198 034 223 075 108 045 130 077
0008 106 046 129 086 198 033 223 076
0009 108 047 132 082 199 034 224 074
0010 202 035 226 077 109 045 130 080
0011 109 045 133 080 202 036 224 080
0012 202 034 224 078 106 045 130 081
0013 202 034 224 078 106 043 131 080
0014 202 035 225 080 107 041 132 077
0015 202 032 225 081 107 042 131 079
0016 202 036 226 083 106 039 130 078
0017 106 044 131 079 201 040 225 087
0018 199 050 220 091 107 054 130 091
0019 194 074 221 110 109 077 129 114
0020 192 122 220 152 112 119 138 152
0021 188 170 213 205 115 166 135 197
0022 121 184 145 217 185 188 206 230
0023 187 199 210 235 121 192 140 225
0024 187 200 211 237 120 189 139 224
