0000 152 124 195 220 111 132 156 226
0001 149 115 190 204 104 107 163 218
0002 155 106 196 181 105 100 164 209 147 161 194 212
0003 152 101 189 197 109 098 167 202
0004 147 131 185 212
0005 142 151 203 202
0006 151 147 195 206
0007 111 090 166 201 144 142 193 207
0008 111 086 163 212 145 137 186 206
0009 111 104 157 178 141 132 179 209
0010 110 106 156 175 140 139 187 214
0011 109 080 161 215 149 090 198 213
0012 156 088 205 199
0013 108 087 160 211
0014 114 097 150 183 141 139 178 202
0015 111 098 156 177 157 096 203 173
0016 111 107 159 161 163 104 213 160
0017 169 130 217 182 099 132 148 174
0018 100 187 142 230 162 185 200 229
