0001 035 218 087 239
0002 033 214 093 239
0003 030 199 098 238
0004 035 178 108 232 169 200 223 239
0005 036 144 122 201 169 199 225 236
0006 180 197 223 239 038 128 120 181
0007 054 118 122 172 200 182 242 239
0008 050 121 118 170 205 157 247 232
0009 196 113 259 184 054 120 122 171
0010 191 082 265 161 049 116 118 171
0011 182 070 262 140 056 116 128 173
0012 172 073 248 154 051 116 122 171
0013 164 078 233 143 050 119 121 172
0014 149 089 213 151 045 123 119 175
0015 136 094 207 154 047 119 120 172
0016 114 090 186 158 045 118 126 171
0017 114 094 169 160 038 117 125 168
0018 037 117 119 170 107 095 158 161
0019 039 122 121 174 113 102 159 168
0020 038 122 116 174 113 105 154 169 167 215 197 239
0021 036 122 117 174 109 103 164 168
0022 035 122 116 175 107 107 158 167
0023 043 123 128 180 110 113 168 178
0024 047 141 109 196 104 136 150 189
0025 112 171 167 233 036 170 099 236
0026 121 204 172 239
0027 129 222 170 239
0029 128 222 171 239
