0000 052 194 072 229 170 171 198 199
0001 054 193 073 227 165 161 200 185
0002 058 198 077 229 156 157 190 187
0003 058 194 081 231 143 159 165 191
0004 056 193 078 230 131 177 154 216
0005 060 195 085 233 124 182 148 223
0006 123 178 148 220 067 197 087 234
0007 068 191 096 234 121 179 145 220
0008 072 178 099 225
0009 079 178 104 224
0010 097 159 125 213 075 162 100 216
0011 075 133 127 178
0012 055 110 088 142 084 103 125 141
0013 051 087 089 123 083 090 122 124
0014 041 073 090 112 089 082 128 114
0015 041 072 092 104 087 087 126 117
0016 083 100 122 132 048 084 089 129
0017 052 104 092 143 085 113 123 144
0018 057 120 093 157 091 135 137 166
0019 063 150 092 189 101 154 137 192
0020 070 175 094 216 107 176 142 216
0021 068 183 094 225 109 185 148 228
0022 069 187 091 227 122 188 149 229
0023 116 191 151 231 070 189 092 226
0024 071 189 093 224 121 183 148 223
0025 073 189 096 226 106 185 146 221
