0011 180 189 233 234
0012 173 156 227 211
0013 171 118 213 193
0014 162 099 207 172
0015 156 074 201 158
0016 152 053 191 144
0017 156 046 193 145
0018 165 043 208 141
0019 176 051 218 136
0020 181 048 227 138
0021 180 059 219 143
0022 159 062 197 141
0023 147 053 185 141
0024 140 048 184 132
0025 151 048 190 129
0026 165 042 204 135
0027 172 051 213 136
0028 169 054 216 142
0029 159 064 200 138
0030 148 067 191 140
0031 142 057 187 138
0032 159 047 196 130
0033 167 045 203 133
0034 172 052 212 135
0035 170 066 211 143
0036 172 084 210 153
0037 179 111 220 164
0038 194 145 234 199
0039 202 196 252 239
