0000 145 164 195 210
0001 146 163 197 210
0002 147 163 198 210
0003 150 165 197 213 120 216 160 237
0004 149 165 193 211 126 218 162 237
0005 132 204 173 239 159 163 199 211
0006 134 190 177 234 162 162 206 208
0007 140 175 182 225 167 155 206 203
0008 140 160 178 208 171 147 203 194
0009 139 151 183 195 170 143 197 185
0010 139 145 182 187 166 132 205 177
0011 136 145 183 188 166 133 203 172
0012 137 140 183 185 173 134 207 178
0013 138 140 184 184 178 144 209 183
0014 141 141 184 184 178 142 218 180
0015 138 139 184 183 186 146 226 186
0016 139 141 185 183 189 149 230 190
0017 138 141 186 186 191 141 230 183
0018 138 143 184 188 183 140 218 184
0019 139 147 188 188 173 132 209 182
0020 139 148 189 189 167 132 207 185
0021 140 144 195 188
0022 140 145 190 184 166 131 209 183
0023 142 142 187 185 170 132 209 180
0024 142 140 183 182 180 143 218 186
0025 139 141 187 182 184 143 222 192
0026 139 141 186 181 186 146 225 193
0027 139 143 187 182 187 147 229 193
0028 137 145 185 183 185 149 228 193
0029 138 150 187 194 187 151 233 199
0030 132 169 183 213 192 165 233 213
0031 128 190 176 239 203 186 236 232
0032 204 196 241 239 129 207 171 239
0033 210 214 243 239 123 215 166 239
0034 211 218 244 238
