0009 166 223 218 239
0010 144 177 209 238 120 200 167 239
0011 146 121 207 165 132 139 177 201
0012 130 106 172 178 135 082 203 115
0013 134 059 192 094 132 070 168 147
0014 130 069 166 140 133 057 183 083
0015 129 071 161 140 132 056 183 081
0016 129 066 161 137 133 058 186 083
0017 133 069 166 136 131 056 185 081
0018 126 056 189 092 134 066 166 137
0019 126 056 188 092 129 067 160 134
0020 129 068 160 134 127 055 190 090
0021 133 069 167 138 134 055 188 086
0022 130 074 160 139 131 058 185 087
0023 133 079 167 146 129 063 190 091
0024 129 069 188 116 129 098 166 155
0025 127 101 194 159
0026 118 169 170 230 143 156 196 225
0027 160 209 212 238
