0002 184 177 222 239
0003 184 124 221 181 083 044 148 112
0004 164 082 215 134 084 039 147 108
0005 153 060 195 103
0006 144 054 185 098 082 039 150 102
0007 145 052 181 099 083 024 146 125
0008 140 056 185 100 093 043 157 107
0009 144 052 187 096 103 036 146 109
0010 147 055 179 098 102 032 149 118
0011 143 054 182 098 090 025 149 130
0012 143 054 183 096 092 045 159 104
0013 147 053 186 097 108 035 158 107
0014 146 055 182 102 087 028 144 134
0015 145 055 183 096
0016 141 057 186 098
0017 144 052 183 100
0018 142 055 184 100
0019 146 056 182 099
0020 146 054 180 095
0021 146 056 182 098
0022 145 055 186 097
0023 144 055 188 099 090 046 149 117
0024 154 055 185 100
0025 156 062 187 109
0026 157 075 196 125
0027 161 096 196 139
0028 163 121 206 166
0029 165 157 208 209
0030 170 210 211 237
