0002 182 199 231 239
0003 203 159 252 206
0004 213 121 263 172
0005 219 088 272 139
0006 215 072 263 127
0007 214 066 258 120
0008 215 071 260 124
0009 216 072 261 125
0010 216 071 261 126
0011 214 071 258 126
0012 213 074 256 126
0013 209 089 250 139
0014 200 099 244 146
0015 197 124 241 165
0016 192 143 237 178
0017 188 154 234 191
0018 181 164 234 207
0019 181 169 231 219
0020 174 174 229 229
0021 172 178 221 232
0022 164 186 216 235
0023 154 183 212 237
0024 143 175 207 233
0025 142 168 205 218
0026 143 151 202 199
0027 140 132 196 180
0028 140 126 194 173
0029 134 110 191 159
0030 130 100 187 146
0031 132 102 185 148
0032 128 100 186 145
0033 128 101 187 146
0034 128 101 187 147
0035 128 102 187 146
0036 127 104 189 147
0037 135 107 190 152
0038 140 116 198 155 082 202 154 239
0039 076 156 144 202 141 113 201 157
0040 081 145 136 194 140 123 201 166
0041 083 186 142 238 143 163 203 208
0042 149 190 202 238
