0010 067 189 111 238
0011 029 177 089 235
0012 035 124 103 208
0013 056 100 102 185
0014 053 098 108 173
0015 060 087 103 169
0016 061 083 105 166
0017 059 080 106 169
0018 057 084 112 165
0019 058 086 105 172
0020 056 087 112 167
0021 055 087 109 168
0022 054 085 109 170
0023 055 086 112 167
0024 053 081 113 164
0025 057 077 107 168
0026 054 080 114 161
0027 050 081 108 162
0028 054 079 110 159
0029 053 079 110 162
0030 051 078 110 162
0031 050 080 108 159
0032 050 084 106 159
0033 051 085 098 170
0034 036 108 095 185
0035 024 154 073 222
