0000 021 213 067 239
0009 097 216 142 239
0010 096 184 139 238
0011 088 143 133 205
0012 080 129 127 186 068 202 114 239
0013 064 119 118 175 073 179 129 233
0014 059 113 114 170 083 163 132 218
0015 058 111 106 173 099 140 139 206
0016 055 106 110 172 108 136 137 183
0017 054 108 107 171 105 125 146 193
0018 055 108 110 170 106 124 142 199
0019 052 111 107 168 112 108 151 204
0020 111 112 148 198 055 107 108 163
0021 106 110 144 193 051 110 105 166
0022 054 110 105 165 111 109 144 198
0023 055 107 107 163 110 107 144 200
0024 109 105 142 203 051 112 104 165
0025 053 109 105 165 107 111 142 190
0026 103 109 135 195 052 109 104 165
0027 057 109 101 165 104 109 137 199
0028 053 107 107 163 104 106 137 193
0029 054 111 104 168 107 110 137 188
0030 054 111 105 169 103 108 144 192
0031 054 112 106 165 106 105 142 196
0032 050 114 103 165 105 108 143 188
0033 055 111 107 166 106 107 142 189
0034 055 115 108 169 105 110 142 200
0035 054 114 109 171 104 111 144 194
0036 055 115 108 168 104 111 144 195
0037 056 112 106 166 108 107 139 202
0038 054 114 108 169 105 113 142 197
0039 051 122 104 174 106 130 148 189
0040 044 132 102 185
0041 049 155 104 203 095 203 153 239
0042 049 191 113 239
