0002 037 215 083 239 134 219 169 239
0003 047 204 089 239 121 210 159 239
0004 116 189 161 238 056 190 099 228
0005 115 173 158 209 063 177 112 212
0006 071 172 118 208 114 163 161 209
0007 079 170 126 216 117 164 159 197
0008 074 167 121 208 114 158 158 197
0009 113 159 159 193 079 164 124 213
0010 080 165 130 209 115 157 157 191
0011 075 161 125 210 118 157 162 195
0012 070 162 114 208 125 154 164 190
0013 132 153 176 197 053 163 094 200
0014 146 151 189 191 036 160 079 196
0015 153 149 196 190 031 160 069 198
0016 021 162 064 210 167 150 208 192
0017 177 145 218 185 015 166 059 209
0018 005 167 047 212 180 146 227 190
0019 007 164 040 215 189 145 239 189
0020 005 168 043 220 185 144 235 194
0021 187 146 234 184 006 169 046 211
0022 176 136 218 178 017 174 064 214
0023 163 126 204 162 038 177 094 217
0024 061 175 125 209 137 089 183 141
0025 119 082 170 129 084 173 148 206
0026 092 162 155 192 108 114 152 149
0027 091 139 155 190
0028 094 143 150 194
0029 097 145 155 192
0030 098 141 151 191
0031 094 144 147 193
0032 090 142 152 190
0033 092 147 151 193
0034 095 146 151 194
0035 082 176 145 205 108 139 158 179
0036 061 201 114 239 121 157 166 202
0037 127 193 174 239 036 220 070 239
0038 132 214 172 239
0039 147 214 183 239
0045 141 212 177 239
