0000 077 199 111 231 155 212 183 239
0001 087 172 126 206 134 205 175 239
0002 096 165 154 197
0003 093 160 141 197 093 108 143 145
0004 101 102 143 132 089 140 135 165
0005 089 099 137 125 101 135 141 164
0006 094 087 141 116 102 138 150 172
0007 102 125 144 151 105 088 147 113
0008 106 081 145 111 096 124 146 161
0009 088 106 147 136
0010 086 083 142 114 104 127 147 154
0011 090 093 143 120 104 124 145 147
0012 099 116 139 140 107 084 144 113
0013 088 121 148 153 102 086 150 117
0014 086 099 148 136
0015 089 083 138 112 108 121 151 152
0016 099 104 148 133
0017 106 087 147 115 104 119 145 145
0018 091 125 144 153 108 083 145 109
0019 091 106 140 134
0020 084 088 131 126 105 142 157 172
0021 079 111 122 139 111 173 159 207
0022 127 201 162 232 070 141 115 173
0023 133 215 167 239 073 165 115 202
0024 071 200 108 237 162 218 187 239
0025 069 217 093 239
0027 067 224 088 239
0029 163 216 186 239
0030 164 212 187 239
0031 161 212 184 239
0032 162 217 185 239
0033 161 218 185 239
0035 160 220 186 239
0036 160 219 187 239
0037 160 216 188 239
0038 160 216 186 239
0039 159 217 186 239
