0000 151 218 177 239
0001 147 180 181 217
0002 151 149 188 184
0003 153 130 197 176
0004 152 128 200 178 051 223 075 239
0005 152 133 201 177
0006 153 132 201 178
0007 149 122 191 174
0008 148 088 192 145
0009 136 044 177 107
0010 134 066 174 107
0011 135 080 175 117
0012 130 079 172 116
0013 142 068 178 120
0014 148 079 188 142
0015 154 127 199 177
0016 155 173 214 210
0017 151 166 204 204
0018 154 120 184 173
0019 144 056 185 118
0020 139 059 176 104
0021 139 074 172 110
0022 130 076 170 109
0023 136 079 168 112
0024 134 067 174 110
0025 139 067 177 122
0026 146 098 186 151
0027 151 160 187 196
0028 163 202 187 239
0029 162 221 184 237
0036 155 215 180 239
0037 153 216 175 239
