0000 134 218 173 239
0001 134 218 167 239
0002 125 194 162 228
0003 119 119 158 157
0004 149 095 178 137
0005 143 135 180 175
0006 130 087 171 133
0007 154 085 190 136
0008 143 136 171 171
0009 126 105 169 145
0010 149 089 183 134
0011 144 125 180 165
0012 128 079 167 123
0013 156 062 185 114
0014 149 126 185 164
0015 125 107 166 144
0016 151 073 182 127
0017 156 091 187 133
0018 143 138 176 176
0019 130 192 161 234
0020 123 216 154 239
0021 130 215 167 239
0022 131 212 165 239
0023 134 214 166 239
0024 137 208 165 239
0025 135 211 169 239
0026 126 214 167 239
