0004 133 221 173 239
0005 124 210 167 239
0006 131 176 174 217
0007 141 138 178 163
0008 130 111 179 141
0009 130 104 174 134
0010 134 124 175 153
0011 129 155 175 186
0012 129 162 180 202
0013 130 167 182 211
0014 128 162 178 207
0015 130 148 174 190
0016 130 130 175 158
0017 131 111 171 138
0018 131 100 177 131
0019 133 098 178 130
0020 139 116 177 142
0021 138 131 181 158
0022 138 160 185 200
0023 137 170 186 214
0024 136 172 184 219
0025 135 169 181 211
0026 133 156 179 197
0027 130 134 173 158
0028 127 118 168 145
0029 131 116 169 139
0030 131 108 173 140
0031 133 119 172 148
0032 139 145 179 175
0033 138 174 179 226
0034 132 201 178 239
0035 127 211 167 239
0036 133 216 165 239
0038 141 214 171 239
0040 138 211 168 239
