0001 210 222 236 239
0002 108 224 132 239 207 220 237 239
0003 207 215 241 239
0004 211 203 244 239
0005 221 163 257 202
0006 219 123 258 169
0007 221 093 272 136
0008 218 087 270 128
0009 221 085 272 129
0010 228 081 279 122
0011 228 086 278 124
0012 227 085 277 124
0013 227 087 279 128
0014 228 099 281 137
0015 228 119 280 156
0016 226 140 281 176
0017 227 150 281 182
0018 229 160 286 196
0019 229 168 285 206
0020 232 170 278 211
0021 227 178 276 221
0022 229 182 275 226
0023 233 180 282 222
0024 229 183 276 225
0025 230 183 276 229
0026 224 203 261 238
0027 216 220 240 239
0032 206 218 238 239
0033 211 214 234 239
