0000 202 213 225 239 112 210 131 239
0001 202 213 225 239 108 210 128 238
0002 202 211 228 239 105 209 131 235
0003 101 207 138 235 205 203 228 237
0004 106 186 134 218 208 189 233 225
0005 107 164 133 195 208 166 234 206
0006 110 138 137 177 198 143 229 194
0007 114 118 140 160 187 128 225 170
0008 173 112 210 153 124 106 149 151
0009 173 108 203 139 131 107 157 142
0010 167 095 201 137 140 093 165 141
0011 164 096 199 139 143 098 166 143
0012 160 096 196 136 145 099 169 141
0013 160 101 198 138 140 101 175 144
0014 144 096 193 140
0015 148 096 192 142
0016 150 103 189 144
0017 152 106 189 142
0018 151 109 188 148
0019 157 107 193 147 144 116 170 150
0020 157 106 194 144 146 110 171 148
0021 157 106 193 144 146 109 171 148
0022 146 108 171 147 162 107 188 146
0023 146 109 171 147 157 106 193 144
0024 157 106 193 144 146 108 170 146
0025 152 106 188 145
0026 151 108 188 148
0027 151 109 188 148
0028 161 108 189 147
0029 161 108 189 147
0030 161 108 188 147 147 107 171 146
0031 161 108 188 147
0032 152 107 189 148
0033 161 108 188 146 147 108 171 147
0034 163 106 189 149 146 111 168 153
0035 162 118 194 165 139 125 161 168
0036 168 155 204 196 126 167 161 204
0037 117 186 154 222 182 175 209 214
0038 199 198 224 231 112 202 135 233
0039 108 208 132 238 204 202 225 236
0040 207 205 230 236 105 206 128 239
0041 107 209 131 235 209 208 232 238
0042 205 208 230 239 107 210 130 239
0043 202 207 227 238 107 210 130 239
0044 202 209 228 239 107 210 130 239
0045 107 210 130 239 203 208 229 239
