0000 204 206 234 239 100 206 131 239
0001 206 211 231 239 102 210 133 239
0002 102 209 133 239 201 211 231 239
0003 102 208 132 239 202 203 234 239
0004 207 196 242 236 102 208 132 239
0005 207 178 242 219 101 210 133 239
0006 101 206 132 239 206 161 249 202
0007 104 213 128 239 214 143 254 189
0008 102 208 132 239 218 134 255 175
0009 220 126 258 165 103 207 128 239
0010 217 125 257 163 102 208 134 239
0011 102 207 133 239 214 122 262 160
0012 215 126 255 158 102 208 133 239
0013 218 122 257 157 102 207 134 239
0014 219 126 257 159 100 207 128 239
0015 219 125 262 164 101 208 131 237
0016 221 132 261 170 101 208 131 237
0017 220 139 260 184 098 208 130 239
0018 218 148 256 197 102 208 125 239
0019 106 213 131 239 214 155 256 202
0020 099 209 132 239 218 163 254 209
0021 098 208 131 239 218 170 258 212
0022 217 170 253 215 098 208 131 239
0023 216 171 257 215 098 208 131 239
0024 213 168 252 211 104 208 130 239
0025 102 211 132 239 213 163 254 207
0026 101 209 132 239 218 151 255 198
0027 101 209 132 239 220 148 258 190
0028 101 209 132 239 220 138 260 181
0029 101 209 132 239 221 132 260 171
0030 104 211 129 239 218 123 260 158
0031 103 212 129 239 215 113 257 146
0032 104 210 129 239 217 109 260 145
0033 217 105 260 144 103 212 129 239
0034 104 208 130 236 222 107 258 142
0035 104 213 130 239 220 112 258 146
0036 101 212 129 239 213 121 256 160
0037 101 210 129 239 212 136 252 177
0038 104 211 129 239 220 156 251 196
0039 104 210 129 239 214 159 251 215
0040 101 210 130 239 212 189 248 231
0041 210 194 244 239 101 210 130 239
0042 205 213 241 239 102 210 129 239
0043 101 212 133 239 202 211 234 239
0044 102 212 134 239 204 216 236 239
0045 102 212 134 239 202 212 231 239
0046 104 213 132 239 202 211 231 239
0047 104 211 130 239 200 216 233 239
0048 104 209 130 239 200 215 228 239
0049 105 211 132 239 200 216 228 239
0050 103 208 131 239 201 215 233 239
0051 104 210 131 238 201 218 231 239
0052 103 209 130 239 201 218 231 239
0053 201 216 233 239 103 209 130 239
0054 103 208 130 239 200 215 226 239
0055 200 215 232 239 103 208 130 239
0056 200 215 231 239 103 208 130 239
0057 200 216 231 239 103 208 130 239
0058 196 214 234 239 103 209 130 239
0059 196 215 233 239 103 209 130 239
0060 200 215 234 239 102 208 131 239
0061 199 211 236 239 103 211 130 239
0062 103 211 134 239 201 215 227 239
0063 103 211 134 239 199 216 231 239
0064 103 211 134 239 199 216 231 239
0065 099 206 131 239 200 211 235 239
0066 200 210 235 239 104 210 129 239
0067 195 210 232 239 104 210 129 239
0068 200 215 232 239 104 210 129 239
0069 194 210 231 239 104 210 129 239
0070 199 210 228 239 104 210 129 239
