0000 109 208 132 237 197 219 219 239
0001 109 209 132 238 197 213 220 238
0002 107 211 130 239 197 214 222 239
0003 107 210 130 239 197 212 220 237
0004 107 211 131 239 196 215 219 239
0005 107 212 131 239 201 219 221 239
0006 107 213 131 239 194 214 219 239
0007 105 212 128 239 194 214 218 239
0008 102 211 125 239 194 214 218 239
0009 194 215 218 239 078 183 113 226
0010 194 214 218 239 062 127 106 159
0011 199 212 222 238 049 078 097 126
0012 055 023 082 061 201 210 225 237
0013 195 201 219 235 062 006 089 039
0014 178 149 213 182
0015 182 088 241 128
0016 179 048 225 086
0018 283 035 309 064
0019 220 100 276 142
0020 184 167 224 214
0021 133 134 189 164
0022 138 081 184 112
0023 150 039 201 087
0027 149 181 205 218
0028 118 127 172 161
0029 135 073 189 108
0030 156 015 208 063
0032 259 005 298 039 236 010 287 067
0033 221 079 293 118
0034 194 156 224 208
0036 119 092 190 123
0037 135 038 187 086
0039 219 006 246 042
0040 207 077 269 119
0041 199 138 227 186
0042 175 202 208 239 089 007 115 036
0043 177 213 215 239 087 022 113 062
0044 083 055 119 099
0045 211 214 232 239 082 101 118 140
0046 215 210 238 236 094 142 128 177
0047 216 213 238 239 099 173 124 213
0048 102 201 125 238 210 220 235 239
