0000 168 204 190 237 085 195 106 232
0001 169 200 192 237 085 200 105 232
0002 079 195 099 231 177 207 196 238
0003 063 190 095 224 188 207 209 239
0004 210 194 234 235 036 179 072 214
0005 012 156 042 182 240 163 281 202
0006 249 130 305 166 011 131 030 154
0007 271 102 308 133
0008 275 087 311 117
0009 274 080 312 108
0010 274 082 312 108
0011 275 080 313 108
0012 280 079 316 107 008 101 023 125
0013 280 081 316 108 009 105 024 130
0014 279 083 315 109 010 105 026 129
0015 281 077 315 101 010 104 025 127
0016 008 107 023 126 277 067 310 093
0017 007 106 024 126 274 052 310 076
0018 008 100 025 121 273 032 307 062
0019 258 010 296 044 009 102 025 125
0020 008 100 023 122 234 007 268 040
0021 008 100 024 122
0022 008 100 024 123 212 008 235 037
0023 008 107 024 125 212 009 234 037
0024 008 102 023 125 215 011 237 036
0025 007 106 024 124
0026 010 104 024 126
0027 009 103 024 126
0028 009 103 025 125 213 011 237 040
0029 217 007 240 037 008 103 023 126
0030 009 103 025 126 217 006 240 034
0031 009 103 025 126
0032 008 103 025 126 215 012 239 035
0033 009 104 025 125
0034 008 102 024 126
0035 208 006 243 052 009 106 025 132
0036 208 028 240 075 010 122 030 150
0037 019 149 049 180 210 081 234 115
0038 039 171 074 203 194 141 228 175
0039 065 188 092 219 191 183 214 224
0040 086 197 105 231 177 202 198 239
0041 175 200 196 232 092 191 112 225
0042 175 204 194 236 093 193 113 226
