0000 191 207 245 239
0001 097 212 138 239 193 209 246 239
0002 102 157 159 220 192 211 243 239
0003 110 113 163 166 195 215 240 239
0004 120 088 163 139 191 214 243 239
0005 121 080 164 133 192 214 245 239
0006 127 081 166 133 194 209 249 239
0007 190 210 240 239 124 078 170 132
0008 129 072 173 125 194 216 249 239
0009 197 212 248 239 127 066 169 124
0010 194 212 246 239 124 070 165 120
0011 191 214 245 239 115 075 157 134
0012 106 075 142 151 191 209 239 239
0013 080 141 129 187 196 206 248 239
0014 060 163 122 215 192 212 241 239
0015 057 173 119 224 193 211 244 239
0016 057 171 121 224 194 211 238 239
0017 054 169 122 220 193 210 240 239
0018 055 170 124 217 193 211 242 239
0019 061 169 121 223 195 211 243 239
0020 068 172 120 222 187 214 243 239
0021 087 175 128 229 195 208 246 239
0022 089 176 130 234 191 210 241 239
0023 096 194 144 239 192 210 243 239
0024 098 204 138 239 195 212 242 239
0025 098 217 141 239 186 218 246 239
0026 196 205 253 239
0027 188 210 248 239
0028 187 212 247 239 103 224 133 239
0029 192 213 244 239 094 224 136 239
