0000 096 196 148 238 174 208 199 236
0001 169 209 191 239 097 197 129 237
0002 087 201 125 239 166 202 191 239
0003 086 204 121 239 166 204 191 239
0004 168 201 193 238 085 205 119 239
0005 166 200 192 236 084 199 123 239
0006 164 203 196 239 083 201 123 239
0007 167 193 210 239 082 207 119 239
0008 079 206 118 239 198 188 238 228
0009 078 203 107 239
0010 070 207 102 239
0011 071 199 099 239
0012 066 208 087 239
0013 065 206 088 239
0014 064 206 089 239 242 101 308 143
0015 058 213 084 239 248 096 307 136
0016 055 210 089 239
0017 063 210 088 239 246 100 303 139
0018 067 210 092 239
0019 068 211 094 239 210 165 253 228
0020 068 207 092 239
0021 068 208 094 236
0022 069 209 097 238 163 213 186 235
0023 080 206 101 239
