0000 202 181 221 210 130 182 153 215
0001 128 182 150 211 199 181 219 211
0002 201 180 222 210 122 177 139 208
0003 202 179 221 208 105 146 133 184
0004 201 180 225 211 083 113 120 151
0005 088 077 122 126 202 181 223 211
0006 090 047 129 103 201 182 221 213
0007 200 179 223 211 103 035 129 087
0008 203 178 225 208 099 028 126 082
0009 099 025 126 082 205 180 225 208
0010 100 025 128 078 207 180 227 210
0011 104 026 133 082 208 181 228 209
0012 104 024 132 081 209 180 229 210
0013 104 025 132 082 208 180 226 208
0014 099 025 128 083 208 180 227 209
0015 100 026 128 082 205 179 224 208
0016 104 027 132 081 205 176 225 208
0017 100 025 128 080 208 180 226 208
0018 099 024 128 080 204 177 224 209
0019 104 027 131 084 206 179 226 208
0020 104 032 133 088 208 181 228 211
0021 102 040 128 090 207 181 227 211
0022 109 056 137 110 207 176 228 210
0023 205 176 224 208 110 100 143 137
0024 207 177 226 208 119 130 155 162
0025 204 177 225 207 119 151 141 184
0026 202 181 224 212 121 168 143 201
0027 204 181 223 209 125 177 145 205
0028 122 179 143 210 203 180 221 208
0029 202 180 223 211 121 183 143 214
0030 200 182 220 211 125 183 147 210
0031 200 181 222 212 125 183 145 214
0032 124 184 145 214 200 182 222 214
0033 125 184 145 215 201 181 222 212
0034 199 182 219 213 126 181 146 214
0035 128 186 151 217 199 180 220 212
0036 128 185 151 216 202 182 222 214
0037 129 186 153 218 197 180 220 212
0038 125 186 149 216 197 177 219 211
0039 126 183 148 216 202 181 223 212
0040 127 183 149 216 200 182 221 213
0041 126 183 148 215 202 180 223 212
0042 126 185 148 217 202 181 221 214
0043 128 188 152 218 200 179 222 209
0044 128 188 152 219 202 178 223 209
0045 128 188 152 218 197 178 219 208
0046 126 183 148 216 200 180 222 211
0047 126 183 148 216 201 177 222 208
0048 131 186 150 215 199 177 223 210
0049 128 188 151 217 200 177 222 209
0050 127 183 148 216 204 181 221 210
