0000 119 210 180 239
0001 126 205 176 239
0002 126 211 177 239
0003 125 206 175 239
0004 123 206 176 239
0005 119 206 175 239
0006 110 216 171 239
0007 098 218 153 239
0008 093 207 149 239
0009 103 182 156 225
0010 109 150 159 190
0011 114 100 168 145
0012 107 080 160 127
0013 105 075 161 123
0014 110 070 164 114 149 216 191 239
0015 110 068 165 114
0016 107 070 159 115
0017 104 072 159 118
0018 105 070 157 113
0019 097 087 153 129
0020 106 132 157 173
0021 098 164 151 207
0022 098 190 148 238
0023 101 206 153 239
0024 112 200 168 236
0025 115 200 168 236
0026 119 206 166 238
