0000 134 207 175 238
0001 134 208 173 238
0002 133 207 176 239
0003 133 207 175 238
0004 132 205 168 239 166 221 196 239
0005 131 197 165 237 162 214 198 239
0006 122 198 156 236 165 204 200 239
0007 108 195 148 239 162 194 202 235
0008 107 187 149 239 163 169 204 209
0009 120 171 155 222 161 155 203 197
0010 156 158 208 206
0011 152 174 199 212 125 137 177 167
0012 143 167 196 207 125 117 178 153
0013 142 157 195 190 117 120 161 157
0014 101 140 152 179 151 133 186 165
0015 143 116 196 153 113 150 165 189
0016 143 121 203 166
0017 138 147 201 184 122 117 179 148
0018 142 146 198 190 122 105 166 137
0019 112 107 158 143 142 145 191 182
0020 139 130 188 163 097 136 143 177
0021 136 112 190 150 103 148 155 189
0022 132 116 189 161 133 145 172 181
0023 135 135 192 182
0024 139 154 191 197 122 116 171 152
0025 112 115 158 152 140 141 190 174
0026 101 135 152 177
0027 144 111 201 151 102 146 159 186
0028 153 122 211 167
0029 128 121 173 150 155 146 214 188
0030 118 110 164 143 154 153 210 193
0031 165 139 221 178 097 113 146 147
0032 076 128 122 170 189 128 235 172
0033 077 138 120 175 205 131 253 173
0034 075 134 119 171 204 130 255 170
0035 076 130 120 169 206 131 256 170
0036 075 125 127 165 201 127 255 165
0037 083 125 125 162 199 125 248 168
0038 196 133 245 173 088 122 134 162
0039 194 136 244 178 092 124 138 162
0040 189 138 238 183 096 124 143 164
0041 181 150 224 192 104 143 150 182
0042 176 162 216 203 110 153 154 196
0043 170 181 208 222 126 183 159 220
0044 168 201 200 239 131 197 163 239
0045 129 208 167 239 170 213 207 239
0046 131 206 167 239 172 221 207 239
0047 131 207 169 239 172 220 207 239
0048 123 209 169 238
0049 127 205 163 239
0050 129 205 163 237
0051 128 205 165 238
0052 129 206 164 238 177 208 214 239
