0000 114 207 171 239
0001 117 208 178 239
0002 113 203 174 237
0003 115 203 176 238
0004 115 203 175 238
0005 112 208 179 239 247 209 291 239
0006 244 191 287 239 117 208 177 239
0007 116 207 175 239 207 162 264 214
0008 112 207 177 239 176 139 250 186
0009 156 125 235 174 118 208 174 239
0010 144 119 223 167 114 208 174 239
0011 139 117 221 166 113 207 174 239
0012 126 118 207 166 116 207 171 239
0013 127 122 210 171 116 207 171 239
0014 123 125 210 172 110 204 175 239
0015 122 124 210 172 115 207 175 239
0016 123 124 210 172 115 207 178 239
0017 126 125 212 173 117 203 176 239
0018 128 123 211 171 115 208 171 239
0019 125 122 210 170 118 209 178 239
0020 123 124 207 172 117 209 177 239
0021 125 123 210 172 114 206 179 239
0022 131 124 212 172 117 209 178 239
0023 128 123 219 172 111 208 171 239
0024 110 208 172 239 141 123 212 173
0025 118 210 178 239 157 125 237 178
0026 115 207 171 239 183 138 258 192
0027 225 166 293 220 116 204 177 239
0028 274 203 309 239 116 204 178 239
0029 114 207 176 239
0030 115 207 172 239
0031 113 207 174 239
0032 114 207 176 239
0033 113 206 174 239
0034 113 206 174 239
0035 113 207 174 239
0036 116 206 175 239
0037 113 207 173 239
0038 121 207 173 239
0039 116 207 173 239
