0000 086 215 112 239 186 221 211 239
0001 088 215 114 239 189 218 210 239
0002 085 215 112 239
0003 169 196 200 235 094 198 126 234
0004 107 175 142 200 145 147 195 178
0005 133 119 189 144 119 146 152 169
0006 116 102 178 130 117 122 174 149
0008 121 099 185 133
0009 120 101 176 133
0012 128 097 183 132 157 083 217 122
0013 121 094 166 127
0014 131 103 175 133
0017 130 098 171 126
0018 133 098 175 129
0021 132 091 178 128 163 080 221 119
0022 124 092 169 125
0023 162 078 217 116 128 096 174 129
0025 131 091 185 127
0026 116 122 148 148 110 098 172 125
0027 100 151 132 176 135 125 191 153
0028 085 173 121 204 156 164 200 195
0029 080 198 114 238 170 208 201 239
0030 085 215 109 239
0032 081 218 108 239
0033 079 214 102 239
0034 075 216 100 239 186 215 209 239
0035 073 213 103 239 179 217 206 239
0036 078 219 101 239
0037 083 220 106 239
0038 078 219 102 239 177 217 206 239
0039 078 217 104 239
0040 077 214 103 239
0041 079 219 102 239
