0002 006 217 044 239
0003 006 214 046 239
0004 069 202 113 239 015 190 060 239
0005 062 168 118 222 021 168 066 220
0006 065 168 113 207 029 161 065 208
0007 070 158 118 202 033 154 077 203
0008 039 151 082 199 069 153 122 199
0009 042 153 083 200 065 153 112 197
0010 048 150 117 197
0011 073 143 113 196 039 150 082 198
0012 038 148 109 199
0013 037 150 075 199 067 149 111 202
0014 039 160 073 202 065 153 111 202
0015 069 161 112 202 036 156 076 204
0016 038 164 080 204 065 164 110 206
0017 035 163 080 205 069 164 116 205
0018 066 171 116 207 034 163 078 206
0019 038 167 087 209 070 170 117 207
0020 036 164 082 207 066 170 119 207
0021 042 165 085 206 069 169 118 205
0022 037 164 084 208 068 171 117 208
0023 039 165 084 208 074 170 119 209
0024 037 167 079 212 071 170 111 211
0025 074 176 116 214 040 169 080 212
0026 038 172 081 217 067 180 124 216
0027 070 178 114 221 040 178 082 225
0028 076 188 114 223 037 180 084 226
0029 043 186 086 230 081 184 117 224
0030 073 186 116 228 044 184 088 231
0031 075 189 118 232 042 184 089 231
0032 078 190 111 227 037 187 082 231
0033 048 188 115 228
0034 077 188 119 228 039 183 088 227
0035 039 186 088 229 066 185 121 226
0036 076 184 119 226 045 183 098 227
0037 039 182 089 226 069 186 119 224
0038 041 182 115 225
0039 041 181 115 225
0040 041 181 105 224
0041 076 182 121 225 042 181 086 225
0042 071 185 119 225 041 178 083 230
0043 071 183 119 226 041 178 082 230
0044 044 179 087 227 075 183 117 226
0045 044 178 087 228 077 181 120 225
0046 074 181 116 226 046 182 087 228
0047 043 178 089 228 075 184 116 224
0048 053 187 119 226
0049 044 180 094 225 074 185 119 223
0050 045 179 091 224 077 181 120 220
0051 044 180 096 224 078 184 123 222
0052 044 181 097 225 080 179 121 219
0053 045 182 112 222
0054 047 182 100 225
0055 044 180 099 225 077 180 122 221
0056 046 179 088 221 078 183 114 220
0057 049 178 091 223 078 181 117 217
0058 046 182 095 221 080 183 124 223
0059 047 177 090 222 078 184 121 221
0060 048 180 091 221 075 185 118 220
0061 045 178 089 221 070 181 118 220
0062 046 178 090 220 075 186 119 222
0063 044 179 086 223 075 185 120 223
0064 046 179 092 222 078 180 120 221
0065 045 182 116 222
0066 041 181 090 225 075 183 121 223
0067 046 181 090 224 078 185 118 225
0068 077 188 116 228 042 182 080 231
0069 029 195 069 239 085 205 119 239
0070 024 202 063 239 084 217 118 239
0071 017 214 056 239
0072 007 221 039 239
