0000 106 196 150 239 152 185 193 228
0001 151 162 198 204 105 195 150 238
0002 105 197 149 238 147 142 191 178
0003 105 196 152 235 144 104 194 153
0004 105 196 152 235 144 088 192 137
0005 143 086 191 129 105 196 152 235
0006 137 087 188 128 105 197 149 238
0007 134 090 179 126 105 197 149 238
0008 135 091 182 128 105 197 149 239
0009 105 197 149 239 132 092 186 125
0010 105 197 149 239 147 085 185 120
0011 105 197 149 239 161 060 194 112
0012 105 197 149 239 182 052 207 105
0013 105 197 149 239 193 058 214 107
0014 105 197 149 239
0015 105 197 149 239
0016 105 197 149 239
0017 105 197 149 239
0018 104 197 149 239
0019 104 197 149 239 194 045 220 102
0020 186 039 228 095 103 197 149 239
0021 103 197 149 239 188 033 240 089
0022 106 197 149 238 194 030 241 086
0023 106 197 149 239 195 027 242 083
0024 190 027 249 084 106 197 149 238
0025 107 198 149 238 187 037 244 087
0026 106 198 149 238 187 041 246 090
0027 107 198 149 238 185 044 243 094
0028 107 198 149 238 180 063 230 107
0029 107 198 149 238 168 086 218 122
0030 107 197 149 238 158 102 207 143
0031 104 196 149 239 153 114 202 149
0032 104 196 149 238 150 114 201 150
0033 154 116 204 152 104 196 149 238
0034 154 114 204 150 104 196 149 238
0035 154 114 204 149 104 196 149 238
0036 154 117 204 152 103 196 149 238
0037 107 197 149 238 153 118 202 159
0038 148 123 203 158 102 195 148 239
0039 140 128 193 170 102 189 141 234
0040 138 133 190 178 104 176 133 210
0041 104 172 134 207 129 144 185 182
0042 127 146 186 183 100 169 133 208
0043 124 149 187 187 098 169 129 207
0044 091 175 130 206 120 152 184 186
0045 128 156 188 192 091 169 127 202
0046 085 170 126 207 129 156 187 189
0047 127 159 187 188 089 169 131 203
0048 086 168 128 206 138 160 194 197
0049 084 170 127 207 141 160 197 194
0050 144 161 202 193 084 169 129 205
0051 146 163 207 196 084 168 128 205
0052 158 161 210 194 084 168 128 205
0053 158 163 212 197 090 168 125 202
0054 160 160 213 191 086 170 128 206
0055 174 161 219 191 084 170 128 203
0056 173 160 219 189 085 172 125 203
0057 182 161 222 190 087 171 130 200
0058 173 158 226 190 082 170 125 203
0059 087 171 125 203 189 158 227 187
0060 082 171 125 203 189 164 226 192
0061 087 172 126 205 191 162 228 193
0062 083 172 127 205 191 164 227 191
0063 083 171 126 205 192 164 227 189
0064 082 171 125 204 190 164 227 191
0065 083 172 127 207 190 164 226 192
0066 089 176 131 210 185 167 224 206
0067 094 184 137 223 179 172 214 217
0068 101 190 145 233 171 178 208 231
0069 107 194 147 234 162 184 204 231
0070 107 196 148 235 161 189 202 232
0071 108 197 149 237 162 191 203 233
0072 108 196 151 237 160 191 203 235
0073 108 196 151 238 160 191 202 235
0074 108 196 152 238 161 192 202 234
0075 109 197 153 238 161 192 202 234
0076 108 197 153 238 160 192 202 234
0077 108 198 152 239 160 192 202 234
