0007 085 155 141 204 001 176 035 215
0008 066 091 102 132 011 126 049 182 110 164 138 197 033 086 084 119
0009 029 074 092 116 018 110 049 159
0010 029 091 063 147 023 067 094 098 111 156 145 197
0011 028 063 081 092 035 074 070 136
0012 036 062 085 086 040 077 074 126
0013 033 062 087 088 041 074 075 125
0014 033 062 087 088 041 074 080 123
0015 036 064 086 092 046 078 078 125
0016 031 063 090 091 047 074 081 125
0017 033 064 088 094 045 082 083 129
0018 035 066 087 096 044 082 082 130
0019 035 064 085 095 042 078 086 127
0020 032 067 086 100 047 077 081 132
0021 047 087 079 129 032 066 085 095
0022 028 068 086 102 048 083 079 131
0023 030 069 082 099 044 080 077 130
0024 023 080 084 110 037 094 067 144
0025 031 092 086 127
0026 016 158 053 218 060 150 112 189
