0000 067 158 119 204 158 154 206 208
0001 067 157 119 204 157 154 206 208
0002 067 157 119 204 157 154 206 208
0003 067 157 119 204 157 152 205 207
0004 160 146 202 206 067 157 119 204
0005 067 157 119 204 193 122 239 157 156 131 206 179
0006 067 157 120 204 151 111 193 159 202 117 237 156
0007 067 157 119 204 146 091 188 130
0008 067 157 120 204 144 070 192 109
0009 068 157 119 204 147 057 192 107
0010 068 157 119 204 157 053 196 107
0011 154 050 198 105 067 157 119 204
0012 067 158 117 204 153 042 207 108
0013 067 158 117 204 156 046 202 117
0014 147 042 207 112 067 158 118 204
0015 150 047 206 112 067 158 119 204
0016 152 046 208 112 067 157 119 204
0017 146 046 207 113 067 157 119 204
0018 146 047 207 112 067 155 116 203
0019 067 155 116 203 146 044 207 111
0020 067 155 117 203 152 045 206 110
0021 153 048 202 115 067 155 117 203
0022 152 049 203 117 066 157 119 204
0023 153 048 203 117 066 157 119 204
0024 066 157 120 204 147 056 204 114
0025 066 157 120 204 149 077 205 123
0026 066 155 117 203 149 092 192 129
0027 066 155 118 203 157 105 200 139 197 122 235 155
0028 066 153 119 201 154 131 204 163
0029 068 152 121 201 159 149 194 188 188 130 235 162
0030 068 152 120 201 160 155 199 199 169 139 217 178
0031 065 153 118 201 164 158 200 200 171 140 218 182
0032 066 154 118 203 158 156 204 203 171 140 219 183
0033 066 154 118 203 157 157 204 204 171 141 219 184
0034 065 154 117 203 161 158 203 202
0035 066 154 118 203 158 158 204 204
0036 066 152 117 203 159 155 203 199
0037 066 153 118 203 159 155 204 199
