0000 150 193 173 234 070 200 090 235
0001 070 202 090 238 152 188 176 231
0002 072 200 090 234 164 200 184 231
0003 176 168 201 212 070 201 090 237
0004 179 130 234 161 071 198 093 234
0005 182 100 235 126 069 198 092 234
0006 183 088 236 115 070 200 090 235
0007 183 082 237 111 072 200 093 234
0008 071 203 089 235 187 079 240 109
0009 188 079 241 110 068 201 092 237
0010 186 079 240 112 070 198 090 234
0011 186 086 240 118 072 204 091 236
0012 187 097 242 126 073 204 091 235
0013 181 133 234 164 072 202 092 236
0014 072 200 092 235 188 154 225 190
0015 172 178 205 219 073 203 092 235
0016 163 201 185 237 073 202 092 234
0017 152 193 172 228 072 199 093 237
0018 072 202 093 236 151 196 170 229
