0003 148 220 183 239
0004 131 203 174 235
0005 126 159 170 190 055 221 077 239
0006 126 127 175 175 050 223 075 239
0007 129 103 177 163
0008 126 105 178 166
0009 129 109 177 165 051 218 079 239
0010 126 061 175 123
0011 126 055 172 109 050 221 075 239
0012 128 064 166 107
0013 125 072 168 114
0014 134 066 174 114
0015 138 060 181 124
0016 146 116 188 172
0017 146 141 194 179
0018 148 136 176 171
0019 140 089 176 142
0020 131 054 175 117
0021 133 061 170 109
0022 130 071 170 111
0023 128 070 170 113
0024 129 064 174 113 052 220 079 239
0025 139 081 184 140 051 223 075 239
0026 148 157 187 189 050 223 075 239
0027 162 195 191 236
0028 163 215 187 239
0029 165 216 187 239 052 224 074 239
0030 054 223 076 239
0031 050 222 076 239 157 223 179 239
0032 047 223 071 239
0033 046 223 071 239 155 224 180 239
0034 050 223 074 239
0035 154 222 180 239
0039 160 223 182 239
