0000 086 211 127 239
0001 213 195 250 239 082 212 122 239
0002 089 210 128 239 212 189 252 239
0003 079 176 123 229 199 173 247 227
0004 067 133 117 178 201 131 242 169
0005 071 114 126 155 208 097 249 162
0006 201 098 253 153 061 101 110 142
0007 063 105 113 157 191 112 238 179
0008 081 101 124 180 175 111 216 188
0009 172 091 228 143 050 088 120 136
0010 170 062 237 109 074 067 143 109
0011 079 048 137 091 165 042 218 087
0012 188 019 232 094 071 020 120 077
0013 186 022 237 101 066 025 105 080
0014 190 059 239 122 061 056 098 107
0015 049 092 094 148 198 071 240 151
0016 065 109 112 160 184 113 226 167
0017 073 107 124 167 178 118 224 166
0018 071 084 129 127 160 092 216 139
0019 163 076 229 120 080 069 129 115
0020 073 050 129 094 159 047 223 092
0021 173 017 226 084 071 019 118 076
0022 189 030 236 097 065 029 094 083
0023 190 062 232 114 051 064 086 118
0024 186 080 236 135 049 087 084 137
0025 177 103 224 156 051 126 090 176
0026 172 109 221 164 055 142 095 188
0027 052 181 101 239 161 110 210 163
0028 053 193 104 239 153 110 205 157
0029 050 188 099 239 151 104 207 153
0030 045 185 099 237 140 102 196 148
0031 033 175 096 231 115 104 170 152
0032 026 163 094 213 095 111 156 155
0033 025 153 095 197 091 118 145 164
0034 029 137 103 185 075 128 131 169
0035 032 137 094 180 119 129 167 177
0036 035 128 115 175 153 128 199 180
0037 045 126 109 175
0038 037 129 107 171
0039 044 121 097 173
0040 048 113 104 161
0041 056 114 096 161
0042 061 113 106 161
0043 061 115 104 161
0044 061 114 109 163 127 120 201 170
0045 066 115 106 164
0046 063 112 114 162
0047 075 109 119 168
0048 090 118 135 171 128 137 176 183
0049 121 145 167 193 086 148 116 201
0050 134 157 183 208 084 160 120 209
0051 162 182 215 224 079 181 124 220
0052 088 186 119 238 170 181 221 230
0053 181 189 227 232 092 205 127 239
0054 184 188 228 239 092 223 129 239
0055 184 192 232 237 094 215 134 239
0056 183 200 223 238 093 215 132 239
0057 185 199 225 239 093 218 133 239
0058 181 203 224 239 093 216 133 239
0059 183 197 229 236 093 216 133 239
