0005 147 192 182 239
0006 132 081 188 128 079 181 140 231
0007 152 053 217 108
0008 180 076 228 128 097 065 146 115
0009 137 121 186 172 122 061 185 118 010 114 055 151
0010 144 070 195 130
0011 113 064 186 110 132 138 182 187 010 113 055 150
0012 157 062 219 112 055 194 105 238
0013 120 063 163 131 150 134 201 197
0014 141 092 193 152
0015 114 067 179 118
0016 154 049 207 104 078 118 142 164 053 192 098 239
0017 161 102 214 143 104 061 146 130
0018 130 108 186 151 108 068 160 123
0019 145 091 201 136 121 084 166 152
0020 146 096 204 137 044 200 100 239
0021 147 096 204 138 044 199 100 239 125 091 168 151
0022 153 090 212 137 038 196 098 239
0023 181 090 237 135 074 091 141 152
0024 190 091 243 134 069 089 125 158
0025 188 088 239 127 078 082 132 160
0026 188 088 239 128 067 100 128 161
0027 069 108 131 163 191 091 236 133
0028 185 089 235 133 071 106 128 165
0029 185 092 241 133 070 110 134 163
0030 179 107 226 151 079 143 137 197
0031 181 146 217 204
0032 163 205 203 238
