0004 138 163 194 214
0005 139 097 194 144
0006 133 054 188 106
0007 133 038 183 087
0008 132 028 181 074
0009 126 028 179 073
0010 128 029 185 075
0011 124 030 183 077
0012 129 030 176 078
0013 134 030 177 076
0014 127 030 185 072
0015 132 022 186 067
0016 147 010 192 050 163 017 205 077
0017 179 010 221 074
0018 200 008 240 074
0019 213 008 256 079
0020 235 010 271 086
0021 233 015 275 087
0022 233 024 273 103
0023 235 019 277 104
0024 237 022 278 105
0025 236 019 278 105
0026 236 019 278 104
0027 232 033 274 100
0028 232 036 270 105
0029 205 056 247 117
0030 165 168 210 221
