0001 204 222 226 239 100 217 124 239
0003 201 220 227 239
0004 093 221 119 239 198 218 231 239
0005 075 179 111 222 199 174 232 210
0006 193 088 230 128 077 111 110 144
0007 186 034 227 083 076 055 110 094
0008 187 010 223 057 086 020 112 067
0009 092 007 122 042 188 006 221 042
0010 096 010 127 035 189 005 221 041
0011 096 009 125 033 188 005 222 039
0012 191 004 219 036 095 005 125 039
0013 091 005 122 048 189 006 222 042
0014 183 015 223 063 088 020 114 063
0015 184 033 224 080 087 038 113 085
0016 083 071 117 111 192 066 223 107
0017 186 086 224 125 086 090 122 129
0018 188 104 219 143 087 107 125 144
0019 185 113 221 151 092 115 130 156
0020 179 110 221 148 095 117 129 153
0021 184 110 221 152 095 116 130 154
0022 184 110 221 150 096 114 128 154
0023 185 108 221 148 091 117 125 155
0024 183 104 222 148 096 111 128 150
0025 186 112 218 152 090 119 122 157
0026 089 151 126 181 183 148 223 184
0027 093 195 124 238 188 212 223 239
0028 193 218 220 239 102 222 126 239
0029 103 222 124 239
0031 209 224 234 239 098 214 119 239
0033 202 223 225 239
0034 196 222 221 239
