0001 106 217 126 239
0002 188 218 205 239 110 211 133 236
0003 169 196 197 234 121 164 164 196
0004 152 138 177 169 151 112 182 144
0005 154 130 185 162
0006 150 112 184 153
0007 138 106 180 125 146 129 185 160 171 121 226 148
0008 152 128 187 157
0009 147 102 186 129 146 127 187 156
0010 157 126 184 155
0011 139 112 187 149
0012 145 112 192 151
0013 163 159 192 202 135 127 175 152
0014 169 214 197 239 122 181 160 215
0015 112 219 148 239 180 224 197 239
0016 192 221 211 239
0017 197 219 215 239 103 219 125 239
0018 190 216 214 239 105 222 122 239
0019 187 222 205 239 101 221 122 239
0020 187 213 207 239
0021 190 217 210 239
