0000 156 209 181 236 102 203 135 236
0001 103 202 136 235 153 208 179 239
0002 100 203 140 236 156 207 181 235
0003 156 207 181 235 102 203 140 236
0004 156 207 181 235 105 206 135 239
0005 156 207 181 235 105 206 135 239
0006 155 209 183 236 102 203 139 236
0007 154 207 180 239 105 206 135 239
0008 155 205 182 235 103 203 134 235
0009 150 196 179 231 092 202 125 236
0010 150 183 179 218 084 202 113 235
0011 080 198 106 230 153 162 183 197
0012 156 129 191 163 089 184 118 218
0013 166 102 192 134
0014 174 071 205 109
0015 192 049 221 087
0016 196 023 237 059
0017 230 021 262 053
0018 228 021 265 053
0019 224 023 261 056
0020 230 026 264 056
0021 229 027 265 056
0022 230 026 264 056
0023 230 026 265 057
0024 225 023 262 057
0025 228 025 267 059
0026 228 025 267 059
0027 229 025 265 058
0028 228 024 267 059
0029 228 021 267 058
0030 212 026 254 064
0031 205 036 228 075
0032 192 060 220 093 085 190 113 219
0033 080 197 105 227 183 081 207 110
0034 077 194 103 230 179 102 204 137
0035 083 195 115 231 175 138 202 173
0036 093 198 122 236 167 169 197 220
0037 099 203 130 237 163 202 189 237
0038 104 202 135 236 161 209 186 239
0039 101 206 137 237 161 207 188 239
0040 160 207 188 239 104 207 137 237
0041 160 208 186 239 104 207 138 237
0042 100 205 138 237 160 209 186 239
0043 160 207 186 239 101 205 138 237
