0000 178 197 205 237 101 201 119 235
0001 181 202 204 237 097 199 122 236
0002 182 205 203 236 097 204 120 238
0003 182 199 205 237 080 198 099 232
0004 182 201 204 236 051 171 084 216
0005 181 199 204 233 036 133 084 171
0006 181 197 208 236 036 098 075 131
0007 181 200 207 237 046 061 081 103
0008 181 199 206 238 062 027 097 063
0009 073 016 116 052 179 199 205 235
0010 178 199 208 234 094 016 133 044
0011 181 198 203 232
0012 178 196 206 235
0013 180 196 206 235
0014 180 198 205 230
0015 181 194 208 238
0016 180 199 205 231
0017 177 199 202 235 102 024 144 052
0018 182 198 203 229 103 023 142 048
0019 182 199 206 237
0020 182 201 210 234
0021 181 196 207 235 111 022 138 044
0022 180 193 208 235 096 017 133 048
0023 179 197 205 236 085 024 121 061
0024 181 198 203 233 080 050 114 083
0025 180 194 206 234 072 097 106 133
0026 181 202 202 235 080 149 100 184
0027 182 196 208 239 091 175 114 214
0028 102 187 122 219 180 196 203 234
0029 104 187 124 220 177 195 206 236
0030 177 197 207 237 103 187 122 221
0031 176 196 205 238 102 188 122 222
0032 176 201 202 238 101 194 120 229
0033 179 200 204 236 101 198 121 235
