0003 007 208 037 238
0004 152 195 196 239 014 213 065 239
0005 144 160 185 230 036 210 105 239
0006 138 142 186 207 049 201 129 238
0007 127 123 177 183 058 195 151 232
0008 125 116 180 172 059 192 152 229
0009 117 106 178 157 058 190 123 228
0010 116 096 178 146 072 191 160 236
0011 118 088 177 135 061 190 155 235
0012 131 087 182 137 074 194 154 228
0013 138 084 184 143 069 200 167 233
0014 127 085 177 145 070 200 161 234
0015 125 079 178 135 062 197 124 234 106 202 161 233
0016 122 081 177 133 067 198 127 234 101 202 161 233
0017 123 078 177 126 082 199 161 236 062 193 110 231
0018 133 080 183 133 076 197 165 231
0019 136 081 182 145 061 194 124 231 092 196 162 229
0020 133 085 180 150 074 199 163 233
0021 128 087 180 148 074 199 163 232
0022 129 088 181 146 072 198 167 232
0023 132 087 182 153 081 196 158 230
0024 134 090 182 156 069 186 163 236
0025 133 091 181 156 075 195 166 229
0026 128 089 178 153 071 192 158 224
0027 126 089 178 149 069 187 156 221
0028 133 088 180 151 070 184 156 215
0029 132 090 179 156 074 185 158 219
0030 127 092 176 154 073 183 162 217
0031 126 090 176 147 070 185 163 219
0032 123 088 180 146 073 183 164 215
0033 129 089 183 151 068 181 157 214
0034 133 094 181 162 068 181 162 215
0035 131 093 180 157 071 183 162 214
0036 122 095 179 152 071 186 156 219
0037 122 096 180 151 076 183 141 216
0038 126 098 184 160 071 186 161 219
0039 130 105 183 168 073 185 157 216
0040 128 103 182 168 075 185 154 219
0041 126 106 181 164 079 184 142 218
0042 116 108 172 164 070 187 162 222
0043 122 108 178 167 073 186 162 221
0044 127 107 180 171 067 185 163 221
0045 133 111 185 171 071 185 155 218
0046 123 115 179 171 071 189 160 222
0047 116 114 172 171 072 188 167 221
0048 119 118 173 172 083 192 165 225
0049 114 117 175 171 081 190 165 223
0050 124 121 179 177 064 191 162 230
0051 128 126 189 178 050 189 135 225
0052 164 156 208 206 010 206 043 237
0053 200 201 239 239
