0000 083 210 117 239 164 212 198 239
0001 085 208 112 239 168 218 191 239
0002 082 206 114 239 171 212 194 239
0003 168 205 203 239 082 206 114 239
0004 089 207 115 239 172 170 204 224
0005 085 205 113 236 176 136 212 189
0006 089 208 115 238 178 101 217 138
0007 085 206 111 236 182 076 215 120
0008 085 205 110 236 187 037 220 089
0009 085 208 114 239 186 024 219 062
0010 186 019 218 058 083 211 115 239
0011 187 017 220 060 083 210 116 239
0012 086 206 112 239 188 018 220 060
0013 079 209 113 239 189 020 219 060
0014 190 022 222 061 086 207 111 237
0015 189 028 224 068 080 210 115 239
0016 183 071 233 118 081 205 112 239
0017 186 089 233 135 081 204 111 239
0018 185 086 234 135 079 210 112 239
0019 186 085 233 132 083 212 116 239
0020 185 083 232 131 082 212 116 239
0021 184 082 231 130 081 208 111 239
0022 183 083 231 130 083 211 115 239
0023 184 084 230 129 081 208 113 239
0024 181 086 224 133 082 207 113 239
0025 182 086 224 135 081 206 112 239
0026 182 091 226 136 086 207 114 239
0027 085 207 113 239 184 109 223 158
0028 180 137 217 192 083 211 118 239
0029 179 176 210 234 078 210 113 239
0030 172 206 207 237 078 211 112 239
0031 170 208 203 239 079 203 106 239
0032 170 213 194 239 085 204 111 235
0033 169 211 194 239 083 205 109 239
0034 083 212 120 239 167 209 200 239
0035 089 212 121 239 163 215 195 239
0036 162 215 195 239 090 210 115 239
