0000 101 212 142 239 205 202 251 239
0001 104 213 141 239
0002 104 212 140 239
0003 104 209 139 239
0004 099 209 138 239
0005 099 202 143 239 213 198 263 239
0006 104 199 141 239 218 189 268 239
0007 214 174 277 238 108 179 152 230
0008 210 169 272 225 117 156 167 197
0009 208 168 267 223 126 132 182 174
0010 206 165 264 223 139 120 195 170
0011 200 170 257 219 145 135 209 174
0012 200 168 258 218 151 145 217 184
0013 198 166 255 215 153 154 210 197
0014 195 163 255 212 150 161 207 206
0015 199 164 251 214 152 157 204 207
0016 200 168 255 215 148 162 198 209
0017 197 165 249 216 154 159 203 206
0018 198 163 255 213 153 154 206 195
0019 195 168 252 217 142 137 206 173
0020 198 168 259 217 145 128 208 168
0021 197 170 259 218 143 113 200 158
0022 199 165 256 214 143 118 202 164
0023 196 170 254 217 152 141 216 181
0024 195 169 250 214 155 155 210 196
0025 201 167 253 213 155 165 209 207
0026 200 166 257 213 153 165 203 212
0027 198 170 255 218 157 169 206 211 110 164 173 217
0028 200 171 255 219 158 169 205 211
0029 199 165 250 213 155 164 201 215 117 166 173 214
0030 198 163 245 215 162 166 208 213
0031 151 164 206 212 209 168 241 225
0032 142 172 197 219 222 191 265 234
0033 130 187 178 239 221 201 264 239
0034 112 194 158 239 216 201 256 239
0035 106 205 147 239 209 200 247 239
0036 105 204 143 239 198 204 246 238
