0000 152 201 201 238 088 212 128 239
0001 152 201 200 237 089 214 127 239
0002 151 202 200 237
0003 152 203 201 239 085 210 127 239
0004 154 204 202 239 086 207 131 239
0005 154 204 202 239 091 216 131 239
0006 154 204 203 238 084 212 132 239
0007 153 200 201 238 083 218 130 239
0008 156 202 200 238 090 215 132 239
0009 154 201 198 238 088 211 128 239
0010 155 203 199 237 083 213 131 239
0011 155 202 200 237 088 216 127 239
0012 153 200 199 237 087 215 131 239
0013 153 200 200 238 087 214 126 239
0014 087 210 127 239 153 203 201 239
0015 085 187 125 238 160 194 201 234
0016 152 165 193 199 090 157 140 200
0017 116 131 186 172
0018 122 118 189 160
0019 129 113 194 156
0020 130 113 194 163 066 116 148 158
0021 129 116 196 167 082 113 138 164
0022 123 115 193 163
0023 133 114 192 163
0024 116 119 194 166
0025 122 110 188 162
0026 131 103 177 170
0027 129 107 176 167
0028 126 116 176 168
0029 120 112 180 162
0030 121 114 188 169
0031 116 116 183 167 082 118 126 161
0032 118 110 185 162
0033 117 105 187 156
0034 118 102 184 156
0035 122 105 183 160
0036 121 099 174 160
0037 125 097 177 157
0038 117 108 180 163
0039 111 107 181 154 087 121 123 167
0040 114 108 192 163 066 119 133 165
0041 114 110 183 167 084 116 122 160
0042 125 109 183 166
0043 125 110 183 166
0044 115 114 182 165 083 119 124 164
0045 114 121 175 174
0046 117 137 178 190 084 139 121 182
0047 114 162 172 213
0048 117 189 167 239
0049 090 208 136 239 140 207 184 239
0050 084 205 124 239 143 210 182 239
0051 086 210 130 239 143 211 183 239
0052 088 207 126 239 142 209 200 239
0053 140 204 193 238 090 205 128 239
0054 140 204 193 239
0055 143 212 184 239 092 211 127 239
0056 143 208 190 238
0057 145 210 185 239
0058 143 206 191 239
0059 145 209 185 239 091 207 125 239
0060 144 205 195 238 092 216 134 239
0061 145 205 195 238 089 208 129 239
