0014 130 195 166 239
0015 133 161 178 228
0016 130 127 174 201
0017 126 113 180 176
0018 125 097 188 166
0019 118 087 188 155
0020 123 083 185 153
0021 122 083 186 149
0022 117 084 188 156
0023 118 087 185 154
0024 110 087 185 148
0025 111 085 184 148
0026 112 088 184 148
0027 119 087 185 152
0028 114 086 184 152
0029 119 087 185 152
0030 118 086 185 151
0031 118 089 185 152
0032 117 084 187 146
0033 115 082 186 153
0034 114 080 177 149
0035 114 080 180 150
0036 114 083 183 147
0037 113 087 182 151
0038 120 084 185 145
0039 113 084 180 151
0040 108 086 187 149
0041 116 085 187 154
0042 124 122 176 182
0043 127 183 168 224
