0000 110 211 150 239 042 216 080 239
0001 111 207 150 239
0002 110 210 149 239
0003 111 207 151 239
0004 109 209 150 239
0005 107 207 154 239
0006 110 211 153 239
0007 122 199 168 239
0008 150 173 185 227
0009 188 153 224 210 044 219 087 239
0010 203 143 249 194
0011 231 118 285 177
0012 240 105 290 178
0013 245 111 292 184
0014 244 111 295 186
0015 245 107 294 185
0016 245 107 293 182
0017 240 106 287 184
0018 227 117 275 178
0019 187 124 234 177
0020 140 138 193 185
0021 110 181 164 231 042 219 088 239
0022 099 212 154 239
0023 110 209 158 239 042 217 086 239
0024 043 219 081 239 112 206 149 239
