0000 109 193 132 229
0001 111 193 131 229
0002 186 190 202 224 111 198 131 229
0003 188 191 208 225 108 192 132 230
0004 187 185 208 219 111 193 132 230
0005 106 194 129 234
0006 107 193 129 232 169 109 209 150
0007 108 192 130 231 159 058 187 112
0008 108 195 130 232 156 043 184 095
0009 111 194 134 230 153 049 178 091
0010 107 191 130 230 150 042 180 090
0011 107 192 130 230 153 050 177 089
0012 110 193 134 230 145 044 183 092
0013 110 194 134 230 141 038 184 089
0014 147 037 181 092 110 190 134 229
0015 106 190 130 229 166 082 197 122
0016 107 189 129 228 180 135 209 166
0017 108 191 130 232 178 176 210 219
0018 184 187 203 223 106 190 129 229
0019 108 191 129 226 180 190 201 221
0020 108 190 129 224
0021 108 189 129 225
0022 108 191 130 230
0023 109 192 130 231
0024 109 192 130 231
