0001 118 219 149 239 088 184 132 222
0002 084 179 134 228 123 205 162 237
0003 090 180 139 228 134 199 168 238
0004 089 181 138 225 139 200 170 236
0005 087 180 139 226 137 198 171 239
0006 135 197 170 237 087 181 139 223
0007 142 152 182 184 090 187 136 232
0008 141 100 185 135 088 180 141 227
0009 149 067 188 117 100 180 155 221
0010 147 057 191 105 111 165 167 200
0011 132 080 187 116 119 150 178 181
0012 131 100 177 138 113 144 174 176
0013 112 144 173 178 136 111 178 140
0014 114 148 170 184 136 110 180 140
0015 089 161 146 202 146 114 187 148
0016 075 193 114 239 155 157 193 196
0017 148 180 189 237 070 204 101 235
0018 145 202 184 239 062 212 090 239
0019 145 203 184 239 063 210 092 239
0020 144 203 185 239 065 209 092 239
