0000 071 148 115 203 157 158 192 216
0001 069 149 117 202 149 150 190 214
0002 151 139 194 194 064 141 113 185
0003 062 128 119 168 141 126 197 163
0004 126 107 174 149 064 119 125 156
0005 123 100 177 148
0006 115 100 173 144 089 109 140 152
0007 103 102 172 150
0008 119 107 176 148
0009 097 105 168 148
0010 104 102 165 145
0011 105 108 174 149 054 127 104 168
0012 098 106 167 145
0013 097 103 141 143
0014 120 108 167 152 092 099 139 151
0015 103 099 162 147
0016 102 098 161 147
0017 100 102 169 144
0021 101 101 169 144
0022 111 100 166 144
0023 113 105 174 142
0024 107 100 161 141
0027 105 095 161 141
0028 114 105 163 146
0029 045 122 097 166
0030 114 104 164 146
0033 124 114 179 157
0034 113 118 177 161
0035 074 134 122 175 127 124 185 169
0036 130 140 189 185 064 143 115 186
0037 067 144 115 199 144 151 193 200
0038 063 147 109 204 139 155 186 206
0039 067 150 114 203 136 156 181 205
0040 067 149 111 203 142 157 186 205
0041 066 149 110 203 141 153 186 209
0042 064 150 113 203 152 145 193 201
0043 061 147 111 199 130 156 180 213
0044 064 151 112 205 137 155 179 208
