0000 165 077 199 124 073 121 119 160
0001 072 157 113 212 167 069 207 131
0002 166 055 210 126 071 177 111 237
0003 166 051 209 116 071 194 110 239
0004 169 045 211 109 068 198 112 239
0005 066 190 108 236 168 046 215 109
0006 168 048 213 112 067 170 108 226
0007 063 153 109 199 168 047 212 113
0008 167 044 214 107 062 129 107 165
0009 168 044 209 107 068 105 114 140
0010 161 044 208 112 063 091 121 127
0011 165 040 209 109 065 087 120 123
0012 169 036 214 109 068 080 121 122
0013 166 038 210 111 074 080 121 121
0014 165 041 211 113 075 086 132 123
0015 165 041 208 112 081 091 133 128
0016 159 039 208 107 082 089 136 126
0017 163 043 209 113 082 092 132 124
0018 165 040 209 109 085 085 134 123
0019 166 039 210 115 086 084 143 121
0020 164 038 209 113 092 090 141 122
0021 163 039 207 113 097 087 146 121
0022 162 042 205 112 098 084 151 118
0023 167 041 205 112 109 079 155 124
0024 161 041 205 115 101 082 161 117
0025 159 040 205 113 113 083 161 113
0026 161 041 203 107 113 083 171 114
0027 159 040 205 109 118 080 173 111
0028 162 041 206 108 127 080 170 110
0029 159 041 202 113 122 079 178 112
0030 165 042 204 114 122 079 177 112
0031 162 041 205 110 137 079 172 113
0032 166 044 210 110 132 078 179 112
0033 163 045 203 110 134 076 180 112
0034 164 040 205 111 135 077 179 111
0035 168 042 205 108
0036 166 039 204 109
0037 156 043 204 107
0038 161 042 204 111
0039 158 043 202 113
0040 158 039 201 116
0041 158 043 200 115
0042 162 041 203 110
0043 163 039 203 110
0044 159 041 201 111
0045 164 041 207 111
0046 168 040 208 105
0047 168 043 209 110
0048 169 042 211 110
0049 173 044 222 106
0050 163 047 230 109
0051 165 056 234 111
0052 160 053 221 109
0053 194 077 230 119 163 050 204 114
0054 192 081 234 124 162 051 206 118
0055 176 088 233 131 164 060 199 110
0056 165 110 217 145
0057 144 127 195 169
0058 168 157 198 190 119 160 167 201
0059 169 169 207 202 104 169 152 209
0060 167 179 206 219 084 187 125 236
0061 165 184 201 225 072 205 123 239
0062 165 187 200 226 065 203 115 239
0063 159 189 197 228 070 201 107 239
0064 073 205 120 239 158 190 197 229
0065 163 190 204 229 074 210 110 239
0066 162 190 199 228 077 204 112 239
0067 159 192 199 229 075 208 114 239
