0000 162 197 201 231 115 100 152 148
0001 158 199 202 233 115 096 155 148
0002 117 083 156 126 164 195 197 232
0003 159 195 196 231
0004 158 194 199 231
0005 158 198 197 234
0006 159 196 196 231 143 075 182 128
0007 154 106 208 145
0008 163 127 228 162 162 197 203 234
0009 162 194 201 232 163 131 228 168
0010 163 129 224 169 160 198 199 232
0011 158 197 200 233 157 129 210 167
0012 158 194 197 232 155 131 204 170
0013 147 141 188 186 163 194 199 231
0014 134 156 178 196 163 193 197 230
0015 113 164 160 210 162 196 193 234
0016 160 195 201 233 099 174 147 219
0017 087 182 133 226 164 196 196 232
0018 162 194 196 235 081 191 122 230
0019 071 192 109 234 158 199 197 233
0020 074 199 109 238 160 196 198 230
0021 075 201 113 239 164 197 196 231
0022 073 203 113 239 160 196 197 231
0023 076 205 115 239 163 197 196 235
0024 155 195 196 231 079 206 118 239
0025 077 208 115 239 162 195 194 233
0026 075 206 114 239 164 197 196 234
0027 075 204 114 239 163 196 200 232
0028 078 205 115 239 159 196 194 230
0029 078 205 117 239 163 196 195 231
0030 160 197 198 234 079 205 116 239
0031 160 197 197 233 079 204 116 239
0032 160 198 196 234 079 202 118 239
0033 160 197 194 232 077 206 114 235
0034 160 198 198 232 076 202 120 238
