0000 115 198 135 230 191 201 209 235
0001 117 196 139 228 191 201 210 235
0002 116 197 137 228 197 204 215 231
0003 116 199 136 229 202 199 219 235
0004 116 198 136 230
0005 115 199 136 231 234 186 255 219
0006 115 200 134 230
0007 111 200 132 230 223 104 274 137
0008 112 198 134 230 225 093 276 124
0009 112 197 133 224
0010 111 200 133 229
0011 111 199 134 229
0012 109 198 128 229 221 099 276 135
0013 108 197 128 229 213 111 267 153
0014 110 196 130 226
0015 111 196 130 227
0016 109 196 129 229
0017 109 195 129 228 220 097 277 134
0018 109 198 128 227
0019 110 197 129 227
0020 112 195 133 228
0021 114 195 133 228
0022 114 196 133 229 217 107 285 145
0023 114 197 133 229
0024 113 196 133 230
0025 115 197 133 227
0026 116 199 134 229 208 206 227 234
0027 116 198 135 230 200 200 220 230
0028 116 197 136 229 195 201 213 231
0029 116 198 136 230 191 201 211 232
0030 115 198 136 229 195 201 213 232
