0000 237 196 269 235 160 187 180 224
0001 236 195 269 235 160 187 181 225
0002 236 195 269 235 160 183 179 219
0003 235 195 268 234 159 185 179 219
0004 235 193 267 234 160 188 179 225
0005 235 193 268 234 148 188 168 224
0006 231 192 271 229 125 183 150 212
0007 231 191 272 230 097 166 124 190
0008 235 192 269 235 058 137 100 163
0009 234 192 272 230 052 119 085 138
0010 238 193 271 233 039 104 081 126
0011 234 192 273 229 040 098 083 120
0012 232 192 272 228 038 093 080 117
0013 235 192 268 232 036 089 080 115
0014 231 191 272 229 034 087 081 113
0015 232 191 272 229 033 084 078 108
0016 235 190 271 229 033 082 077 108
0017 236 192 271 229 042 098 083 121
0018 236 190 269 234 051 115 092 140
0019 234 190 270 231 069 139 102 165
0020 236 190 268 232 075 157 111 183
0021 235 191 268 233 090 172 127 205
0022 235 191 268 230 099 181 136 212
0023 235 189 269 230
0024 236 188 270 229 077 163 115 191
0025 236 188 269 229 063 141 096 164
0026 236 188 270 229 044 109 088 132
0027 235 190 269 230 034 083 075 111
0028 236 191 268 232 028 073 074 100
0029 032 068 078 098 234 189 268 231
0030 234 190 266 228 032 079 076 106
0031 234 189 266 229 034 099 080 125
0032 235 190 266 231 058 131 092 159
0033 234 192 265 230 063 144 105 175
0034 234 188 265 228 062 148 102 177
0035 236 191 268 230 062 150 100 177
0036 234 192 266 230 061 149 103 178
0037 232 190 267 230 068 149 106 179
0038 236 194 269 235 099 156 121 185
0039 233 189 268 229 132 162 152 199
0040 233 191 269 232 146 181 167 217
0041 236 195 269 233 156 183 177 221
0042 235 194 270 233 157 186 175 218
