0012 186 185 236 228
0013 195 159 243 202
0014 198 133 243 171
0015 193 116 238 155
0016 191 105 235 147
0017 182 102 237 144
0018 187 099 228 135
0019 184 094 227 134
0020 184 095 228 138
0021 184 095 227 132
0022 182 093 228 132
0023 180 095 225 137
0024 181 097 224 136
0025 177 097 232 136
0026 182 094 228 133
0027 182 093 227 133
0028 179 094 229 136
0029 183 094 227 133
0030 184 096 228 133
0031 180 099 233 138
0032 184 099 228 135
0033 184 096 228 133
0034 183 097 230 138
0035 185 100 231 142
0036 185 111 233 151
0037 178 143 232 188
0038 185 184 229 225
