0000 068 208 106 239 135 211 183 239
0001 060 206 103 239 135 211 183 239
0002 135 211 183 239 064 204 104 239
0003 065 206 107 239 135 211 183 239
0004 131 210 183 239 067 206 108 239
0005 136 211 183 239 067 207 106 239
0006 135 212 182 239 067 206 106 239
0007 135 211 182 239 068 206 107 239
0008 135 211 183 239 068 208 105 239
0009 141 208 191 239 068 209 109 239
0010 134 208 184 239 069 210 110 239
0011 138 206 178 239 069 209 110 239
0012 138 191 189 239 064 208 108 239
0013 133 188 189 239 067 209 109 239
0014 126 180 182 239 067 209 107 239
0015 121 173 181 231 067 208 105 239
0016 123 163 185 219 064 207 106 239
0017 120 162 183 216 067 209 106 239
0018 120 159 183 206 068 210 107 239
0019 114 156 185 203 064 207 106 239
0020 117 151 177 201 062 206 108 239
0021 118 148 184 195 067 206 109 239
0022 117 143 176 193 067 207 108 239
0023 116 146 176 193 067 207 109 239
0024 117 146 178 192 067 206 104 239
0025 117 146 178 192 067 206 109 239
0026 116 145 180 192 068 203 108 239
0027 115 144 181 191 068 209 108 239
0028 117 141 176 188 066 207 110 239
0029 114 144 179 187 067 208 109 239
0030 111 136 178 180 068 209 109 239
0031 115 138 179 185 069 209 110 239
0032 115 138 177 183 069 209 110 239
0033 115 140 177 185 063 209 109 239
0034 115 136 177 183 065 207 107 239
0035 114 139 178 183 060 208 107 239
0036 114 140 176 184 067 207 108 239
0037 114 139 177 183 067 206 109 239
0038 113 140 178 183 067 207 110 239
0039 112 136 178 181 067 209 108 239
0040 114 137 173 184 067 207 105 239
0041 110 130 177 180 067 205 106 239
0042 066 208 107 239 113 130 177 181
0043 112 127 177 176 061 206 105 239
0044 112 126 179 175 064 207 107 239
0045 116 126 179 175 066 204 109 239
0046 115 124 178 175 067 206 109 239
0047 112 122 177 172 065 208 107 239
0048 112 121 177 171 064 206 107 239
0049 064 207 106 239 120 119 177 172
0050 112 121 180 170 068 207 108 239
0051 113 122 180 169 068 207 109 239
0052 112 121 182 168 066 206 109 239
0053 109 121 180 169 068 208 108 239
0054 112 116 181 167 067 207 108 239
0055 108 120 180 167 064 206 109 239
0056 107 121 180 168 067 207 110 239
0057 113 116 179 167 067 209 108 239
0058 112 116 179 167 068 209 109 239
0059 113 119 179 167 068 207 109 239
0060 113 116 179 170 067 206 105 239
0061 063 205 104 239 115 117 179 170
0062 116 117 179 170 062 209 102 239
0063 114 118 179 170 069 209 109 239
0064 113 117 179 169 066 209 108 239
0065 108 120 179 167 066 206 104 239
0066 113 118 180 170 065 208 108 239
0067 113 117 180 169 067 207 104 239
0068 113 117 180 170 067 207 110 239
0069 114 121 183 168 068 207 109 239
0070 111 125 177 175 068 209 107 239
0071 111 139 178 190 068 207 107 239
0072 067 210 109 239 113 148 178 203
0073 121 178 173 239 066 206 107 239
0074 131 193 176 239 064 206 107 239
0075 067 210 109 239 139 213 184 239
