0000 145 214 175 239 235 223 262 239
0001 145 213 175 239 235 224 262 239
0002 145 211 169 236
0003 143 207 170 239 228 218 266 239
0004 145 186 172 234 220 204 259 239
0005 151 158 180 201 205 181 245 225
0006 155 143 191 179 200 166 233 206
0007 164 125 204 159 190 145 226 190
0008 169 123 213 165
0009 169 122 214 163
0010 169 120 213 165
0011 174 123 216 167
0012 172 125 216 173
0013 172 134 212 181
0014 173 133 212 179
0015 172 134 211 182
0016 168 131 211 181
0017 170 126 212 176
0018 170 126 213 176
0019 170 127 212 176
0020 167 129 212 175
0021 169 128 210 182
0022 169 136 210 182
0023 172 134 213 183
0024 172 135 209 184
0025 171 136 211 187
0026 170 134 213 181
0027 168 131 213 181
0028 168 137 212 182
0029 169 137 209 181
0030 173 135 214 183
0031 170 135 212 179
0032 170 137 216 186
0033 173 142 216 188
0034 174 145 215 191
0035 172 148 212 193
0036 173 147 218 195
0037 167 153 210 194
0038 198 179 237 218 160 164 194 208
0039 220 201 252 239 147 188 180 232
0040 238 215 269 236 144 205 166 239
0041 144 207 166 237 240 217 278 239
0042 142 206 167 237 245 222 279 239
0043 146 208 166 238 244 222 271 239
0044 147 209 168 239 238 221 269 239
0045 147 210 167 239 238 222 272 239
0046 147 210 167 239 240 222 267 239
0047 150 209 168 238 240 221 265 239
