0000 179 196 199 233 100 208 121 236
0001 101 208 121 236 177 195 199 233
0002 176 194 198 233 102 205 120 233
0003 177 187 198 225 102 205 120 233
0004 101 208 121 237 188 159 209 191
0005 200 111 233 147 099 205 120 237
0006 216 086 249 125 103 206 122 233
0007 231 079 278 122 102 207 122 233
0008 233 093 281 139 099 202 121 232
0009 229 099 280 142 103 205 122 231
0010 232 102 281 143 100 205 125 236
0011 230 102 282 143 100 208 120 235
0012 227 103 283 142 104 203 123 235
0013 228 102 284 141 102 205 121 232
0014 228 103 281 139 101 205 121 232
0015 098 206 121 239 216 099 255 139
0016 098 206 121 239 204 120 228 154
0017 103 203 123 236 193 154 214 184
0018 101 206 125 235 176 180 199 220
0019 171 187 196 226 100 207 122 236
0020 100 208 122 236 171 188 197 227
0021 100 208 122 236 173 186 197 225
0022 174 192 194 227 100 206 123 236
