0000 188 200 242 239
0001 169 202 215 239 085 206 123 237
0002 164 174 218 229 086 175 126 237
0003 165 141 216 201 081 129 131 174
0004 089 111 138 154 160 129 217 179
0005 089 106 146 155 159 111 211 165
0006 090 112 142 160 155 113 216 167
0007 090 113 142 162 154 115 205 164
0008 162 112 215 168 088 119 139 166
0009 089 115 140 167 164 113 216 168
0010 163 118 219 171 080 121 140 165
0011 163 123 219 178 085 122 142 171
0012 158 128 203 194 081 137 127 197
0013 173 180 216 236 091 169 118 205
0014 174 204 220 239 072 201 101 239 206 157 237 214
0015 209 165 237 227
0020 200 199 240 236
