0003 171 213 214 239
0004 164 133 205 196
0005 157 088 197 167
0006 150 052 193 135
0007 167 046 203 119
0008 177 051 210 125
0009 153 059 195 129
0010 148 048 186 124
0011 166 044 201 120
0012 175 049 208 123
0013 165 064 208 130
0014 142 061 186 121
0015 151 051 188 124
0016 172 052 211 117
0017 161 067 201 129
0018 150 055 187 129
0019 165 048 205 125
0020 175 053 210 129
0021 167 064 209 131
0022 151 053 190 132
0023 165 048 205 127
0024 177 054 212 129
0025 168 071 206 138
0026 156 057 191 136
0027 166 051 200 131
0028 173 063 208 141
0029 171 059 205 138
0030 171 058 206 139
0031 173 064 206 140
0032 171 060 210 140
0033 171 062 206 140
0034 175 072 212 156
0035 177 122 215 197
0036 174 209 221 239
