0000 128 210 165 236 076 205 107 235
0001 128 210 165 236 076 206 107 235
0002 127 211 165 236 076 205 106 234
0003 127 211 165 236 076 204 106 234
0004 127 210 166 236 076 205 106 234
0005 128 207 168 235 076 204 106 234
0006 129 209 168 236 076 205 107 234
0007 129 207 168 235 076 205 106 234
0008 129 199 173 234 076 205 106 235
0009 137 186 177 218 080 205 107 235
0010 146 159 188 187 080 205 107 235
0011 156 128 201 166 080 204 107 235
0012 080 205 105 234 168 102 216 142
0013 080 205 105 234 173 088 211 125
0014 175 081 221 118 080 205 105 234
0015 181 074 225 113 077 205 105 234
0016 183 066 223 101 077 206 105 234
0017 180 059 222 096 076 205 105 234
0018 176 061 222 099 076 205 105 234
0019 080 203 105 236 178 063 222 097
0020 080 203 105 236 177 063 223 098
0021 081 202 105 236 178 062 222 099
0022 176 061 222 097 081 202 105 236
0023 081 202 105 236 175 059 220 094
0024 077 205 106 235 174 057 217 093
0025 077 205 106 235 173 059 217 094
0026 172 059 218 093 076 205 105 235
0027 170 055 218 092 077 205 106 235
0028 170 056 220 094 081 206 106 235
0029 169 054 221 090 081 205 106 235
0030 171 055 220 089 080 204 106 235
0031 081 204 106 235 172 055 218 088
0032 081 204 106 235 170 056 218 086
0033 080 204 106 235 171 056 217 087
0034 080 204 106 235 174 060 216 087
0035 080 204 106 235 169 059 217 090
0036 077 206 105 235 176 062 219 095
0037 077 206 105 235 180 071 215 115
0038 077 205 105 235 181 090 212 134
0039 077 205 105 235
0040 077 205 105 235
0041 080 205 106 235 141 163 181 207
0042 076 206 106 235 140 197 170 222
0043 129 211 169 231 077 206 106 235
0044 132 212 165 237 077 206 106 235
0045 131 211 164 237 077 205 106 235
0046 132 212 163 237 080 205 106 235
