0000 191 198 214 235 099 212 125 238
0001 194 200 213 235 102 214 126 238
0002 194 200 212 230 102 214 126 238
0003 102 214 126 238 198 188 222 230
0004 098 208 124 237
0005 098 210 124 237 218 130 258 163
0006 226 082 258 131 097 209 123 237
0007 218 058 246 107 099 212 121 239
0008 210 037 248 093 097 207 119 236
0009 208 033 238 086 096 210 119 239
0010 204 031 233 081 091 207 121 238
0011 205 027 238 080 097 213 121 239
0012 221 014 254 073 099 213 122 239
0013 220 015 254 069 099 214 122 239
0014 221 017 253 072 099 213 122 239
0015 225 016 255 070 096 210 125 237
0016 225 015 255 069 099 213 123 239
0017 224 016 255 069 099 214 123 239
0018 224 013 255 070 099 214 123 239
0019 221 015 253 068 099 214 123 239
0020 221 014 253 068 099 213 123 239
0021 223 013 254 070 099 213 123 239
0022 211 040 241 094 099 213 124 239
0023 206 063 242 110 099 213 124 239
0024 202 087 239 130 098 214 122 239
0025 196 117 232 158 099 214 123 239
0026 098 212 122 238 201 159 227 192
0027 097 209 121 236 200 182 224 209
0028 194 194 219 223 098 212 122 238
0029 193 193 215 231 101 211 122 235
0030 189 195 211 234 102 210 122 235
0031 188 196 210 232 102 210 122 235
0032 101 210 122 235 187 199 210 236
0033 188 196 211 236 101 210 122 235
0034 102 210 123 235 186 196 209 235
0035 189 201 210 233 101 211 123 235
0036 187 195 210 232 100 212 124 238
0037 102 214 124 239 187 195 210 232
0038 102 214 124 239 187 196 210 232
