0000 151 218 182 239
0001 154 220 178 239
0002 150 217 182 239 056 219 079 239
0003 145 223 172 239
0004 134 212 167 239 050 210 085 239
0005 102 182 150 214 054 173 089 212
0006 090 134 149 173 056 119 116 158
0007 097 106 139 153 079 080 128 108
0008 103 091 146 148 086 067 138 092
0009 090 070 148 099 106 086 142 142
0010 089 071 147 100 109 095 137 137
0011 090 071 147 101 105 087 133 131
0012 108 089 137 136 091 072 145 101
0013 099 085 134 137 091 073 145 102
0014 108 094 138 137 097 073 140 099
0015 096 075 139 102 105 095 133 134
0016 097 076 140 100 104 091 141 142
0017 095 076 141 104 104 089 138 142
0018 095 076 142 102 107 090 141 138
0019 095 076 139 104 099 093 136 137
0020 089 075 147 106 102 089 138 140
0021 093 077 141 106 100 087 137 141
0022 090 076 148 105 103 091 137 142
0023 095 075 141 104 105 089 138 142
0024 088 075 147 103 103 086 142 142
0025 087 075 148 102 104 086 142 141
0026 089 074 148 104 106 085 144 142
0027 086 074 143 104 105 084 144 142
0028 086 075 143 103 105 086 143 142
0029 089 071 146 100 108 086 143 140
0030 090 065 148 093 111 081 143 132
0031 090 060 146 092 108 071 149 135
0032 096 062 145 093 111 078 148 136
0033 093 061 150 089 110 076 147 134
0034 093 062 150 090 110 075 147 134
0035 087 060 148 094 110 075 146 133
0036 087 061 149 093 113 075 152 135
0037 112 077 144 132 088 061 148 093
0038 087 061 148 092 109 071 149 139
0039 087 065 146 095 108 087 138 137
0040 071 088 120 114 093 136 137 164
0041 097 185 143 217 054 125 100 158
0042 108 209 152 237 055 154 091 189
0043 042 190 076 237 143 219 169 239
0044 048 220 070 239
