0000 189 223 213 239 091 223 113 239
0001 087 221 114 239 181 219 212 239
0002 184 221 206 239 092 217 116 239
0003 182 219 207 239
0005 184 222 209 239
0006 093 219 119 239 181 221 205 239
0007 110 201 142 239 169 204 195 238
0008 153 175 188 211 124 169 154 215
0009 151 153 188 184 124 152 162 189
0010 106 119 152 152 162 124 196 157
0011 073 092 110 124 204 101 236 133
0012 241 079 280 112 010 065 033 100
0013 264 070 307 102 006 077 027 103
0014 265 075 306 104
0015 261 081 299 108
0016 264 080 303 112
0017 261 087 300 109
0018 266 084 305 114
0019 267 096 297 119
0020 266 084 305 107
0021 249 028 286 060 010 011 030 031
0031 188 014 215 042
0032 065 036 100 083 201 053 226 089
0033 051 164 086 197 206 142 240 169
0034 194 205 224 239 090 223 111 239
0035 183 218 207 239
0036 185 214 208 239
0037 077 221 101 239
0038 082 221 104 239
0040 090 214 114 239
0041 193 222 214 239
0042 193 223 214 239
0043 188 222 212 239
0044 190 221 211 239
0045 190 222 210 239
0046 183 218 211 239
0047 190 221 212 239
0048 189 223 211 239 082 220 109 239
