0005 166 201 222 239
0006 157 195 239 239
0007 176 175 262 232 145 202 192 239
0008 182 168 268 222 144 198 195 239
0009 187 161 272 218 142 197 199 239
0010 188 146 273 213 141 194 194 239
0011 190 147 275 203 142 192 203 239 017 118 072 190
0012 193 136 270 203 136 194 193 239
0013 191 143 272 199 135 193 190 239
0014 188 135 279 200 129 198 191 239 018 118 071 188
0015 189 130 281 200 133 185 194 239
0016 184 131 281 198 130 195 192 239
0017 186 128 286 195 137 190 193 239
0018 188 128 279 197 130 192 190 239
0019 187 128 285 194 131 192 191 239
0020 187 130 277 196
0021 187 129 282 195 132 190 192 239
0022 186 129 278 194 133 191 190 239
0023 187 128 286 191 131 192 191 239
0024 185 127 282 193 018 114 072 183 129 193 190 239
0025 188 130 282 193 131 195 186 239
0026 188 129 274 194 130 192 184 239
0027 184 128 278 194 127 193 189 239 019 114 071 183
0028 185 129 278 196 131 193 184 239 019 115 070 181
0029 182 129 286 195 125 195 190 239
0030 181 130 277 198
0031 185 130 276 198 124 198 190 239
0032 184 147 280 200 132 192 190 239
0033 174 151 271 209 135 196 193 239
0034 173 169 267 229 141 197 194 239
0035 160 194 253 239
0036 160 200 229 239
