0000 124 186 146 218 208 187 229 224
0001 123 188 145 221 208 193 230 226
0002 124 185 146 220 202 192 223 221
0003 124 185 147 220 199 189 221 221
0004 124 186 145 220 205 188 226 222
0005 206 190 227 223 124 185 145 220
0006 203 191 223 224 125 186 147 220
0007 127 184 149 219 202 191 224 227
0008 189 179 212 213 130 182 152 216
0011 144 138 172 173
0012 139 125 175 158 191 119 228 150
0013 147 119 176 151
0014 176 098 208 132 143 102 182 136
0015 142 094 182 124 178 086 216 122
0016 180 080 212 114 144 092 182 118
0017 182 070 222 100 149 075 180 100
0018 188 061 225 083 138 058 176 089
0019 194 039 227 079 136 047 160 076
0020 203 034 235 074 123 041 147 082
0021 203 031 233 078 124 040 148 082
0022 210 034 234 075 124 039 145 077
0023 215 032 237 075 118 036 144 082
0024 118 039 142 078 213 034 237 069
0025 123 039 145 077 213 034 238 069
0026 119 035 143 079 215 033 240 074
0027 118 037 142 079 215 030 240 071
0028 215 031 240 071 117 039 141 080
0029 215 031 240 072 120 036 143 075
0030 214 032 239 074 117 039 142 079
0031 214 032 239 073 117 039 140 080
0032 213 030 240 074 118 038 141 074
0033 214 032 238 072 124 041 146 076
0034 124 039 146 076 215 034 237 077
0035 122 042 145 079 209 036 233 076
0036 131 044 155 076 202 039 236 077
0037 133 046 157 080 201 043 228 079
0038 190 049 225 086 139 049 162 081
0039 182 060 219 092 139 061 164 092
0040 172 072 212 103
0041 145 077 173 108 173 078 210 110
0042 146 084 179 114 170 094 209 121
0043 145 094 183 132 175 109 204 139
0044 146 107 181 138
0045 144 121 182 146
0046 169 136 209 169 148 138 173 159
0047 142 142 174 172
0048 144 157 171 189
0050 134 186 157 221
0051 122 185 143 221 195 188 217 216
0052 117 186 137 217 204 190 227 224
0053 111 183 134 221 215 190 235 221
0054 109 187 131 221 216 187 237 220
0055 113 187 135 222 218 186 240 220
0056 116 187 137 220 213 190 232 219
0057 206 191 227 222 118 185 142 221
