0000 208 183 241 224
0001 228 183 270 229
0002 251 188 297 233
0003 265 199 319 239
0004 270 200 319 239
0005 271 200 319 239
0006 269 198 319 239
0007 267 189 319 235 133 214 170 239
0008 134 209 180 239 256 186 313 220
0009 138 191 191 234 238 174 281 212
0010 209 151 248 210 136 173 200 208
0011 179 152 236 207 138 150 198 190
0012 141 126 220 183
0013 150 115 221 159
0014 139 099 215 150
0015 143 091 204 139
0016 144 089 200 138
0017 143 087 198 136
0018 150 084 199 133
0019 158 084 204 135
0020 156 085 198 129
0021 158 084 200 128
0022 156 084 198 128
0023 156 084 199 128
0024 156 087 215 130
0025 157 085 211 135
0026 155 087 215 131
0027 151 093 205 137
0028 142 105 192 157 172 101 209 154
0029 143 140 217 189
0030 171 184 231 230 135 188 189 218
0031 196 204 235 237 130 213 187 239
0032 200 211 234 238 125 213 171 238
0033 202 216 236 239
