0000 151 221 185 239
0001 150 221 184 239
0002 151 218 182 238
0003 148 215 185 239
0004 150 207 188 236
0005 150 185 195 233
0006 157 141 192 198
0007 156 108 203 165
0008 157 069 195 139
0009 157 050 197 121
0010 155 041 193 110
0011 152 041 189 106
0012 151 034 189 100
0013 151 036 189 101
0014 151 035 190 102
0015 152 039 191 105
0016 153 040 189 104
0017 154 040 191 105
0018 154 037 192 102
0019 155 037 192 103
0020 159 037 192 102
0021 157 040 193 105
0022 157 041 196 110
0023 157 052 195 118
0024 156 079 193 144
0025 152 125 196 181
0026 150 185 192 232
0027 149 213 185 238
