0000 105 191 134 225
0001 107 192 140 228
0002 104 190 134 224
0003 107 191 133 228
0004 107 193 132 230
0005 105 198 132 236
0006 101 205 126 235
0007 092 201 113 235
0008 065 201 101 236 187 195 211 227
0009 031 186 058 214
0012 259 122 285 143
0013 253 114 289 135
0014 253 108 294 132
0015 249 110 290 132
0016 256 109 295 132
0017 257 110 294 133
0018 251 108 291 131
0019 250 108 291 130
0020 255 111 291 131
0021 257 112 291 131
0022 257 107 294 131
0023 257 109 293 134
0024 259 113 293 136
0025 258 112 294 136
0026 256 112 293 136
0027 256 112 294 137
0028 259 126 290 150 006 110 037 141
0029 247 149 282 184
0030 235 163 262 199
0031 209 186 242 218 064 182 088 217
0032 188 195 212 229 092 194 114 226
0033 104 194 128 235
0034 107 193 129 229 176 201 193 230
0035 114 188 139 223 178 203 194 233
